    65    65     1
     0.94908   -0.0273714  -0.00283034   -0.0341428   -0.0251391    -0.014104   -0.0360012   -0.0238049   -0.0168867  -0.00189187   -0.0427362   -0.0215797   -0.0040289 -0.000247255    -0.110788   -0.0385297   0.00422246   -0.0325318   -0.0279585   -0.0197088   0.00336582   0.00550588  -0.00599142  -0.00977969    0.0170536    -0.091971   -0.0337777    0.0120893   -0.0492473  -0.00130026  -0.00174933  0.000533341  -0.00141894  -0.00179661  5.92229e-05  -0.00138697  -0.00181802 -0.000330991  -0.00100525  -0.00143167   -0.0018497   -0.0009077  -0.00126838 -0.000875642  -0.00158229   0.00156967  0.000345669  -0.00141867  -0.00183844 -0.000998318  -0.00121064 -0.000983721  -0.00115357 -0.000817179  -0.00106405  -0.00168958     0.001344   1.7826e-05   0.00129926   0.00190037  -0.00500622    0.0022778  -0.00720684  -0.00414017   -0.0002188
  -0.0273714     0.973425  0.000724704   -0.0274768   -0.0271713    -0.003039   -0.0265199   -0.0257195  -0.00646095    0.0105726   -0.0320768   -0.0236301  -0.00158137    0.0164764   -0.0184748   -0.0221131 -0.000640261   0.00149894   -0.0248823   -0.0230438   0.00506428    0.0101581  -0.00657981    -0.012609    0.0178085   -0.0230598   -0.0241353   0.00327932    0.0081982  -0.00166451  -0.00202248 -0.000452089  -0.00168379  -0.00204966 -0.000518808  -0.00160731  -0.00206907 -0.000489513  -0.00105506  -0.00164145  -0.00210695 -0.000701464  -0.00118673  -0.00145074  -0.00192589 -0.000419194 -0.000597063  -0.00162359  -0.00211017 -0.000785596  -0.00112894  -0.00114112  -0.00136025 -0.000777616  -0.00154598  -0.00199466 -0.000280575 -0.000836406   0.00224318  -0.00381647  -0.00934158  -0.00156713  -0.00916776  -0.00481104  -0.00514923
 -0.00283034  0.000724704     0.998972  0.000163148   0.00105061  -0.00192972  4.22828e-05   0.00100846  -0.00207732  -0.00214354  0.000906625  0.000934462 -0.000536715   -0.0032377   -0.0156159   -0.0023753   0.00159052  -0.00504297   0.00150054    0.0012929 -0.000686076  -0.00138733  9.89197e-05  0.000683083  -0.00135807   -0.0105993 -0.000901407   0.00154902  -0.00965134  0.000124248  0.000109325  0.000183423  0.000106005  0.000109319  0.000120493  9.08177e-05  0.000111085  4.84716e-05  6.48112e-05  8.75972e-05  0.000113699 -4.78186e-07  3.65133e-05  0.000188113  0.000120338  0.000442621  0.000314172  8.67881e-05  0.000113962  1.16272e-05  4.72177e-05   6.0524e-05  7.19879e-05  3.69118e-05   0.00015379  0.000113106  0.000321834  0.000268069   0.00100775   0.00307717   0.00305456   0.00204338   0.00109365  0.000246228   0.00215949
  -0.0341428   -0.0274768  0.000163148     0.958461   -0.0293232   0.00464146   -0.0615757   -0.0304792    0.0196639   -0.0153349   -0.0781856   -0.0287764    0.0103651   -0.0295423   -0.0233471   -0.0223093  -0.00561821  -0.00766404   -0.0478797      -0.0251  -0.00276912   -0.0111889   -0.0123936   -0.0122655   0.00722653      -0.0285   -0.0244773  -0.00566486  0.000579698   -0.0017063   -0.0020732 -0.000121798  -0.00165004  -0.00208353 -3.74052e-05  -0.00148944  -0.00207597 -2.00745e-05 -0.000837106  -0.00150943  -0.00210099 -0.000491125 -0.000932743  -0.00152507  -0.00199363 -0.000598623 -0.000799995  -0.00153786  -0.00209476 -0.000824771  -0.00111179  -0.00109243  -0.00131624 -0.000821321   -0.0016068  -0.00205507 -0.000214316  -0.00103792  -0.00236805   0.00255367  -0.00421412   0.00153845    -0.014794  -0.00992565  -0.00234709
  -0.0251391   -0.0271713   0.00105061   -0.0293232     0.971357  0.000135083    -0.031435    -0.027593 -0.000314507   0.00829132   -0.0382979   -0.0255739  0.000853696    0.0113456  -0.00461485   -0.0201869  -0.00230994   0.00531471   -0.0283494   -0.0245127   0.00392101   0.00704827  -0.00804298   -0.0134318    0.0159446   -0.0129872   -0.0232099  0.000187509    0.0163389  -0.00177333  -0.00212903  -0.00056775   -0.0017599  -0.00214826 -0.000535549  -0.00166167  -0.00216173 -0.000438087  -0.00103633  -0.00169335  -0.00219857 -0.000635183  -0.00114687  -0.00160873  -0.00204893 -0.000812223 -0.000819743  -0.00168156  -0.00220353 -0.000756992  -0.00112075  -0.00118768  -0.00142381  -0.00078329  -0.00168316  -0.00210987 -0.000558281  -0.00103817   0.00140194  -0.00228214  -0.00834799 -0.000590867   -0.0103306  -0.00596691  -0.00461056
   -0.014104    -0.003039  -0.00192972   0.00464146  0.000135083     0.981236    0.0231127   0.00276604   -0.0308294    0.0261708    0.0330991   0.00389238  -0.00557398     0.044673   -0.0617384    -0.013655   0.00871205    -0.013763    0.0204177   0.00220903    0.0163011    0.0335217   0.00968019   0.00129178    0.0267986   -0.0457307  -0.00920885    0.0173889    -0.029399 -9.32086e-06  -7.5884e-05 -2.44837e-05 -0.000157849 -0.000110083 -0.000566576 -0.000256127 -0.000137947   -0.0011556 -0.000744463 -0.000301821 -0.000149757  -0.00160258   -0.0011739   0.00023815 -6.47463e-07    0.0012196  0.000663447 -0.000240343 -0.000135419  -0.00105236 -0.000758861 -0.000123653  -7.2688e-05 -0.000372242  0.000136374 -4.12736e-05  0.000749007  0.000503034   0.00406005 -0.000242774  -0.00125869  0.000941723   0.00491167   0.00544931   0.00168447
  -0.0360012   -0.0265199  4.22828e-05   -0.0615757    -0.031435    0.0231127     0.879835   -0.0374802    0.0683302   -0.0656038    -0.157499   -0.0370414    0.0297694    -0.118684  -0.00413131    -0.016258   -0.0151196    -0.013313   -0.0879805   -0.0284239   -0.0233033   -0.0594436   -0.0258024   -0.0125657   -0.0241439   -0.0157511   -0.0202987   -0.0250742   0.00231673  -0.00160908  -0.00198312  0.000532387  -0.00137226  -0.00195185   0.00112446   -0.0010464  -0.00189258   0.00156158  0.000200281  -0.00102024  -0.00189558   0.00110533  0.000501568  -0.00156494  -0.00195496  -0.00103788  -0.00108422  -0.00118058  -0.00189833  -2.5736e-05 -0.000417615 -0.000903333  -0.00116975 -0.000546626  -0.00160363  -0.00199271  -0.00020946  -0.00125847  -0.00652094   0.00981782   0.00274414   0.00447408   -0.0245475   -0.0188786  6.96558e-05
  -0.0238049   -0.0257195   0.00100846   -0.0304792    -0.027593   0.00276604   -0.0374802     0.972754   0.00654003   0.00173289   -0.0465679   -0.0254767   0.00358336 -0.000362345 -0.000268372   -0.0181321  -0.00352388   0.00489201   -0.0320575   -0.0237941   0.00126864  0.000774778  -0.00932912    -0.012837    0.0114396  -0.00947214    -0.021363  -0.00255544    0.0167996  -0.00168924  -0.00202724 -0.000483524  -0.00165191  -0.00203963 -0.000384652  -0.00153729  -0.00204558 -0.000246773 -0.000876012  -0.00156243  -0.00207781 -0.000443153 -0.000941724  -0.00155177  -0.00195896  -0.00087491  -0.00083667  -0.00156612  -0.00208335 -0.000646409  -0.00099886  -0.00111335  -0.00134387 -0.000721525  -0.00161635   -0.0020133 -0.000568427  -0.00103766  0.000672992 -0.000664768  -0.00659344  0.000213171   -0.0109936  -0.00683441  -0.00371956
  -0.0168867  -0.00646095  -0.00207732    0.0196639 -0.000314507   -0.0308294    0.0683302   0.00654003     0.900083    0.0332053    0.0859888   0.00821205   -0.0536583    0.0832708   -0.0872985    -0.022278    0.0148899   -0.0149581    0.0374558   0.00185903   0.00829612    0.0277809   0.00853782  -0.00080294    0.0163284   -0.0645343   -0.0158844    0.0295567   -0.0391564 -0.000314974 -0.000424931  -0.00011247 -0.000560778 -0.000493362 -0.000543787 -0.000628206 -0.000546015  -5.8594e-05 -0.000540627 -0.000579594 -0.000559117   0.00097134 -0.000124124  0.000113048 -0.000286232   0.00164743  0.000902941 -0.000473161 -0.000533508  0.000971621  0.000164897  -0.00029531 -0.000341727  0.000130302 -5.87795e-05 -0.000360183  0.000895782  0.000622057  2.58493e-05  -0.00379522   -0.0056069   0.00277365    0.0205254    0.0129042   0.00213398
 -0.00189187    0.0105726  -0.00214354   -0.0153349   0.00829132    0.0261708   -0.0656038   0.00173289    0.0332053     0.890157   -0.0970747  -0.00167076   -0.0113381    -0.164452   -0.0134261   0.00698315   -0.0115918    -0.027249   -0.0561121   0.00385561   -0.0594466    -0.120341   -0.0285479   0.00277496   -0.0944817  -0.00817021   0.00901756   -0.0277798   -0.0342842  0.000963153  0.000998132   0.00217745   0.00120593   0.00105699   0.00322743   0.00148155   0.00114136   0.00507763   0.00318091   0.00167787   0.00120031   0.00675288   0.00496821  0.000772972  0.000933821   0.00082434  0.000450589   0.00143124   0.00118045   0.00445611   0.00321982  0.000854905  0.000764984   0.00162756  0.000820981  0.000967666   0.00123499  0.000632859   -0.0144896    0.0108153    0.0126979   0.00639222  -0.00166534    -0.010384   0.00623007
  -0.0427362   -0.0320768  0.000906625   -0.0781856   -0.0382979    0.0330991    -0.157499   -0.0465679    0.0859888   -0.0970747     0.788896   -0.0464147     0.032889    -0.168845   0.00596052   -0.0167486   -0.0213887   -0.0153564     -0.11968   -0.0356858    -0.038067   -0.0918417    -0.036273   -0.0155125   -0.0429104   -0.0122424   -0.0230497   -0.0355965    0.0067176  -0.00199474  -0.00243003  0.000768848  -0.00165028  -0.00238726   0.00176318  -0.00115654  -0.00230185   0.00283521  0.000742039  -0.00107082  -0.00229706   0.00275318   0.00157246  -0.00196312  -0.00240206  -0.00154094  -0.00149877  -0.00132003  -0.00229889   0.00085301  1.92979e-05  -0.00104358  -0.00139963 -0.000443331  -0.00199943  -0.00244351 -0.000387474   -0.0017098   -0.0112898   0.00936069   0.00168604   0.00385976   -0.0299735   -0.0237743  -0.00132076
  -0.0215797   -0.0236301  0.000934462   -0.0287764   -0.0255739   0.00389238   -0.0370414   -0.0254767   0.00821205  -0.00167076   -0.0464147     0.975983    0.0035372  -0.00584298   0.00130027   -0.0164291  -0.00373845   0.00450154   -0.0316963   -0.0223115 -0.000993594  -0.00341013  -0.00982046    -0.012134   0.00721819  -0.00749868   -0.0194672  -0.00361774    0.0156914  -0.00153075  -0.00184528 -0.000382042   -0.0014849  -0.00185392 -0.000245212  -0.00137172  -0.00185693 -4.78756e-05  -0.00068034  -0.00139027  -0.00188579 -0.000165126 -0.000680412  -0.00141802  -0.00178571 -0.000801576 -0.000761817  -0.00140487  -0.00189447 -0.000437071 -0.000803159  -0.00100684   -0.0012263 -0.000607757  -0.00147408  -0.00183431 -0.000501747 -0.000935656 -0.000921129  -0.00131026  -0.00630552 -0.000457972   -0.0105863  -0.00674833  -0.00387961
  -0.0040289  -0.00158137 -0.000536715    0.0103651  0.000853696  -0.00557398    0.0297694   0.00358336   -0.0536583   -0.0113381     0.032889    0.0035372     0.953736   0.00829437    -0.029426  -0.00754017   0.00338998  -0.00760722   0.00580949  0.000259184   -0.0176118   -0.0249655   -0.0060095  -0.00162389   -0.0263755   -0.0216698  -0.00519432   0.00602223   -0.0177794  -3.4046e-05 -8.63186e-05  0.000482183 -0.000103624 -0.000110164  0.000658804 -8.33959e-05 -0.000126167   0.00171474  0.000604986  1.08796e-05 -0.000122762   0.00313081   0.00148277  6.86187e-05 -3.83064e-05  0.000778555  0.000366948  3.43319e-05 -0.000120043   0.00237548   0.00127107 -8.41489e-07 -9.64803e-05  0.000702884  2.54031e-05 -6.33528e-05  0.000587546  0.000338756 -0.000910375  -0.00365713  -0.00390597  0.000488058    0.0111254   0.00319945  -0.00116679
-0.000247255    0.0164764   -0.0032377   -0.0295423    0.0113456     0.044673    -0.118684 -0.000362345    0.0832708    -0.164452    -0.168845  -0.00584298   0.00829437     0.736009  -0.00349828    0.0141333   -0.0195262   -0.0369453    -0.090247   0.00451823    -0.085822    -0.176513   -0.0431217   0.00357234    -0.136315  0.000434023    0.0160982   -0.0469341   -0.0426077   0.00162436   0.00166675   0.00333867   0.00204994   0.00177581   0.00490287   0.00244459   0.00191411   0.00724009   0.00489011   0.00268506   0.00199811   0.00910387   0.00720182   0.00123163   0.00153685   0.00113092  0.000662275   0.00226041    0.0019457   0.00579625    0.0044763   0.00134511   0.00124374   0.00221448   0.00133634   0.00160333   0.00184113   0.00100855  -0.00849769    0.0170137    0.0219798   0.00786468  -0.00803199   -0.0172822    0.0104617
   -0.110788   -0.0184748   -0.0156159   -0.0233471  -0.00461485   -0.0617384  -0.00413131 -0.000268372   -0.0872985   -0.0134261   0.00596052   0.00130027    -0.029426  -0.00349828       0.5649   -0.0906347    0.0365331    -0.132933   0.00795296   0.00249784 -0.000118136    0.0080902    0.0040306   0.00177326   0.00827076    -0.322421    -0.059213     0.058076    -0.246343   0.00117625  0.000380052   0.00444472  0.000529821  0.000244063   0.00224029  0.000153568  0.000172722  0.000505433  8.31855e-05  4.01354e-05  0.000145333 -0.000592989 -0.000507527   0.00256886   0.00085831    0.0111347   0.00579875  4.48742e-05  0.000141779   -0.0005364 -0.000332107  5.09586e-05  9.49786e-05 -0.000144166   0.00190155  0.000579757    0.0084927   0.00510768  -0.00217993  0.000416444  -0.00396135   0.00153735   0.00288066   0.00352446   0.00264696
  -0.0385297   -0.0221131   -0.0023753   -0.0223093   -0.0201869    -0.013655    -0.016258   -0.0181321    -0.022278   0.00698315   -0.0167486   -0.0164291  -0.00754017    0.0141333   -0.0906347     0.967552   0.00587949   -0.0232673   -0.0136674   -0.0159644   0.00354417   0.00936657   -0.0039822  -0.00903716    0.0135703   -0.0736634    -0.027963     0.012992   -0.0387155 -0.000959983  -0.00135603  0.000475755  -0.00108219  -0.00139698   4.4607e-05  -0.00110717   -0.0014247 -0.000230943 -0.000687668  -0.00115511  -0.00145754 -0.000535086 -0.000884951 -0.000629234  -0.00121441   0.00159107  0.000496723  -0.00114042  -0.00146537 -0.000578163 -0.000798519 -0.000802541 -0.000956209 -0.000534953 -0.000784183  -0.00130581   0.00126766  0.000270178  0.000685737  -0.00260907  -0.00762172 -0.000626535  -0.00546213  -0.00256931  -0.00289798
  0.00422246 -0.000640261   0.00159052  -0.00561821  -0.00230994   0.00871205   -0.0151196  -0.00352388    0.0148899   -0.0115918   -0.0213887  -0.00373845   0.00338998   -0.0195262    0.0365331   0.00587949     0.990308   0.00134916   -0.0133433  -0.00280191   -0.0053266   -0.0129711  -0.00430077  -0.00102438     -0.00698    0.0233146   0.00290546   -0.0106827    0.0146877 -0.000307198 -0.000210622 -0.000301641 -0.000170243 -0.000188613  5.55797e-05 -8.01452e-05  -0.00017245  0.000319891  6.76254e-05 -5.47293e-05 -0.000166024  0.000422576  0.000222995  -0.00071076 -0.000304433  -0.00191183  -0.00145245  -7.2312e-05 -0.000159851  0.000207219   7.4562e-05 -5.87877e-05 -8.68099e-05 -2.67151e-06 -0.000507529 -0.000247768  -0.00115886  -0.00116025  -0.00477317   0.00157138  0.000108122  0.000949787  -0.00180661  -0.00238619   0.00109014
  -0.0325318   0.00149894  -0.00504297  -0.00766404   0.00531471    -0.013763    -0.013313   0.00489201   -0.0149581    -0.027249   -0.0153564   0.00450154  -0.00760722   -0.0369453    -0.132933   -0.0232673   0.00134916     0.939996  -0.00524405   0.00638226  -0.00980494   -0.0193276  -0.00193575   0.00437088   -0.0136026    -0.100635   -0.0126156   0.00856927   -0.0926989  0.000707115  0.000646285   0.00170116  0.000644006  0.000632738    0.0012874  0.000582855  0.000634797  0.000896502  0.000563486  0.000584368  0.000648716  0.000644551  0.000593128  0.000557894  0.000665009   0.00208572  0.000430189  0.000551891  0.000658677  0.000372806  0.000407026  0.000384285  0.000449498  0.000234138  0.000644146  0.000662467   0.00207586  0.000730808  -0.00590212   0.00694378   0.00361942   0.00526049   0.00384945  0.000745835   0.00732456
  -0.0279585   -0.0248823   0.00150054   -0.0478797   -0.0283494    0.0204177   -0.0879805   -0.0320575    0.0374558   -0.0561121     -0.11968   -0.0316963   0.00580949    -0.090247   0.00795296   -0.0136674   -0.0133433  -0.00524405     0.924022   -0.0267418   -0.0281204    -0.061868   -0.0257459   -0.0130025   -0.0324413  -0.00628689   -0.0185272   -0.0209094    0.0100618  -0.00156335  -0.00188632  0.000399565  -0.00137463  -0.00187362   0.00108226  -0.00106993  -0.00183598   0.00206909  0.000352142 -0.000998488   -0.0018429   0.00249612   0.00106736  -0.00152381  -0.00184665   -0.0010991  -0.00109101  -0.00111898  -0.00184636   0.00119735   0.00021708 -0.000858706  -0.00115115 -0.000161596  -0.00155166   -0.0018854 -0.000358497  -0.00123317  -0.00893788  -0.00114194  -0.00524206  -0.00217115   -0.0192307   -0.0163302  -0.00629366
  -0.0197088   -0.0230438    0.0012929      -0.0251   -0.0245127   0.00220903   -0.0284239   -0.0237941   0.00185903   0.00385561   -0.0356858   -0.0223115  0.000259184   0.00451823   0.00249784   -0.0159644  -0.00280191   0.00638226   -0.0267418      0.97844   0.00040039   0.00099764  -0.00839093   -0.0120116   0.00921191  -0.00639071   -0.0190687  -0.00157427    0.0169302   -0.0014821  -0.00178309 -0.000436687  -0.00145537  -0.00179762 -0.000333049  -0.00136085   -0.0018083  -0.00011033 -0.000698318  -0.00137924  -0.00184019 -0.000135471 -0.000677718  -0.00136922  -0.00171916 -0.000748666  -0.00072194  -0.00138548  -0.00185077 -0.000376091 -0.000769863 -0.000990106   -0.0012029 -0.000579157  -0.00142326  -0.00176851 -0.000500937 -0.000884894  -0.00130815  -0.00526823  -0.00923275  -0.00302287  -0.00946175  -0.00537716   -0.0059724
  0.00336582   0.00506428 -0.000686076  -0.00276912   0.00392101    0.0163011   -0.0233033   0.00126864   0.00829612   -0.0594466    -0.038067 -0.000993594   -0.0176118    -0.085822 -0.000118136   0.00354417   -0.0053266  -0.00980494   -0.0281204   0.00040039     0.954985   -0.0808362   -0.0209745  -0.00159665   -0.0725286    0.0018384    0.0044196   -0.0150173   -0.0144015  0.000732113  0.000678968   0.00167306  0.000856793  0.000709306   0.00236513  0.000954534  0.000740488   0.00383713   0.00246081   0.00107481  0.000760083    0.0055313   0.00384242   0.00054997  0.000647496   0.00103386  0.000577683  0.000912093  0.000710869   0.00388038   0.00266988  0.000514014  0.000394957   0.00138349  0.000591386  0.000662277   0.00116206   0.00079042   0.00967878   -0.0047725  -0.00188037  -0.00361278  -0.00299108  -0.00738627  -0.00483845
  0.00550588    0.0101581  -0.00138733   -0.0111889   0.00704827    0.0335217   -0.0594436  0.000774778    0.0277809    -0.120341   -0.0918417  -0.00341013   -0.0249655    -0.176513    0.0080902   0.00936657   -0.0129711   -0.0193276    -0.061868   0.00099764   -0.0808362      0.84612   -0.0394053  -0.00128513    -0.131334    0.0087895    0.0102328   -0.0327111   -0.0236847   0.00114449   0.00110209   0.00280717   0.00142776   0.00117033   0.00419844   0.00168482   0.00125007    0.0068253   0.00424239   0.00191874   0.00130145   0.00962962   0.00663446  0.000812518   0.00102405   0.00115037  0.000643765   0.00163445   0.00123681   0.00673421   0.00464493  0.000932036  0.000723962   0.00241893  0.000897343   0.00106219   0.00159906  0.000980638   0.00237388   0.00244908   0.00585776  0.000259596  -0.00725028   -0.0171632  -0.00256692
 -0.00599142  -0.00657981  9.89197e-05   -0.0123936  -0.00804298   0.00968019   -0.0258024  -0.00932912   0.00853782   -0.0285479    -0.036273  -0.00982046   -0.0060095   -0.0431217    0.0040306   -0.0039822  -0.00430077  -0.00193575   -0.0257459  -0.00839093   -0.0209745   -0.0394053     0.985731   -0.0054779   -0.0319722  0.000552748  -0.00497088  -0.00898672   0.00121253 -0.000246665 -0.000388543  0.000630995  -0.00016207 -0.000375334   0.00102565 -7.06078e-05 -0.000360116   0.00178568  0.000897555 -2.22973e-05 -0.000361282   0.00250113   0.00152265 -0.000310456 -0.000386184  9.40374e-05 -8.14479e-05 -0.000103029 -0.000387947   0.00163598    0.0009579 -0.000139773 -0.000281826  0.000435687 -0.000302592 -0.000394724  0.000300754 -3.17045e-05   0.00841288  -0.00105884  -0.00145371 -0.000911713  -0.00459384  -0.00596679  -0.00215543
 -0.00977969    -0.012609  0.000683083   -0.0122655   -0.0134318   0.00129178   -0.0125657    -0.012837  -0.00080294   0.00277496   -0.0155125    -0.012134  -0.00162389   0.00357234   0.00177326  -0.00903716  -0.00102438   0.00437088   -0.0130025   -0.0120116  -0.00159665  -0.00128513   -0.0054779     0.992757   0.00139783  -0.00274493   -0.0105828 -0.000504615   0.00952927 -0.000741669 -0.000926357 -0.000120358 -0.000728628 -0.000933602 -5.00767e-05 -0.000694227  -0.00094251  0.000139938 -0.000209046 -0.000706314 -0.000963076  0.000242531 -0.000140788 -0.000702228 -0.000891482 -0.000235104 -0.000290771 -0.000718317 -0.000979645  3.97389e-05 -0.000236347 -0.000525703 -0.000655734 -0.000211041 -0.000727774 -0.000919083 -0.000135402 -0.000348208   0.00305353  -0.00477671  -0.00651387   -0.0029148  -0.00540723   -0.0030781  -0.00455901
   0.0170536    0.0178085  -0.00135807   0.00722653    0.0159446    0.0267986   -0.0241439    0.0114396    0.0163284   -0.0944817   -0.0429104   0.00721819   -0.0263755    -0.136315   0.00827076    0.0135703     -0.00698   -0.0136026   -0.0324413   0.00921191   -0.0725286    -0.131334   -0.0319722   0.00139783     0.869876    0.0137066    0.0158615   -0.0236823   -0.0236206    0.0019225   0.00190715   0.00314808   0.00212033   0.00196824   0.00423027   0.00218824   0.00201811   0.00649633   0.00452034   0.00237012   0.00205501   0.00927093   0.00668935   0.00150854     0.001822   0.00226137   0.00139854   0.00211229   0.00195633   0.00679997   0.00499154   0.00126655    0.0011202   0.00276219    0.0016151    0.0018679   0.00233218   0.00189167    0.0290048   -0.0100959  -0.00545496  -0.00792592  -0.00996501    -0.015624   -0.0130713
   -0.091971   -0.0230598   -0.0105993      -0.0285   -0.0129872   -0.0457307   -0.0157511  -0.00947214   -0.0645343  -0.00817021   -0.0122424  -0.00749868   -0.0216698  0.000434023    -0.322421   -0.0736634    0.0233146    -0.100635  -0.00628689  -0.00639071    0.0018384    0.0087895  0.000552748  -0.00274493    0.0137066     0.755543   -0.0518806    0.0419815    -0.179013  0.000187138 -0.000477016   0.00301969 -0.000261674 -0.000585277   0.00142719 -0.000485572 -0.000642981  0.000166075 -0.000400772 -0.000574045 -0.000674649 -0.000760755 -0.000875242   0.00113173 -0.000120227    0.0074144   0.00347256 -0.000563029 -0.000670116 -0.000769779 -0.000739258 -0.000374107 -0.000411173 -0.000449022  0.000693162  -0.00032915   0.00579985    0.0030088  -0.00182875  -0.00114205  -0.00696564  0.000598918 -0.000439397   0.00126595   0.00101937
  -0.0337777   -0.0241353 -0.000901407   -0.0244773   -0.0232099  -0.00920885   -0.0202987    -0.021363   -0.0158844   0.00901756   -0.0230497   -0.0194672  -0.00519432    0.0160982    -0.059213    -0.027963   0.00290546   -0.0126156   -0.0185272   -0.0190687    0.0044196    0.0102328  -0.00497088   -0.0105828    0.0158615   -0.0518806     0.973613   0.00892547   -0.0183821  -0.00127247  -0.00164947   6.5999e-05   -0.0013508  -0.00168569 -0.000210807  -0.00133195  -0.00171104 -0.000354464 -0.000860959   -0.0013738  -0.00174673 -0.000617046  -0.00102905  -0.00100114  -0.00152741  0.000692211 -1.33047e-05    -0.001357  -0.00175228 -0.000676928 -0.000953349 -0.000953363  -0.00113495 -0.000647557  -0.00112475  -0.00160847   0.00058214 -0.000235996   0.00130929  -0.00385972  -0.00902308  -0.00152256  -0.00706131  -0.00341916  -0.00424297
   0.0120893   0.00327932   0.00154902  -0.00566486  0.000187509    0.0173889   -0.0250742  -0.00255544    0.0295567   -0.0277798   -0.0355965  -0.00361774   0.00602223   -0.0469341     0.058076     0.012992   -0.0106827   0.00856927   -0.0209094  -0.00157427   -0.0150173   -0.0327111  -0.00898672 -0.000504615   -0.0236823    0.0419815   0.00892547     0.981957    0.0247579 -6.71476e-05  4.88447e-05 -0.000115068  0.000111524  8.81243e-05  0.000468026  0.000236459  0.000122055   0.00102755  0.000622832  0.000287921  0.000139175    0.0013919   0.00102366  -0.00040117 -5.37126e-05  -0.00175991  -0.00105309  0.000231314  0.000136125  0.000877744  0.000626647  0.000127009  9.15159e-05  0.000292688 -0.000250494  4.24607e-06  -0.00108755 -0.000846793  -0.00728729   0.00435525   0.00481706   0.00200505  -0.00266588  -0.00447813   0.00205507
  -0.0492473    0.0081982  -0.00965134  0.000579698    0.0163389    -0.029399   0.00231673    0.0167996   -0.0391564   -0.0342842    0.0067176    0.0156914   -0.0177794   -0.0426077    -0.246343   -0.0387155    0.0146877   -0.0926989    0.0100618    0.0169302   -0.0144015   -0.0236847   0.00121253   0.00952927   -0.0236206    -0.179013   -0.0183821    0.0247579     0.837096    0.0019062   0.00173195   0.00330802   0.00163657   0.00168676   0.00228881   0.00140444   0.00166968   0.00149393   0.00127646   0.00138556   0.00168633   0.00120098   0.00126818   0.00219637   0.00187606   0.00606988   0.00294393   0.00133739   0.00168005  0.000906332   0.00106887  0.000925673   0.00108086  0.000689962   0.00205399   0.00180395   0.00497666   0.00304404  -0.00883319   0.00345972   0.00365902   0.00229382   0.00739876    0.0033149    0.0063299
 -0.00130026  -0.00166451  0.000124248   -0.0017063  -0.00177333 -9.32086e-06  -0.00160908  -0.00168924 -0.000314974  0.000963153  -0.00199474  -0.00153075  -3.4046e-05   0.00162436   0.00117625 -0.000959983 -0.000307198  0.000707115  -0.00156335   -0.0014821  0.000732113   0.00114449 -0.000246665 -0.000741669    0.0019225  0.000187138  -0.00127247 -6.71476e-05    0.0019062    0.0225153 -0.000154758 -9.11936e-05 -0.000136913 -0.000155935 -8.38887e-05 -0.000126509 -0.000156413 -7.69115e-05 -0.000108304 -0.000127213 -0.000158168 -9.33801e-05 -0.000119689 -0.000131349 -0.000151474  -0.00014312 -0.000104873 -0.000123253  -0.00015624 -8.45923e-05  -0.00010496 -8.44816e-05 -9.81197e-05 -6.87131e-05 -0.000133311 -0.000154112 -0.000109762 -0.000120914  -0.00102139  0.000509879 -3.83004e-05   0.00049002 -0.000215557 -0.000150734  0.000241447
 -0.00174933  -0.00202248  0.000109325   -0.0020732  -0.00212903  -7.5884e-05  -0.00198312  -0.00202724 -0.000424931  0.000998132  -0.00243003  -0.00184528 -8.63186e-05   0.00166675  0.000380052  -0.00135603 -0.000210622  0.000646285  -0.00188632  -0.00178309  0.000678968   0.00110209 -0.000388543 -0.000926357   0.00190715 -0.000477016  -0.00164947  4.88447e-05   0.00173195 -0.000154758    0.0224769 -8.14123e-05 -0.000153759 -0.000179577 -7.78453e-05 -0.000143799 -0.000180471 -7.06567e-05  -0.00011138 -0.000145327 -0.000182901 -8.76023e-05 -0.000123381 -0.000140336 -0.000172121 -0.000113261 -9.01684e-05 -0.000141748 -0.000181652 -8.32716e-05  -0.00010983 -9.82208e-05 -0.000115569 -7.29257e-05 -0.000145766 -0.000176477 -8.74972e-05 -0.000110835 -0.000824562  0.000421197 -0.000217131  0.000443782  -0.00043892 -0.000286313  9.45663e-05
 0.000533341 -0.000452089  0.000183423 -0.000121798  -0.00056775 -2.44837e-05  0.000532387 -0.000483524  -0.00011247   0.00217745  0.000768848 -0.000382042  0.000482183   0.00333867   0.00444472  0.000475755 -0.000301641   0.00170116  0.000399565 -0.000436687   0.00167306   0.00280717  0.000630995 -0.000120358   0.00314808   0.00301969   6.5999e-05 -0.000115068   0.00330802 -9.11936e-05 -8.14123e-05    0.0224998 -8.77336e-05  -8.1504e-05 -0.000147686 -7.92962e-05 -8.13518e-05 -0.000161046 -0.000127371 -7.95442e-05 -8.14006e-05 -0.000193736 -0.000155744 -9.05102e-05 -8.41579e-05 -0.000224733 -0.000121515 -7.23888e-05 -7.73478e-05 -0.000143057 -0.000122462 -4.50103e-05 -4.45517e-05 -7.16043e-05 -8.77616e-05 -8.25619e-05 -0.000189635 -0.000135049  -0.00195813  0.000777323   0.00060638  0.000631315  0.000654379  0.000522794  0.000749276
 -0.00141894  -0.00168379  0.000106005  -0.00165004   -0.0017599 -0.000157849  -0.00137226  -0.00165191 -0.000560778   0.00120593  -0.00165028   -0.0014849 -0.000103624   0.00204994  0.000529821  -0.00108219 -0.000170243  0.000644006  -0.00137463  -0.00145537  0.000856793   0.00142776  -0.00016207 -0.000728628   0.00212033 -0.000261674   -0.0013508  0.000111524   0.00163657 -0.000136913 -0.000153759 -8.77336e-05    0.0225178 -0.000155434 -8.77676e-05 -0.000128276 -0.000156309 -8.81792e-05 -0.000115519 -0.000129582 -0.000158238 -0.000109206 -0.000131929 -0.000122942 -0.000148917 -0.000115675 -8.62314e-05 -0.000124767 -0.000156242  -9.4159e-05 -0.000111549 -8.50409e-05 -9.81302e-05 -7.14916e-05  -0.00012768 -0.000152457 -9.27895e-05 -0.000106239 -0.000997049  0.000455126 -8.16639e-05  0.000453069 -0.000201849  -0.00011813  0.000200796
 -0.00179661  -0.00204966  0.000109319  -0.00208353  -0.00214826 -0.000110083  -0.00195185  -0.00203963 -0.000493362   0.00105699  -0.00238726  -0.00185392 -0.000110164   0.00177581  0.000244063  -0.00139698 -0.000188613  0.000632738  -0.00187362  -0.00179762  0.000709306   0.00117033 -0.000375334 -0.000933602   0.00196824 -0.000585277  -0.00168569  8.81243e-05   0.00168676 -0.000155935 -0.000179577  -8.1504e-05 -0.000155434    0.0224734 -7.93383e-05 -0.000145664 -0.000182395 -7.31576e-05  -0.00011381 -0.000147284 -0.000184894 -9.07509e-05 -0.000126505 -0.000140358 -0.000173408 -0.000109293 -8.80685e-05 -0.000143537 -0.000183613 -8.55525e-05 -0.000112107 -9.93637e-05 -0.000116783 -7.42284e-05 -0.000146287 -0.000177983 -8.50922e-05 -0.000109537 -0.000835406  0.000394136 -0.000244633  0.000427461 -0.000437971 -0.000277816  7.80496e-05
 5.92229e-05 -0.000518808  0.000120493 -3.74052e-05 -0.000535549 -0.000566576   0.00112446 -0.000384652 -0.000543787   0.00322743   0.00176318 -0.000245212  0.000658804   0.00490287   0.00224029   4.4607e-05  5.55797e-05    0.0012874   0.00108226 -0.000333049   0.00236513   0.00419844   0.00102565 -5.00767e-05   0.00423027   0.00142719 -0.000210807  0.000468026   0.00228881 -8.38887e-05 -7.78453e-05 -0.000147686 -8.77676e-05 -7.93383e-05    0.0224857 -8.62016e-05  -8.0499e-05  -0.00022416 -0.000164167 -8.99432e-05 -8.12222e-05 -0.000292933 -0.000223544 -7.15884e-05 -7.69963e-05 -0.000154759 -8.19372e-05 -7.94386e-05 -7.68307e-05  -0.00020903 -0.000163947 -4.76283e-05 -4.39545e-05 -9.09342e-05 -7.39343e-05 -7.74046e-05 -0.000144001 -0.000101689  -0.00174283  0.000677294  0.000477097  0.000549898  0.000608661  0.000610879  0.000672194
 -0.00138697  -0.00160731  9.08177e-05  -0.00148944  -0.00166167 -0.000256127   -0.0010464  -0.00153729 -0.000628206   0.00148155  -0.00115654  -0.00137172 -8.33959e-05   0.00244459  0.000153568  -0.00110717 -8.01452e-05  0.000582855  -0.00106993  -0.00136085  0.000954534   0.00168482 -7.06078e-05 -0.000694227   0.00218824 -0.000485572  -0.00133195  0.000236459   0.00140444 -0.000126509 -0.000143799 -7.92962e-05 -0.000128276 -0.000145664 -8.62016e-05    0.0225318 -0.000146992 -9.80555e-05 -0.000116918 -0.000125461 -0.000149159 -0.000126387 -0.000142175 -0.000112341 -0.000138611 -9.25157e-05 -7.21798e-05 -0.000119763 -0.000147559 -0.000102027 -0.000112788 -8.12843e-05 -9.33545e-05 -6.98029e-05 -0.000117394 -0.000142316 -7.61296e-05 -9.07762e-05  -0.00082864  0.000335833 -0.000180763  0.000353033  -0.00028774 -0.000150907  8.14163e-05
 -0.00181802  -0.00206907  0.000111085  -0.00207597  -0.00216173 -0.000137947  -0.00189258  -0.00204558 -0.000546015   0.00114136  -0.00230185  -0.00185693 -0.000126167   0.00191411  0.000172722   -0.0014247  -0.00017245  0.000634797  -0.00183598   -0.0018083  0.000740488   0.00125007 -0.000360116  -0.00094251   0.00201811 -0.000642981  -0.00171104  0.000122055   0.00166968 -0.000156413 -0.000180471 -8.13518e-05 -0.000156309 -0.000182395  -8.0499e-05 -0.000146992    0.0224712 -7.57836e-05 -0.000115635  -0.00014882  -0.00018614 -9.42001e-05 -0.000129552 -0.000140516 -0.000174088  -0.00010643 -8.68064e-05 -0.000144882 -0.000184919 -8.76308e-05 -0.000113782 -0.000100243 -0.000117746 -7.49946e-05 -0.000146593 -0.000178784  -8.3217e-05 -0.000108328  -0.00082057  0.000349214 -0.000289134  0.000397365 -0.000453096 -0.000277644  4.32221e-05
-0.000330991 -0.000489513  4.84716e-05 -2.00745e-05 -0.000438087   -0.0011556   0.00156158 -0.000246773  -5.8594e-05   0.00507763   0.00283521 -4.78756e-05   0.00171474   0.00724009  0.000505433 -0.000230943  0.000319891  0.000896502   0.00206909  -0.00011033   0.00383713    0.0068253   0.00178568  0.000139938   0.00649633  0.000166075 -0.000354464   0.00102755   0.00149393 -7.69115e-05 -7.06567e-05 -0.000161046 -8.81792e-05 -7.31576e-05  -0.00022416 -9.80555e-05 -7.57836e-05    0.0222802  -0.00025279 -0.000109822  -7.7378e-05 -0.000541816 -0.000394471 -5.88501e-05 -6.83347e-05  -0.00012045 -6.47081e-05 -9.14288e-05 -7.18892e-05 -0.000374965 -0.000264686 -5.08526e-05 -3.94811e-05 -0.000137034 -6.30377e-05  -6.9454e-05 -0.000124134 -8.72137e-05  -0.00153969  0.000870753  0.000591748  0.000549576  0.000209956  0.000486143   0.00065833
 -0.00100525  -0.00105506  6.48112e-05 -0.000837106  -0.00103633 -0.000744463  0.000200281 -0.000876012 -0.000540627   0.00318091  0.000742039  -0.00068034  0.000604986   0.00489011  8.31855e-05 -0.000687668  6.76254e-05  0.000563486  0.000352142 -0.000698318   0.00246081   0.00424239  0.000897555 -0.000209046   0.00452034 -0.000400772 -0.000860959  0.000622832   0.00127646 -0.000108304  -0.00011138 -0.000127371 -0.000115519  -0.00011381 -0.000164167 -0.000116918 -0.000115635  -0.00025279    0.0224462 -0.000123758 -0.000117129 -0.000360262   -0.0003012  -8.9911e-05 -0.000107556 -0.000121282 -7.96385e-05 -0.000108955 -0.000112132 -0.000253581 -0.000204265  -6.6657e-05 -6.56723e-05 -0.000110332 -9.47094e-05 -0.000109887 -0.000110568 -0.000102951   -0.0013047  0.000798985  0.000375468  0.000554399  -3.0314e-05  8.67342e-05  0.000462718
 -0.00143167  -0.00164145  8.75972e-05  -0.00150943  -0.00169335 -0.000301821  -0.00102024  -0.00156243 -0.000579594   0.00167787  -0.00107082  -0.00139027  1.08796e-05   0.00268506  4.01354e-05  -0.00115511 -5.47293e-05  0.000584368 -0.000998488  -0.00137924   0.00107481   0.00191874 -2.22973e-05 -0.000706314   0.00237012 -0.000574045   -0.0013738  0.000287921   0.00138556 -0.000127213 -0.000145327 -7.95442e-05 -0.000129582 -0.000147284 -8.99432e-05 -0.000125461  -0.00014882 -0.000109822 -0.000123758    0.0225259 -0.000151192 -0.000146507 -0.000156479 -0.000112815 -0.000139926 -8.83161e-05 -7.02625e-05 -0.000122635 -0.000149716  -0.00011543 -0.000121044 -8.30569e-05 -9.49904e-05 -7.35797e-05 -0.000118026 -0.000143776 -7.32771e-05 -8.88115e-05 -0.000760677  0.000308163  -0.00021847  0.000321463 -0.000368591 -0.000186547  3.48446e-05
  -0.0018497  -0.00210695  0.000113699  -0.00210099  -0.00219857 -0.000149757  -0.00189558  -0.00207781 -0.000559117   0.00120031  -0.00229706  -0.00188579 -0.000122762   0.00199811  0.000145333  -0.00145754 -0.000166024  0.000648716   -0.0018429  -0.00184019  0.000760083   0.00130145 -0.000361282 -0.000963076   0.00205501 -0.000674649  -0.00174673  0.000139175   0.00168633 -0.000158168 -0.000182901 -8.14006e-05 -0.000158238 -0.000184894 -8.12222e-05 -0.000149159  -0.00018614  -7.7378e-05 -0.000117129 -0.000151192    0.0224659 -9.66288e-05 -0.000132011 -0.000142071 -0.000176335 -0.000105204 -8.65917e-05  -0.00014719 -0.000187731 -8.94493e-05 -0.000115532 -0.000101886 -0.000119712 -7.60095e-05 -0.000148276 -0.000181154 -8.23169e-05  -0.00010822 -0.000794314  0.000312326 -0.000330781   0.00037219 -0.000483765 -0.000289292  9.04534e-06
  -0.0009077 -0.000701464 -4.78186e-07 -0.000491125 -0.000635183  -0.00160258   0.00110533 -0.000443153   0.00097134   0.00675288   0.00275318 -0.000165126   0.00313081   0.00910387 -0.000592989 -0.000535086  0.000422576  0.000644551   0.00249612 -0.000135471    0.0055313   0.00962962   0.00250113  0.000242531   0.00927093 -0.000760755 -0.000617046    0.0013919   0.00120098 -9.33801e-05 -8.76023e-05 -0.000193736 -0.000109206 -9.07509e-05 -0.000292933 -0.000126387 -9.42001e-05 -0.000541816 -0.000360262 -0.000146507 -9.66288e-05    0.0218255   -0.0005931 -6.97852e-05 -8.43188e-05 -0.000129129 -7.46158e-05 -0.000120715 -8.94375e-05 -0.000579327  -0.00039397 -6.60285e-05 -4.79885e-05 -0.000201372 -7.53735e-05 -8.59968e-05 -0.000134893 -0.000102924   -0.0014575   0.00129354  0.000887509  0.000680744 -0.000271569  0.000308459  0.000804054
 -0.00126838  -0.00118673  3.65133e-05 -0.000932743  -0.00114687   -0.0011739  0.000501568 -0.000941724 -0.000124124   0.00496821   0.00157246 -0.000680412   0.00148277   0.00720182 -0.000507527 -0.000884951  0.000222995  0.000593128   0.00106736 -0.000677718   0.00384242   0.00663446   0.00152265 -0.000140788   0.00668935 -0.000875242  -0.00102905   0.00102366   0.00126818 -0.000119689 -0.000123381 -0.000155744 -0.000131929 -0.000126505 -0.000223544 -0.000142175 -0.000129552 -0.000394471   -0.0003012 -0.000156479 -0.000132011   -0.0005931    0.0221809 -9.73174e-05 -0.000118684 -0.000124903 -8.29627e-05  -0.00013347 -0.000126002 -0.000407415 -0.000303138 -7.92581e-05 -7.35964e-05 -0.000155743 -0.000103225 -0.000121523 -0.000119528 -0.000109918  -0.00130437   0.00103235  0.000500845   0.00057286 -0.000556705 -0.000193431  0.000396025
-0.000875642  -0.00145074  0.000188113  -0.00152507  -0.00160873   0.00023815  -0.00156494  -0.00155177  0.000113048  0.000772972  -0.00196312  -0.00141802  6.86187e-05   0.00123163   0.00256886 -0.000629234  -0.00071076  0.000557894  -0.00152381  -0.00136922   0.00054997  0.000812518 -0.000310456 -0.000702228   0.00150854   0.00113173  -0.00100114  -0.00040117   0.00219637 -0.000131349 -0.000140336 -9.05102e-05 -0.000122942 -0.000140358 -7.15884e-05 -0.000112341 -0.000140516 -5.88501e-05  -8.9911e-05 -0.000112815 -0.000142071 -6.97852e-05 -9.73174e-05    0.0225012 -0.000143072 -0.000217882 -0.000175576 -0.000109835 -0.000140721 -6.63474e-05 -8.68545e-05  -7.5919e-05 -8.90467e-05 -5.78539e-05 -0.000140651 -0.000141895 -0.000148464 -0.000164353 -0.000842979  0.000423136 -0.000203258  0.000443508 -0.000266297 -0.000206326  0.000215135
 -0.00158229  -0.00192589  0.000120338  -0.00199363  -0.00204893 -6.47463e-07  -0.00195496  -0.00195896 -0.000286232  0.000933821  -0.00240206  -0.00178571 -3.83064e-05   0.00153685   0.00085831  -0.00121441 -0.000304433  0.000665009  -0.00184665  -0.00171916  0.000647496   0.00102405 -0.000386184 -0.000891482     0.001822 -0.000120227  -0.00152741 -5.37126e-05   0.00187606 -0.000151474 -0.000172121 -8.41579e-05 -0.000148917 -0.000173408 -7.69963e-05 -0.000138611 -0.000174088 -6.83347e-05 -0.000107556 -0.000139926 -0.000176335 -8.43188e-05 -0.000118684 -0.000143072    0.0224868 -0.000133965 -0.000104862 -0.000136495  -0.00017506 -8.03389e-05 -0.000105865 -9.45868e-05 -0.000111293 -7.03884e-05 -0.000145556 -0.000171287 -0.000100283 -0.000120753 -0.000802313  0.000458027 -0.000179703  0.000466844 -0.000413845 -0.000281496  0.000132599
  0.00156967 -0.000419194  0.000442621 -0.000598623 -0.000812223    0.0012196  -0.00103788  -0.00087491   0.00164743   0.00082434  -0.00154094 -0.000801576  0.000778555   0.00113092    0.0111347   0.00159107  -0.00191183   0.00208572   -0.0010991 -0.000748666   0.00103386   0.00115037  9.40374e-05 -0.000235104   0.00226137    0.0074144  0.000692211  -0.00175991   0.00606988  -0.00014312 -0.000113261 -0.000224733 -0.000115675 -0.000109293 -0.000154759 -9.25157e-05  -0.00010643  -0.00012045 -0.000121282 -8.83161e-05 -0.000105204 -0.000129129 -0.000124903 -0.000217882 -0.000133965    0.0220728 -0.000387788 -8.27583e-05 -9.99195e-05 -0.000105421 -0.000107905 -5.32933e-05 -5.68621e-05 -6.85797e-05 -0.000177054 -0.000121479 -0.000413375 -0.000346583  -0.00264197    0.0013047  0.000816384   0.00102881  0.000595033  0.000241725   0.00114368
 0.000345669 -0.000597063  0.000314172 -0.000799995 -0.000819743  0.000663447  -0.00108422  -0.00083667  0.000902941  0.000450589  -0.00149877 -0.000761817  0.000366948  0.000662275   0.00579875  0.000496723  -0.00145245  0.000430189  -0.00109101  -0.00072194  0.000577683  0.000643765 -8.14479e-05 -0.000290771   0.00139854   0.00347256 -1.33047e-05  -0.00105309   0.00294393 -0.000104873 -9.01684e-05 -0.000121515 -8.62314e-05 -8.80685e-05 -8.19372e-05 -7.21798e-05 -8.68064e-05 -6.47081e-05 -7.96385e-05 -7.02625e-05 -8.65917e-05 -7.46158e-05 -8.29627e-05 -0.000175576 -0.000104862 -0.000387788     0.022345 -6.70673e-05 -8.35426e-05 -6.63977e-05 -7.39728e-05 -4.44063e-05  -4.9289e-05 -4.83751e-05 -0.000137255 -9.57581e-05 -0.000254019 -0.000257205  -0.00120732  0.000647734  4.32771e-05  0.000598476  0.000206171  4.94845e-05  0.000632365
