    50    50     1
    0.954426   0.00169912   0.00149084  -0.00629722    0.0300013 -0.000276622  -0.00256009   -0.0106199 -0.000434104  -0.00725053   -0.0101663  -0.00120267  0.000267447   -0.0329814   -0.0419921  -0.00244517    -0.030279  -0.00223654   -0.0307958   -0.0524662   -0.0279326  -0.00138849  -0.00245062  -0.00215839   -0.0378737   -0.0239534  -0.00615737  -0.00741245   -0.0298288  -0.00217621 -0.000406409  -0.00114072   -0.0447271 -8.35614e-05   -0.0463043 -0.000212355   0.00315499   -0.0479545  0.000445708   -0.0296786  -0.00372888  -0.00180905 -0.000593351  -0.00700683  0.000424401  -0.00485843  -0.00078793  -0.00364817  0.000660177  -0.00202224
  0.00169912     0.187644   0.00292696  -0.00354523  -0.00596114  0.000193498   -0.0304669   -0.0217408  0.000194614    -0.041649  -0.00751827  0.000370053   -0.0520804  -0.00227532    0.0032934  -0.00386868  -0.00255892 -0.000376535  -0.00427079   0.00216006  -0.00260703   0.00599333  0.000575304  -0.00686199   0.00225806  -0.00514406    0.0103532    0.0027997  -0.00520249   0.00121761  0.000580665   0.00190567    0.0103593    0.0172428   0.00618287   0.00402296   0.00487409  0.000624937  0.000632183  -0.00186296     0.010419   0.00272582  0.000259931   0.00251813  0.000500806   0.00116637  0.000672807   0.00110305   0.00359616  0.000171356
  0.00149084   0.00292696     0.995048   0.00028896   -0.0141609  0.000225308   0.00112602  0.000447437  0.000312811   0.00298759 -0.000815109  0.000108676   0.00340383   0.00272677   -0.0128073   0.00929118   -0.0009862   0.00454084   0.00228537   0.00773822  -0.00266555   -0.0100927  0.000993526    0.0184107   -0.0109117 -0.000919101   -0.0113552  -0.00427539   0.00100636  -0.00252576 -0.000212231  -0.00209526   -0.0140707   -0.0217888  -0.00551416  -0.00699118   -0.0089447   0.00668029 -0.000445592  -0.00234532   -0.0134172  0.000371991   0.00014444  0.000570243 -0.000307892    0.0020315 -0.000394682  0.000130692  -0.00112522  9.51055e-05
 -0.00629722  -0.00354523   0.00028896     0.995857 -0.000488328  0.000261042  -0.00180552   -0.0031369  0.000298902  -0.00504698  -0.00266384  0.000133839  -0.00382824  -0.00627749  -0.00962809  -0.00268248  -0.00754461 -0.000886872  -0.00735929 -0.000918838  -0.00814222   0.00122705   0.00033027  -0.00595177  -0.00643071  -0.00831805 -0.000892537   -0.0025909  -0.00762115 -3.50694e-06  5.46719e-05  -0.00102573  -0.00742818 -0.000934198  -0.00585459  0.000646901   0.00181745   -0.0042878 -1.20906e-05  -0.00790078  0.000647852   0.00143473  0.000252672  0.000621235  4.40038e-05  0.000334568 -0.000108549 -6.85179e-05  0.000784491 -0.000573932
   0.0300013  -0.00596114   -0.0141609 -0.000488328    0.0580597 -0.000342985  -0.00538313  -0.00748249  0.000163884  -0.00196263  -0.00595273  0.000344672  -0.00408875    0.0115473   -0.0237395    0.0167536  0.000214015    0.0128442   0.00969626    0.0365994   -0.0091541     0.028342  -0.00362723    0.0203115  -0.00915733  -0.00754177   -0.0297889   0.00763815   0.00659171  -0.00925037 -0.000395694  -0.00418009   -0.0182438   -0.0576745    0.0104783    0.0020424   -0.0243522       0.0411  -0.00173945  -0.00551378   -0.0141227   -0.0118494  0.000331327  0.000533753  -0.00191596 -0.000295876 -0.000786428 -0.000171687   -0.0179378 -0.000785419
-0.000276622  0.000193498  0.000225308  0.000261042 -0.000342985    0.0225112 -6.92284e-05 -2.15875e-05 -0.000168976  8.95939e-05  0.000158995 -0.000114924  0.000116695 -0.000627243   0.00279723 -3.42948e-05  -0.00012328 -0.000105554 -0.000289294  -0.00216896    0.0002794   0.00115976  3.58959e-05  3.74301e-05   0.00137125  0.000318553   0.00145944  0.000656164 -8.99651e-05   0.00014086 -6.70681e-06  9.53456e-05   0.00175211   0.00304007  5.84822e-05  0.000802704  0.000171185  -0.00115642  2.05082e-05  0.000111536   0.00149173 -0.000811812 -0.000126222 -0.000635055 -4.11052e-07 -0.000711376 -8.26118e-07 -0.000180036 -0.000378021 -3.93034e-06
 -0.00256009   -0.0304669   0.00112602  -0.00180552  -0.00538313 -6.92284e-05     0.216226   -0.0220483 -0.000132137   -0.0288093   -0.0123608 -1.32217e-05   -0.0316174  -0.00470373  -0.00146008   0.00148669  -0.00435402   0.00169681  -0.00455885  -0.00837642  -0.00395259  0.000656238  0.000719616   0.00487932  -0.00359449   -0.0043858   0.00332115    0.0015677  -0.00482867 -0.000170515  0.000244714   0.00165598 -0.000640818   0.00774219  -0.00277153  0.000920147  0.000509243  -0.00467972  0.000580578  -0.00400423    0.0035572   0.00106974  -5.9395e-05  0.000148724  0.000445733 -0.000351912  0.000439401   0.00046506   0.00258325  2.64911e-05
  -0.0106199   -0.0217408  0.000447437   -0.0031369  -0.00748249 -2.15875e-05   -0.0220483     0.205166 -0.000156744   -0.0267052   -0.0279695 -0.000172391   -0.0227052   -0.0105081   -0.0187177    0.0028186   -0.0106566   0.00148136  -0.00957514   -0.0169797   -0.0108802  -0.00297433   0.00108221   0.00704393   -0.0160072  -0.00991587  -0.00759079 -0.000658403  -0.00978957  -0.00145374 -3.89967e-05  0.000634001   -0.0191595  -0.00908577   -0.0151214  -0.00252701  -0.00100278   -0.0116426  0.000569974   -0.0111665  -0.00419665   0.00187816 -5.21334e-05  -0.00137315   0.00049041  -0.00204468  0.000206707  0.000315925   0.00321615 -0.000489532
-0.000434104  0.000194614  0.000312811  0.000298902  0.000163884 -0.000168976 -0.000132137 -0.000156744    0.0224504  6.16183e-05  1.51739e-05  -0.00013763  0.000116877  -0.00074808    0.0031666 -0.000101907 -0.000143115 -0.000213198 -0.000359959  -0.00256178  0.000337893   0.00122562  1.27642e-05 -6.08282e-05   0.00152852   0.00037075   0.00165262  0.000737758 -0.000133885  0.000185047 -7.73478e-06   0.00010404   0.00197847   0.00350649 -9.40436e-07  0.000868133  0.000283978  -0.00143741   2.7294e-05  0.000138328   0.00168574 -0.000884096 -0.000149335 -0.000778365  5.62581e-06 -0.000911075 -3.61517e-07 -0.000209247 -0.000359641  -5.5262e-06
 -0.00725053    -0.041649   0.00298759  -0.00504698  -0.00196263  8.95939e-05   -0.0288093   -0.0267052  6.16183e-05     0.194795   -0.0120011  0.000105089    -0.045272  -0.00920961   -0.0042202  -0.00615361  -0.00951115 -0.000572024   -0.0108275  -0.00712805  -0.00900661    0.0109554  0.000419773   -0.0111984  -0.00320848   -0.0107997    0.0105598   0.00353347   -0.0108044  0.000361953   0.00059497 -0.000523674   0.00119522    0.0237508  -0.00376716   0.00752427   0.00671307  -0.00861569  0.000568575  -0.00886819    0.0145247   0.00181118  0.000137161   0.00089194  0.000502294  -0.00046983  0.000283494  0.000320913   0.00318581 -0.000499528
  -0.0101663  -0.00751827 -0.000815109  -0.00266384  -0.00595273  0.000158995   -0.0123608   -0.0279695  1.51739e-05   -0.0120011     0.208742 -8.56706e-05   -0.0067662  -0.00838331   -0.0259232    0.0041347  -0.00935134  0.000826107  -0.00756123   -0.0126103   -0.0104701  -0.00873133  0.000840898   0.00820581   -0.0198513  -0.00884215   -0.0158797  -0.00369838  -0.00806029  -0.00181845 -0.000282582 -8.04299e-05   -0.0264127   -0.0264455   -0.0167964  -0.00703686  -0.00317105  -0.00903431  0.000321606   -0.0105586    -0.012887   0.00291122  0.000107117  -0.00145102  0.000330499  -0.00223162  1.28842e-05  0.000540668   0.00302261  -0.00048162
 -0.00120267  0.000370053  0.000108676  0.000133839  0.000344672 -0.000114924 -1.32217e-05 -0.000172391  -0.00013763  0.000105089 -8.56706e-05    0.0225375  0.000296317  -0.00108938  0.000932539  0.000135715 -0.000695109 -5.82116e-05 -0.000774739  -0.00271678 -0.000360379  0.000574091  2.94059e-05  0.000421478 -3.27191e-05 -0.000197179   0.00068789  0.000263929 -0.000627282  3.86674e-06 -2.12715e-05  8.04276e-06  3.67508e-05   0.00179263  -0.00110966  0.000416474  7.58861e-06  -0.00183298   1.5811e-05 -0.000525965  0.000705443 -0.000663514  -0.00011188 -0.000655841  2.75252e-06 -0.000625326 -2.80818e-05 -0.000224345 -0.000294807 -4.04932e-05
 0.000267447   -0.0520804   0.00340383  -0.00382824  -0.00408875  0.000116695   -0.0316174   -0.0227052  0.000116877    -0.045272   -0.0067662  0.000296317     0.184412  -0.00377867   0.00503536  -0.00539147  -0.00372587 -0.000640158  -0.00578658 -0.000189613  -0.00332732   0.00931599  0.000448153  -0.00984483   0.00351587  -0.00603487    0.0135206   0.00400068  -0.00630778   0.00131131  0.000676342   0.00133401    0.0119741     0.024549   0.00562187   0.00647515   0.00631684  -0.00169883  0.000667288  -0.00276696    0.0145217   0.00216347  0.000191326   0.00223702   0.00053203   0.00086177  0.000621861  0.000907012   0.00347188  5.45087e-05
  -0.0329814  -0.00227532   0.00272677  -0.00627749    0.0115473 -0.000627243  -0.00470373   -0.0105081  -0.00074808  -0.00920961  -0.00838331  -0.00108938  -0.00377867     0.969203   -0.0142584  -0.00243169   -0.0257524 -0.000561886   -0.0275213   -0.0528616   -0.0224001   0.00638895  -0.00226327  -0.00282631   -0.0184884   -0.0197859   0.00582668  -0.00329494   -0.0251567 -0.000338515 -0.000156722   0.00209731   -0.0213385    0.0177779   -0.0311828   0.00548967   0.00366472   -0.0421382  0.000933259   -0.0242787   0.00758097  -0.00408756 -0.000725412  -0.00604646   0.00061257  -0.00494623 -6.38942e-05  -0.00272885 -0.000255693  -0.00160025
  -0.0419921    0.0032934   -0.0128073  -0.00962809   -0.0237395   0.00279723  -0.00146008   -0.0187177    0.0031666   -0.0042202   -0.0259232  0.000932539   0.00503536   -0.0142584     0.841726    0.0132881   -0.0302708   0.00328206   -0.0203507   0.00680364   -0.0428515   -0.0358044  0.000564601    0.0212076    -0.105081   -0.0361601   -0.0796908   -0.0254149   -0.0274669    -0.013183 -0.000996578  -0.00832021    -0.131538    -0.137311   -0.0666703    -0.032955   -0.0175729   -0.0116159  -0.00120667   -0.0391626   -0.0713087    0.0136012   0.00207995   0.00331637 -0.000482616   0.00796466   -0.0019523  -0.00110903   0.00356097  -0.00259131
 -0.00244517  -0.00386868   0.00929118  -0.00268248    0.0167536 -3.42948e-05   0.00148669    0.0028186 -0.000101907  -0.00615361    0.0041347  0.000135715  -0.00539147  -0.00243169    0.0132881     0.972516  0.000475852   -0.0124202   -0.0049907   0.00686709   0.00186579    0.0316462  -0.00172169   -0.0579279    0.0198354   -0.0027151     0.020501    0.0100332  -0.00364792   0.00455688  0.000463179  -0.00110259    0.0239698    0.0404673    0.0123871    0.0183801    0.0220215  -0.00417575  -0.00016531   0.00221747      0.03064 -0.000160844  0.000218555  0.000150975 -9.55837e-05  -0.00405551 -1.32893e-05 -0.000306374 -0.000610293 -0.000751872
   -0.030279  -0.00255892   -0.0009862  -0.00754461  0.000214015  -0.00012328  -0.00435402   -0.0106566 -0.000143115  -0.00951115  -0.00935134 -0.000695109  -0.00372587   -0.0257524   -0.0302708  0.000475852     0.973734  0.000837421   -0.0249308   -0.0318704   -0.0254307   0.00081244   0.00120505   0.00183094   -0.0278879    -0.022436  -0.00476272    -0.006688   -0.0246126    -0.002093  -0.00026857  -0.00216342   -0.0334062  -0.00217595   -0.0332379  0.000544587 -0.000764124   -0.0298947  9.16595e-05   -0.0264064  -0.00237813  -0.00189375 -0.000263631  -0.00411983  0.000102111  -0.00268406 -0.000676681  -0.00227591  -0.00100229  -0.00169436
 -0.00223654 -0.000376535   0.00454084 -0.000886872    0.0128442 -0.000105554   0.00169681   0.00148136 -0.000213198 -0.000572024  0.000826107 -5.82116e-05 -0.000640158 -0.000561886   0.00328206   -0.0124202  0.000837421     0.992682  -0.00172786   0.00346289   0.00135196    0.0115802  -0.00125266   -0.0265199   0.00692421 -0.000759905   0.00621704   0.00386666  -0.00145887   0.00214626   0.00013204 -0.000822043   0.00872071    0.0133683   0.00451146   0.00613762     0.010164  -0.00212337 -0.000123883   0.00155826    0.0107933  0.000221043 -1.05079e-05 -0.000723656 -3.53024e-05  -0.00283734  -6.8246e-05 -0.000330644  0.000314438 -0.000356968
  -0.0307958  -0.00427079   0.00228537  -0.00735929   0.00969626 -0.000289294  -0.00455885  -0.00957514 -0.000359959   -0.0108275  -0.00756123 -0.000774739  -0.00578658   -0.0275213   -0.0203507   -0.0049907   -0.0249308  -0.00172786     0.973861   -0.0394093   -0.0228648   0.00728504  -0.00117776  -0.00906562   -0.0198746   -0.0210048   0.00340949   -0.0038193   -0.0246869 -0.000462959 -9.03279e-05 -2.02193e-05   -0.0229876    0.0129307    -0.028876   0.00520414   0.00478718   -0.0352639  0.000543294   -0.0240811    0.0066221  -0.00228451 -0.000377941  -0.00448336  0.000396165  -0.00389721 -0.000299221  -0.00234376 -0.000110821  -0.00168933
  -0.0524662   0.00216006   0.00773822 -0.000918838    0.0365994  -0.00216896  -0.00837642   -0.0169797  -0.00256178  -0.00712805   -0.0126103  -0.00271678 -0.000189613   -0.0528616   0.00680364   0.00686709   -0.0318704   0.00346289   -0.0394093     0.860893   -0.0216896    0.0035241   -0.0125907    0.0213743   -0.0171261   -0.0155762    0.0187856 -0.000404682   -0.0313108   0.00020866 -0.000279474    0.0165097   -0.0184762    0.0451944   -0.0479223   0.00804554   0.00241875    -0.090966   0.00382503   -0.0269079    0.0140207   -0.0115572  -0.00240577    -0.014083   0.00236082   -0.0103114   0.00164986  -0.00495846   0.00196919  -0.00136004
  -0.0279326  -0.00260703  -0.00266555  -0.00814222   -0.0091541    0.0002794  -0.00395259   -0.0108802  0.000337893  -0.00900661   -0.0104701 -0.000360379  -0.00332732   -0.0224001   -0.0428515   0.00186579   -0.0254307   0.00135196   -0.0228648   -0.0216896     0.973355  -0.00231614   0.00112984   0.00327157   -0.0343011   -0.0236595   -0.0132153  -0.00853218   -0.0236018  -0.00328136  -0.00030385  -0.00309577   -0.0418114   -0.0183601   -0.0334406  -0.00296932  -0.00300221   -0.0232137 -0.000142377   -0.0267966  -0.00976178  8.07323e-05  0.000116387  -0.00244355 -3.74512e-05  -0.00092115 -0.000787892  -0.00183889 -0.000751196  -0.00174957
 -0.00138849   0.00599333   -0.0100927   0.00122705     0.028342   0.00115976  0.000656238  -0.00297433   0.00122562    0.0109554  -0.00873133  0.000574091   0.00931599   0.00638895   -0.0358044    0.0316462   0.00081244    0.0115802   0.00728504    0.0035241  -0.00231614     0.939717  0.000801228    0.0687277   -0.0357054   0.00274915   -0.0353306   -0.0211037   0.00400713  -0.00442458 -0.000604023   0.00127751     -0.04215   -0.0709378   -0.0189524   -0.0336459   -0.0239959   0.00721708  0.000295694  -0.00214428   -0.0523618   0.00995516  0.000556649   0.00392624  0.000507133   0.00942625  0.000151531   0.00189879   0.00851074     0.001176
 -0.00245062  0.000575304  0.000993526   0.00033027  -0.00362723  3.58959e-05  0.000719616   0.00108221  1.27642e-05  0.000419773  0.000840898  2.94059e-05  0.000448153  -0.00226327  0.000564601  -0.00172169   0.00120505  -0.00125266  -0.00117776   -0.0125907   0.00112984  0.000801228  0.000538671  -0.00285147  0.000918776  0.000845695  -0.00128588  0.000562071  0.000469889   -0.0043959 -0.000317646  0.000242618     0.001032  -0.00122213   0.00100327 -0.000170714   0.00148378   -0.0098114  0.000135982   0.00126885 -8.91527e-05  0.000716513  1.92049e-05  0.000208054  0.000127489 -9.14324e-06  8.66811e-05  2.72775e-05   0.00102704  9.51015e-06
 -0.00215839  -0.00686199    0.0184107  -0.00595177    0.0203115  3.74301e-05   0.00487932   0.00704393 -6.08282e-05   -0.0111984   0.00820581  0.000421478  -0.00984483  -0.00282631    0.0212076   -0.0579279   0.00183094   -0.0265199  -0.00906562    0.0213743   0.00327157    0.0687277  -0.00285147     0.875345    0.0395476  -0.00656183    0.0377519    0.0211397  -0.00668386   0.00876418  0.000956347  -0.00327483    0.0467418    0.0744379    0.0276059     0.037901    0.0450299  -0.00369427 -0.000560645   0.00465805    0.0612726   -0.0003887  0.000628655  0.000759684 -0.000382822  -0.00851285 -0.000148625 -0.000486807   -0.0023945  -0.00170707
  -0.0378737   0.00225806   -0.0109117  -0.00643071  -0.00915733   0.00137125  -0.00359449   -0.0160072   0.00152852  -0.00320848   -0.0198513 -3.27191e-05   0.00351587   -0.0184884    -0.105081    0.0198354   -0.0278879   0.00692421   -0.0198746   -0.0171261   -0.0343011   -0.0357054  0.000918776    0.0395476     0.920597    -0.027094   -0.0541809    -0.021414   -0.0242206  -0.00989881 -0.000915564  -0.00484613   -0.0974455    -0.091943   -0.0585341   -0.0268357   -0.0190947   -0.0208325 -0.000496653   -0.0331773   -0.0541469   0.00663937  0.000749549 -0.000968313 -0.000105885   0.00432479  -0.00139002  -0.00179333   0.00242353  -0.00174767
  -0.0239534  -0.00514406 -0.000919101  -0.00831805  -0.00754177  0.000318553   -0.0043858  -0.00991587   0.00037075   -0.0107997  -0.00884215 -0.000197179  -0.00603487   -0.0197859   -0.0361601   -0.0027151    -0.022436 -0.000759905   -0.0210048   -0.0155762   -0.0236595   0.00274915  0.000845695  -0.00656183    -0.027094     0.977922  -0.00869007  -0.00626905   -0.0216174  -0.00213812 -0.000137235  -0.00297447   -0.0326718   -0.0105575   -0.0263614   5.9321e-05  0.000861204   -0.0194734 -0.000127633   -0.0235268  -0.00385687  0.000658116  0.000226298    -0.001562 -1.81624e-05  -0.00107643  -0.00064252  -0.00148567 -0.000305799  -0.00168642
 -0.00615737    0.0103532   -0.0113552 -0.000892537   -0.0297889   0.00145944   0.00332115  -0.00759079   0.00165262    0.0105598   -0.0158797   0.00068789    0.0135206   0.00582668   -0.0796908     0.020501  -0.00476272   0.00621704   0.00340949    0.0187856   -0.0132153   -0.0353306  -0.00128588    0.0377519   -0.0541809  -0.00869007      0.94455   -0.0159213  -0.00161764  -0.00840765  -0.00081312  -0.00382189   -0.0694844    -0.101396    -0.026695   -0.0285116   -0.0207569    0.0126406  -0.00086557   -0.0107764   -0.0554242   0.00774341   0.00107575   0.00286493 -0.000444556   0.00614354 -0.000875692   0.00057203   0.00180382  -0.00039662
 -0.00741245    0.0027997  -0.00427539   -0.0025909   0.00763815  0.000656164    0.0015677 -0.000658403  0.000737758   0.00353347  -0.00369838  0.000263929   0.00400068  -0.00329494   -0.0254149    0.0100332    -0.006688   0.00386666   -0.0038193 -0.000404682  -0.00853218   -0.0211037  0.000562071    0.0211397    -0.021414  -0.00626905   -0.0159213     0.989519  -0.00530137  -0.00222223 -0.000261891 -0.000806413   -0.0257866   -0.0309559   -0.0143776   -0.0123329  -0.00843729  -0.00199476 -3.21018e-05  -0.00826112   -0.0208239   0.00422263  0.000408349   0.00153836  0.000105886   0.00371979 -0.000202164  0.000338717   0.00275236 -0.000121452
  -0.0298288  -0.00520249   0.00100636  -0.00762115   0.00659171 -8.99651e-05  -0.00482867  -0.00978957 -0.000133885   -0.0108044  -0.00806029 -0.000627282  -0.00630778   -0.0251567   -0.0274669  -0.00364792   -0.0246126  -0.00145887   -0.0246869   -0.0313108   -0.0236018   0.00400713  0.000469889  -0.00668386   -0.0242206   -0.0216174  -0.00161764  -0.00530137     0.975807  -0.00112474 -0.000154912  -0.00135795   -0.0281699   0.00349974   -0.0297013   0.00246926   0.00304881   -0.0304295  0.000241629   -0.0244139   0.00160045  -0.00119632 -0.000208378  -0.00375327  0.000222527  -0.00299823  -0.00050145  -0.00218343 -0.000108948  -0.00168834
 -0.00217621   0.00121761  -0.00252576 -3.50694e-06  -0.00925037   0.00014086 -0.000170515  -0.00145374  0.000185047  0.000361953  -0.00181845  3.86674e-06   0.00131131 -0.000338515    -0.013183   0.00455688    -0.002093   0.00214626 -0.000462959   0.00020866  -0.00328136  -0.00442458   -0.0043959   0.00876418  -0.00989881  -0.00213812  -0.00840765  -0.00222223  -0.00112474     0.998062 -0.000133169 -0.000725545   -0.0125912   -0.0146032  -0.00623701  -0.00382096  -0.00451683  0.000397216 -0.000148423  -0.00303145  -0.00828396  0.000185684  8.14634e-05 -9.17758e-05 -0.000109443  0.000738787  -0.00020794 -0.000197434 -0.000573353 -0.000130959
-0.000406409  0.000580665 -0.000212231  5.46719e-05 -0.000395694 -6.70681e-06  0.000244714 -3.89967e-05 -7.73478e-06   0.00059497 -0.000282582 -2.12715e-05  0.000676342 -0.000156722 -0.000996578  0.000463179  -0.00026857   0.00013204 -9.03279e-05 -0.000279474  -0.00030385 -0.000604023 -0.000317646  0.000956347 -0.000915564 -0.000137235  -0.00081312 -0.000261891 -0.000154912 -0.000133169     0.999967 -9.27287e-05  -0.00121277  -0.00143467 -0.000814349 -0.000450759 -0.000449105 -0.000176637 -2.97862e-05 -0.000322799 -0.000899032 -8.61151e-05 -1.39534e-05 -0.000132396 -2.14967e-05 -2.69415e-05 -3.43055e-05 -4.98761e-05 -0.000125137 -9.94733e-06
 -0.00114072   0.00190567  -0.00209526  -0.00102573  -0.00418009  9.53456e-05   0.00165598  0.000634001   0.00010404 -0.000523674 -8.04299e-05  8.04276e-06   0.00133401   0.00209731  -0.00832021  -0.00110259  -0.00216342 -0.000822043 -2.02193e-05    0.0165097  -0.00309577   0.00127751  0.000242618  -0.00327483  -0.00484613  -0.00297447  -0.00382189 -0.000806413  -0.00135795 -0.000725545 -9.27287e-05    0.0158164  -0.00639683  -0.00503931  -0.00309552 -0.000228325  -0.00082654   0.00706842  -0.00106025  -0.00280151  -0.00158899 -0.000105044   9.4165e-05 -0.000258312 -0.000637977 -0.000407982 -0.000993285 -0.000367497  -0.00197379 -0.000312184
  -0.0447271    0.0103593   -0.0140707  -0.00742818   -0.0182438   0.00175211 -0.000640818   -0.0191595   0.00197847   0.00119522   -0.0264127  3.67508e-05    0.0119741   -0.0213385    -0.131538    0.0239698   -0.0334062   0.00872071   -0.0229876   -0.0184762   -0.0418114     -0.04215     0.001032    0.0467418   -0.0974455   -0.0326718   -0.0694844   -0.0257866   -0.0281699   -0.0125912  -0.00121277  -0.00639683     0.877926    -0.118554   -0.0715961   -0.0327535   -0.0240932   -0.0232462 -0.000773684    -0.040341   -0.0678712   0.00789379   0.00102455  -0.00105044 -0.000279436   0.00524508  -0.00180778  -0.00201538   0.00192041   -0.0021885
-8.35614e-05    0.0172428   -0.0217888 -0.000934198   -0.0576745   0.00304007   0.00774219  -0.00908577   0.00350649    0.0237508   -0.0264455   0.00179263     0.024549    0.0177779    -0.137311    0.0404673  -0.00217595    0.0133683    0.0129307    0.0451944   -0.0183601   -0.0709378  -0.00122213    0.0744379    -0.091943   -0.0105575    -0.101396   -0.0309559   0.00349974   -0.0146032  -0.00143467  -0.00503931    -0.118554     0.807286   -0.0382746   -0.0553556   -0.0407284     0.033863  -0.00145642   -0.0134329    -0.105434     0.016269   0.00235628   0.00838796 -0.000758879    0.0145674   -0.0011687    0.0026108   0.00428789 -1.89796e-05
  -0.0463043   0.00618287  -0.00551416  -0.00585459    0.0104783  5.84822e-05  -0.00277153   -0.0151214 -9.40436e-07  -0.00376716   -0.0167964  -0.00110966   0.00562187   -0.0311828   -0.0666703    0.0123871   -0.0332379   0.00451146    -0.028876   -0.0479223   -0.0334406   -0.0189524   0.00100327    0.0276059   -0.0585341   -0.0263614    -0.026695   -0.0143776   -0.0297013  -0.00623701 -0.000814349  -0.00309552   -0.0715961   -0.0382746     0.941354   -0.0124433   -0.0105444   -0.0421553  1.68034e-05   -0.0348305   -0.0270182 -0.000770119 -0.000415323   -0.0065999  0.000138616  -0.00210616  -0.00123898  -0.00344866 -8.59862e-05  -0.00194714
-0.000212355   0.00402296  -0.00699118  0.000646901    0.0020424  0.000802704  0.000920147  -0.00252701  0.000868133   0.00752427  -0.00703686  0.000416474   0.00647515   0.00548967    -0.032955    0.0183801  0.000544587   0.00613762   0.00520414   0.00804554  -0.00296932   -0.0336459 -0.000170714     0.037901   -0.0268357   5.9321e-05   -0.0285116   -0.0123329   0.00246926  -0.00382096 -0.000450759 -0.000228325   -0.0327535   -0.0553556   -0.0124433     0.978738   -0.0153023    0.0080817 -0.000109306  -0.00218121   -0.0356925   0.00589874  0.000479171    0.0023489  7.67471e-05   0.00525291 -0.000113377   0.00100297   0.00382682  0.000475802
  0.00315499   0.00487409   -0.0089447   0.00181745   -0.0243522  0.000171185  0.000509243  -0.00100278  0.000283978   0.00671307  -0.00317105  7.58861e-06   0.00631684   0.00366472   -0.0175729    0.0220215 -0.000764124     0.010164   0.00478718   0.00241875  -0.00300221   -0.0239959   0.00148378    0.0450299   -0.0190947  0.000861204   -0.0207569  -0.00843729   0.00304881  -0.00451683 -0.000449105  -0.00082654   -0.0240932   -0.0407284   -0.0105444   -0.0153023     0.980898   0.00800919 -0.000277727  -0.00286229   -0.0273939   1.4204e-06 -8.55392e-06  0.000280607 -0.000227523   0.00363242 -0.000290105  0.000260674  -0.00103935   0.00047056
  -0.0479545  0.000624937   0.00668029   -0.0042878       0.0411  -0.00115642  -0.00467972   -0.0116426  -0.00143741  -0.00861569  -0.00903431  -0.00183298  -0.00169883   -0.0421382   -0.0116159  -0.00417575   -0.0298947  -0.00212337   -0.0352639    -0.090966   -0.0232137   0.00721708   -0.0098114  -0.00369427   -0.0208325   -0.0194734    0.0126406  -0.00199476   -0.0304295  0.000397216 -0.000176637   0.00706842   -0.0232462     0.033863   -0.0421553    0.0080817   0.00800919     0.931518   0.00206949   -0.0266051    0.0128605  -0.00610658  -0.00138009  -0.00991509   0.00137446  -0.00796417  0.000433139  -0.00410575   0.00163206  -0.00174361
 0.000445708  0.000632183 -0.000445592 -1.20906e-05  -0.00173945  2.05082e-05  0.000580578  0.000569974   2.7294e-05  0.000568575  0.000321606   1.5811e-05  0.000667288  0.000933259  -0.00120667  -0.00016531  9.16595e-05 -0.000123883  0.000543294   0.00382503 -0.000142377  0.000295694  0.000135982 -0.000560645 -0.000496653 -0.000127633  -0.00086557 -3.21018e-05  0.000241629 -0.000148423 -2.97862e-05  -0.00106025 -0.000773684  -0.00145642  1.68034e-05 -0.000109306 -0.000277727   0.00206949    0.0224417 -5.45558e-05 -0.000498622 -8.26514e-05   2.5024e-05  2.44995e-05 -0.000139752 -3.40931e-06 -0.000166464 -3.73435e-05 -0.000526907 -2.63213e-05
  -0.0296786  -0.00186296  -0.00234532  -0.00790078  -0.00551378  0.000111536  -0.00400423   -0.0111665  0.000138328  -0.00886819   -0.0105586 -0.000525965  -0.00276696   -0.0242787   -0.0391626   0.00221747   -0.0264064   0.00155826   -0.0240811   -0.0269079   -0.0267966  -0.00214428   0.00126885   0.00465805   -0.0331773   -0.0235268   -0.0107764  -0.00826112   -0.0244139  -0.00303145 -0.000322799  -0.00280151    -0.040341   -0.0134329   -0.0348305  -0.00218121  -0.00286229   -0.0266051 -5.45558e-05     0.972656  -0.00798261 -0.000786959 -5.66843e-05  -0.00328783  1.54572e-05  -0.00160637  -0.00077633  -0.00207366 -0.000899467  -0.00174478
 -0.00372888     0.010419   -0.0134172  0.000647852   -0.0141227   0.00149173    0.0035572  -0.00419665   0.00168574    0.0145247    -0.012887  0.000705443    0.0145217   0.00758097   -0.0713087      0.03064  -0.00237813    0.0107933    0.0066221    0.0140207  -0.00976178   -0.0523618 -8.91527e-05    0.0612726   -0.0541469  -0.00385687   -0.0554242   -0.0208239   0.00160045  -0.00828396 -0.000899032  -0.00158899   -0.0678712    -0.105434   -0.0270182   -0.0356925   -0.0273939    0.0128605 -0.000498622  -0.00798261     0.935953   0.00897759  0.000958549   0.00358847 -0.000155176   0.00873481 -0.000539981   0.00118744   0.00405452  0.000360875
 -0.00180905   0.00272582  0.000371991   0.00143473   -0.0118494 -0.000811812   0.00106974   0.00187816 -0.000884096   0.00181118   0.00291122 -0.000663514   0.00216347  -0.00408756    0.0136012 -0.000160844  -0.00189375  0.000221043  -0.00228451   -0.0115572  8.07323e-05   0.00995516  0.000716513   -0.0003887   0.00663937  0.000658116   0.00774341   0.00422263  -0.00119632  0.000185684 -8.61151e-05 -0.000105044   0.00789379     0.016269 -0.000770119   0.00589874   1.4204e-06  -0.00610658 -8.26514e-05 -0.000786959   0.00897759    0.0167711 -0.000696223  -0.00363377 -0.000198336  -0.00363181  -0.00018289  -0.00128896   -0.0040014 -0.000158078
-0.000593351  0.000259931   0.00014444  0.000252672  0.000331327 -0.000126222  -5.9395e-05 -5.21334e-05 -0.000149335  0.000137161  0.000107117  -0.00011188  0.000191326 -0.000725412   0.00207995  0.000218555 -0.000263631 -1.05079e-05 -0.000377941  -0.00240577  0.000116387  0.000556649  1.92049e-05  0.000628655  0.000749549  0.000226298   0.00107575  0.000408349 -0.000208378  8.14634e-05 -1.39534e-05   9.4165e-05   0.00102455   0.00235628 -0.000415323  0.000479171 -8.55392e-06  -0.00138009   2.5024e-05 -5.66843e-05  0.000958549 -0.000696223    0.0225354 -0.000600084  7.16905e-06 -0.000579947 -5.75031e-06 -0.000182832 -0.000277342 -3.23414e-06
 -0.00700683   0.00251813  0.000570243  0.000621235  0.000533753 -0.000635055  0.000148724  -0.00137315 -0.000778365   0.00089194  -0.00145102 -0.000655841   0.00223702  -0.00604646   0.00331637  0.000150975  -0.00411983 -0.000723656  -0.00448336    -0.014083  -0.00244355   0.00392624  0.000208054  0.000759684 -0.000968313    -0.001562   0.00286493   0.00153836  -0.00375327 -9.17758e-05 -0.000132396 -0.000258312  -0.00105044   0.00838796   -0.0065999    0.0023489  0.000280607  -0.00991509  2.44995e-05  -0.00328783   0.00358847  -0.00363377 -0.000600084    0.0187691 -2.76985e-05  -0.00408539 -0.000211696  -0.00126961  -0.00181065 -0.000287776
 0.000424401  0.000500806 -0.000307892  4.40038e-05  -0.00191596 -4.11052e-07  0.000445733   0.00049041  5.62581e-06  0.000502294  0.000330499  2.75252e-06   0.00053203   0.00061257 -0.000482616 -9.55837e-05  0.000102111 -3.53024e-05  0.000396165   0.00236082 -3.74512e-05  0.000507133  0.000127489 -0.000382822 -0.000105885 -1.81624e-05 -0.000444556  0.000105886  0.000222527 -0.000109443 -2.14967e-05 -0.000637977 -0.000279436 -0.000758879  0.000138616  7.67471e-05 -0.000227523   0.00137446 -0.000139752  1.54572e-05 -0.000155176 -0.000198336  7.16905e-06 -2.76985e-05    0.0225565 -4.73981e-05 -0.000105627 -3.99284e-05 -0.000476358 -1.65467e-05
 -0.00485843   0.00116637    0.0020315  0.000334568 -0.000295876 -0.000711376 -0.000351912  -0.00204468 -0.000911075  -0.00046983  -0.00223162 -0.000625326   0.00086177  -0.00494623   0.00796466  -0.00405551  -0.00268406  -0.00283734  -0.00389721   -0.0103114  -0.00092115   0.00942625 -9.14324e-06  -0.00851285   0.00432479  -0.00107643   0.00614354   0.00371979  -0.00299823  0.000738787 -2.69415e-05 -0.000407982   0.00524508    0.0145674  -0.00210616   0.00525291   0.00363242  -0.00796417 -3.40931e-06  -0.00160637   0.00873481  -0.00363181 -0.000579947  -0.00408539 -4.73981e-05    0.0168977 -0.000155154  -0.00112688  -0.00183866 -0.000338534
 -0.00078793  0.000672807 -0.000394682 -0.000108549 -0.000786428 -8.26118e-07  0.000439401  0.000206707 -3.61517e-07  0.000283494  1.28842e-05 -2.80818e-05  0.000621861 -6.38942e-05   -0.0019523 -1.32893e-05 -0.000676681  -6.8246e-05 -0.000299221   0.00164986 -0.000787892  0.000151531  8.66811e-05 -0.000148625  -0.00139002  -0.00064252 -0.000875692 -0.000202164  -0.00050145  -0.00020794 -3.43055e-05 -0.000993285  -0.00180778   -0.0011687  -0.00123898 -0.000113377 -0.000290105  0.000433139 -0.000166464  -0.00077633 -0.000539981  -0.00018289 -5.75031e-06 -0.000211696 -0.000105627 -0.000155154    0.0224862 -0.000138245 -0.000448284 -6.90999e-05
 -0.00364817   0.00110305  0.000130692 -6.85179e-05 -0.000171687 -0.000180036   0.00046506  0.000315925 -0.000209247  0.000320913  0.000540668 -0.000224345  0.000907012  -0.00272885  -0.00110903 -0.000306374  -0.00227591 -0.000330644  -0.00234376  -0.00495846  -0.00183889   0.00189879  2.72775e-05 -0.000486807  -0.00179333  -0.00148567   0.00057203  0.000338717  -0.00218343 -0.000197434 -4.98761e-05 -0.000367497  -0.00201538    0.0026108  -0.00344866   0.00100297  0.000260674  -0.00410575 -3.73435e-05  -0.00207366   0.00118744  -0.00128896 -0.000182832  -0.00126961 -3.99284e-05  -0.00112688 -0.000138245    0.0220456 -0.000818377 -0.000194526
 0.000660177   0.00359616  -0.00112522  0.000784491   -0.0179378 -0.000378021   0.00258325   0.00321615 -0.000359641   0.00318581   0.00302261 -0.000294807   0.00347188 -0.000255693   0.00356097 -0.000610293  -0.00100229  0.000314438 -0.000110821   0.00196919 -0.000751196   0.00851074   0.00102704   -0.0023945   0.00242353 -0.000305799   0.00180382   0.00275236 -0.000108948 -0.000573353 -0.000125137  -0.00197379   0.00192041   0.00428789 -8.59862e-05   0.00382682  -0.00103935   0.00163206 -0.000526907 -0.000899467   0.00405452   -0.0040014 -0.000277342  -0.00181065 -0.000476358  -0.00183866 -0.000448284 -0.000818377    0.0183595 -0.000199007
 -0.00202224  0.000171356  9.51055e-05 -0.000573932 -0.000785419 -3.93034e-06  2.64911e-05 -0.000489532  -5.5262e-06 -0.000499528  -0.00048162 -4.04932e-05  5.45087e-05  -0.00160025  -0.00259131 -0.000751872  -0.00169436 -0.000356968  -0.00168933  -0.00136004  -0.00174957     0.001176  9.51015e-06  -0.00170707  -0.00174767  -0.00168642  -0.00039662 -0.000121452  -0.00168834 -0.000130959 -9.94733e-06 -0.000312184   -0.0021885 -1.89796e-05  -0.00194714  0.000475802   0.00047056  -0.00174361 -2.63213e-05  -0.00174478  0.000360875 -0.000158078 -3.23414e-06 -0.000287776 -1.65467e-05 -0.000338534 -6.90999e-05 -0.000194526 -0.000199007    0.0224932
* row and column names
hk_i:12_j:12_zone:1.0
wel2
hk_i:2_j:2_zone:1.0
hk_i:37_j:17_zone:1.0
strinf
rch_i:22_j:2_zone:1.0
wel5
wel3
rch_i:27_j:2_zone:1.0
wel1
wel4
rch_i:32_j:7_zone:1.0
wel0
hk_i:2_j:17_zone:1.0
hk_i:27_j:12_zone:1.0
hk_i:17_j:2_zone:1.0
hk_i:17_j:17_zone:1.0
hk_i:27_j:2_zone:1.0
hk_i:7_j:17_zone:1.0
hk_i:2_j:12_zone:1.0
hk_i:27_j:17_zone:1.0
hk_i:37_j:7_zone:1.0
hk_i:7_j:7_zone:1.0
hk_i:22_j:2_zone:1.0
hk_i:32_j:12_zone:1.0
hk_i:32_j:17_zone:1.0
hk_i:22_j:7_zone:1.0
hk_i:37_j:12_zone:1.0
hk_i:12_j:17_zone:1.0
hk_i:2_j:7_zone:1.0
hk_i:12_j:2_zone:1.0
rch_i:2_j:7_zone:1.0
hk_i:22_j:12_zone:1.0
hk_i:27_j:7_zone:1.0
hk_i:17_j:12_zone:1.0
hk_i:32_j:2_zone:1.0
hk_i:7_j:2_zone:1.0
hk_i:7_j:12_zone:1.0
rch_i:2_j:2_zone:1.0
hk_i:22_j:17_zone:1.0
hk_i:32_j:7_zone:1.0
rch_i:17_j:2_zone:1.0
rch_i:32_j:2_zone:1.0
rch_i:22_j:7_zone:1.0
rch_i:7_j:2_zone:1.0
rch_i:27_j:7_zone:1.0
rch_i:7_j:7_zone:1.0
rch_i:37_j:7_zone:1.0
rch_i:12_j:2_zone:1.0
rch_i:37_j:12_zone:1.0
