    45    45     1
    0.969949   0.00270043  -0.00169312   -0.0134266    0.0114991   -0.0146149  -0.00956955  0.000125895   -0.0103767  -0.00442394  -0.00139287  -0.00228237   -0.0251509   -0.0402099   0.00397855   -0.0293753   -0.0373571    -0.024779   -0.0277391   -0.0266991   -0.0112848 -2.12901e-13   -0.0208021   -0.0272707   -0.0232365   -0.0298182   -0.0138057   -0.0270736  -0.00458102  -0.00383859   -0.0375294   -0.0212183    -0.031295 -0.000729834  -0.00625025   -0.0245883 -0.000230948   -0.0286878  -0.00550062 -0.000617972  -0.00702283  6.91835e-05  -0.00127406  -3.7035e-05 -0.000513518
  0.00270043     0.232829 -0.000689798   0.00548966  -0.00330307  -0.00993898  -0.00584917  9.22913e-05  -0.00976424  0.000584138  0.000408192  -0.00871351   0.00795886   -0.0103967  -0.00189294   0.00789846    0.0183968   0.00617642   0.00271648   0.00734953   0.00118125  3.04341e-14    0.0111391  -0.00387947    0.0063941    0.0084777   0.00469055   0.00554881  -0.00130132   0.00236962  -0.00225599   0.00706996   0.00271793   0.00247253   0.00320911  0.000872561  0.000804948    0.0070633    0.0028662  0.000329471  0.000708417   8.7991e-05  0.000252745 -0.000216234  0.000195688
 -0.00169312 -0.000689798     0.997177  -0.00136758   0.00603072  -0.00511839  -0.00496951  0.000103866  -0.00299731  -0.00246398  0.000283528  -0.00116871 -0.000533108   -0.0119195   0.00522649  -0.00235435  8.11079e-05 -0.000819392   0.00322812  -0.00312207   -0.0101988 -2.93601e-14    0.0104133  -0.00699697  -0.00204287   -0.0075326  -0.00357268  -0.00167086  -0.00250864 -0.000427384   -0.0105711   -0.0120892  -0.00484199  -0.00504607  -0.00494197   0.00209902  -0.00236925  -0.00311063  -0.00838185  3.13028e-05   0.00213419  0.000112637  0.000125568  -1.1482e-05  0.000233808
  -0.0134266   0.00548966  -0.00136758     0.977086   0.00682171  -0.00279188   0.00520175 -0.000294676   0.00218874   0.00112673  -0.00091204    0.0031061   -0.0312825    0.0320431    0.0127052   -0.0327398   -0.0730055   -0.0257113    -0.010403   -0.0302817   -0.0190649  1.49164e-14   -0.0332552     0.011976   -0.0269717   -0.0274861   -0.0174286   -0.0254246  3.31415e-05  -0.00926603   0.00233791   -0.0159172   -0.0137745   -0.0129571    -0.015846  -0.00267557 -0.000827104   -0.0299001  -0.00528057  -0.00131357   0.00351935   4.8621e-05 -0.000623789   0.00098252 -6.93041e-05
   0.0114991  -0.00330307   0.00603072   0.00682171    0.0405225  -0.00924748  -0.00371539 -0.000227301 -0.000715122 -4.93979e-05 -0.000458139   -0.0050757   0.00989351   -0.0123124   0.00245154    0.0108893  -0.00280677   0.00993702 -0.000176102    0.0074278    0.0223901 -1.67245e-13  -0.00610129  -0.00249147   0.00616099   -0.0216239    0.0115255   0.00981927    0.0102537  0.000712039   -0.0009751   -0.0233269   0.00767364   0.00415618  -0.00130642   0.00725147  -0.00346918   0.00939536  -0.00282735 -0.000240201  -0.00325445 -0.000813459 -7.94811e-05   0.00035985 -0.000278223
  -0.0146149  -0.00993898  -0.00511839  -0.00279188  -0.00924748     0.167934   -0.0460892  7.17374e-05   -0.0600253   -0.0112066 -6.99998e-05   -0.0320205  -0.00717092   -0.0226941   0.00559504   -0.0107486   -0.0379612  -0.00897446   -0.0115683  -0.00777698   -0.0208361  1.44442e-13   -0.0180953  -0.00826526  -0.00639809   -0.0139767   0.00318276   -0.0131295  -0.00987771  -0.00177252   -0.0169254    0.0091326   -0.0129506  -0.00490093  -0.00447482  -0.00835906   0.00217291    -0.010903   0.00683969 -0.000342119  0.000858831  0.000544918  -0.00140479  9.12414e-05  0.000686719
 -0.00956955  -0.00584917  -0.00496951   0.00520175  -0.00371539   -0.0460892     0.197488  0.000423673   -0.0342916   -0.0170555  0.000530494   -0.0154691   0.00517616   -0.0491056   0.00361777   0.00122138   0.00228222   0.00148465  -0.00456346   0.00131949   -0.0166469  7.93111e-14   0.00931199   -0.0240644   0.00260563   -0.0126696   0.00311276  -0.00244065  -0.00840821   0.00157099   -0.0292417    -0.009697   -0.0118141  -0.00446031   -0.0018455  -0.00586252   0.00129693 -0.000964957  -0.00888253  0.000414092  0.000261956  0.000441773 -0.000803457 -0.000357487  0.000647793
 0.000125895  9.22913e-05  0.000103866 -0.000294676 -0.000227301  7.17374e-05  0.000423673    0.0225808  0.000210083  0.000199682 -9.92835e-05  7.73817e-05 -0.000457663    0.0032983  0.000295166 -0.000382023   -0.0015162 -0.000257492 -2.67971e-05 -0.000262092 -0.000202883 -9.42129e-16 -0.000469101   0.00138569 -0.000234272  0.000658667 -6.57815e-06 -0.000186777  0.000199349 -0.000272408   0.00162901   0.00194526  0.000293477  1.96938e-05 -0.000343665   0.00029746 -1.12298e-05 -0.000242991  0.000794929 -5.25835e-05 -0.000752398  -1.8952e-05  -0.00015522   4.2564e-05 -3.50639e-05
  -0.0103767  -0.00976424  -0.00299731   0.00218874 -0.000715122   -0.0600253   -0.0342916  0.000210083     0.167011  -0.00122613 -5.31097e-05   -0.0374167  -0.00204863   -0.0197607  -0.00712969  -0.00307162   -0.0197492  -0.00533046   -0.0108064   0.00115938    0.0023331  6.43872e-14   -0.0287027 -0.000730155 -0.000293885   0.00528804    0.0117383  -0.00761682   -0.0096824   0.00386652  -0.00584897    0.0309178  -0.00495138   0.00844842   0.00955429   -0.0135297   0.00108163  -0.00248632    0.0265123 -3.78088e-05  0.000531342  0.000574652 -0.000615535 -0.000641948    0.0003717
 -0.00442394  0.000584138  -0.00246398   0.00112673 -4.93979e-05   -0.0112066   -0.0170555  0.000199682  -0.00122613     0.226038  0.000198597   0.00253317   0.00140681   -0.0236945   0.00442236 -0.000821609  -0.00278839  0.000220065 -0.000693155  -0.00148433   -0.0110821  1.22393e-14   0.00601533   -0.0149534  -0.00023993   -0.0137829  -0.00259165  -0.00148968  -0.00273753 -0.000261682   -0.0159604   -0.0173178   -0.0069264   -0.0061038  -0.00410275  -0.00104766  4.13535e-05  -0.00200891   -0.0147242  0.000182685  -0.00096725  0.000145999 -0.000865101 -8.78557e-05  0.000286287
 -0.00139287  0.000408192  0.000283528  -0.00091204 -0.000458139 -6.99998e-05  0.000530494 -9.92835e-05 -5.31097e-05  0.000198597    0.0224043  0.000153372  -0.00186981   0.00276557  4.02104e-05  -0.00185112  -0.00409345  -0.00159908  -0.00186983  -0.00146947  0.000323617 -4.72697e-16  -0.00294387  0.000711708  -0.00135403 -0.000316039 -0.000382692  -0.00155431  0.000210081 -0.000455644  0.000858009   0.00228545 -0.000966026  0.000575295 -0.000258735  -0.00127876 -0.000105058  -0.00156747    0.0014904 -0.000105876  -0.00174076 -3.73013e-05 -0.000306826  3.83175e-05 -0.000107953
 -0.00228237  -0.00871351  -0.00116871    0.0031061   -0.0050757   -0.0320205   -0.0154691  7.73817e-05   -0.0374167   0.00253317  0.000153372      0.21542   0.00244934  -0.00742973  -0.00443216   0.00244212  -0.00122857  0.000467142  -0.00350914   0.00418297   0.00292401  5.73192e-14  -0.00907997   0.00153235   0.00278847   0.00907022    0.0080302 -0.000631418  -0.00423728   0.00253565  0.000343685    0.0212294  0.000808028   0.00563205   0.00601605  -0.00486286   0.00106164   0.00258057     0.016349   6.5922e-05    0.0011983  0.000264746  1.37664e-05 -0.000296607  0.000245417
  -0.0251509   0.00795886 -0.000533108   -0.0312825   0.00989351  -0.00717092   0.00517616 -0.000457663  -0.00204863   0.00140681  -0.00186981   0.00244934     0.953839    0.0369101    0.0129704   -0.0480415    -0.103453   -0.0390716   -0.0238745   -0.0432709    -0.019906 -1.80845e-13   -0.0564044    0.0120826   -0.0389204    -0.036729   -0.0225124   -0.0389017 -0.000261841   -0.0121968 -0.000308161   -0.0139241   -0.0233362   -0.0120558   -0.0177027   -0.0128471 -0.000833892   -0.0436585 -0.000311057  -0.00186437 -0.000478681 -5.89269e-07  -0.00150245   0.00116147 -0.000433887
  -0.0402099   -0.0103967   -0.0119195    0.0320431   -0.0123124   -0.0226941   -0.0491056    0.0032983   -0.0197607   -0.0236945   0.00276557  -0.00742973    0.0369101     0.670252  -0.00629288    0.0209259     0.162086    0.0175075    -0.020104    0.0107817  -0.00735321 -1.91706e-14     0.113537      -0.1699    0.0148609   -0.0599369  -0.00464467   0.00683037   -0.0197089    0.0204487    -0.192494    -0.141667   -0.0661669    0.0100441    0.0112532   -0.0446909  -0.00114284   0.00679491   -0.0687638   0.00345825   0.00209261  0.000690086   0.00382013  -0.00350418  0.000519839
  0.00397855  -0.00189294   0.00522649    0.0127052   0.00245154   0.00559504   0.00361777  0.000295166  -0.00712969   0.00442236  4.02104e-05  -0.00443216    0.0129704  -0.00629288     0.978772    0.0170723    0.0307139   0.00975024  -0.00633269    0.0186475    0.0334003 -1.11349e-13   -0.0174955   0.00284192    0.0144315    0.0265202    0.0155657     0.011012   0.00179955   0.00704006    0.0131494    0.0312985    0.0121044    0.0193475    0.0220241   -0.0105555  0.000941057    0.0174631    0.0231473  0.000683336  -0.00358909 -0.000103996  0.000363512 -0.000901558 -0.000363676
  -0.0293753   0.00789846  -0.00235435   -0.0327398    0.0108893   -0.0107486   0.00122138 -0.000382023  -0.00307162 -0.000821609  -0.00185112   0.00244212   -0.0480415    0.0209259    0.0170723     0.948249    -0.103157   -0.0412628    -0.024785   -0.0475692   -0.0276749  1.25368e-14   -0.0479546   0.00229448   -0.0420053   -0.0454776   -0.0262415   -0.0419873  -0.00200679   -0.0127531   -0.0137162   -0.0263966   -0.0304448   -0.0152303   -0.0218111   -0.0140797  -0.00152488   -0.0480744  -0.00779736  -0.00186648 -0.000507116  5.27114e-05  -0.00152551   0.00115828 -0.000374978
  -0.0373571    0.0183968  8.11079e-05   -0.0730055  -0.00280677   -0.0379612   0.00228222   -0.0015162   -0.0197492  -0.00278839  -0.00409345  -0.00122857    -0.103453     0.162086    0.0307139    -0.103157       0.6843    -0.084087   -0.0388862   -0.0899387   -0.0428661 -1.17198e-14    -0.193626    0.0744047   -0.0827362     -0.09462   -0.0419092   -0.0822713   0.00249524   -0.0314017    0.0560397   -0.0185245   -0.0244767   -0.0380513   -0.0423152  -0.00835471  -0.00224631   -0.0902459   0.00599409  -0.00515272   0.00516161  0.000134542  -0.00571279   0.00343067 -0.000184034
   -0.024779   0.00617642 -0.000819392   -0.0257113   0.00993702  -0.00897446   0.00148465 -0.000257492  -0.00533046  0.000220065  -0.00159908  0.000467142   -0.0390716    0.0175075   0.00975024   -0.0412628    -0.084087     0.966049   -0.0233587    -0.037113   -0.0161014 -9.95492e-14    -0.047402   0.00301027   -0.0333766   -0.0331748   -0.0191351   -0.0342889  -0.00139848  -0.00939159  -0.00813054   -0.0147041   -0.0234758  -0.00867965   -0.0135579   -0.0150315 -0.000680316    -0.037881 -0.000906323  -0.00147332  -0.00119321  4.50583e-05  -0.00130691  0.000788176 -0.000394332
  -0.0277391   0.00271648   0.00322812    -0.010403 -0.000176102   -0.0115683  -0.00456346 -2.67971e-05   -0.0108064 -0.000693155  -0.00186983  -0.00350914   -0.0238745    -0.020104  -0.00633269    -0.024785   -0.0388862   -0.0233587     0.965287   -0.0203413   0.00742055 -8.33927e-13   -0.0424179     -0.01469   -0.0190697    -0.015064  -0.00599542    -0.024393 -0.000854304  -0.00274436   -0.0182745   0.00421851   -0.0224547   0.00911113   0.00377514   -0.0295336   0.00393675    -0.022689    0.0119153 -0.000653015   -0.0106965 -8.89425e-05  -0.00157657 -7.30096e-05 -0.000874706
  -0.0266991   0.00734953  -0.00312207   -0.0302817    0.0074278  -0.00777698   0.00131949 -0.000262092   0.00115938  -0.00148433  -0.00146947   0.00418297   -0.0432709    0.0107817    0.0186475   -0.0475692   -0.0899387    -0.037113   -0.0203413     0.955247   -0.0298676   6.6567e-15   -0.0346665  -0.00280202   -0.0389973   -0.0466401   -0.0263746   -0.0380856  -0.00208245   -0.0119535   -0.0195095   -0.0351556   -0.0301522   -0.0168596   -0.0229531   -0.0108451  -0.00168084   -0.0448586   -0.0139606   -0.0016471   0.00123767  6.00514e-05  -0.00105113   0.00110527 -0.000244599
  -0.0112848   0.00118125   -0.0101988   -0.0190649    0.0223901   -0.0208361   -0.0166469 -0.000202883    0.0023331   -0.0110821  0.000323617   0.00292401    -0.019906  -0.00735321    0.0334003   -0.0276749   -0.0428661   -0.0161014   0.00742055   -0.0298676      0.93945 -7.84059e-15    0.0330597   -0.0133441    -0.022664   -0.0419596   -0.0253712   -0.0193306   -0.0065186   -0.0106405   -0.0317268   -0.0502145   -0.0243095   -0.0319287   -0.0344629    0.0129268 -0.000274445    -0.028919   -0.0393041 -0.000811752   0.00699505  0.000388285 -0.000480253   0.00126214  0.000857527
-2.12901e-13  3.04341e-14 -2.93601e-14  1.49164e-14 -1.67245e-13  1.44442e-13  7.93111e-14 -9.42129e-16  6.43872e-14  1.22393e-14 -4.72697e-16  5.73192e-14 -1.80845e-13 -1.91706e-14 -1.11349e-13  1.25368e-14 -1.17198e-14 -9.95492e-14 -8.33927e-13   6.6567e-15 -7.84059e-15  2.86627e-24 -9.52493e-14  2.86646e-15  2.17548e-14 -1.42342e-13 -8.63406e-15   6.4888e-15 -4.38109e-13 -3.76007e-14 -6.05843e-14 -2.12061e-13 -5.83835e-14 -3.94515e-14  3.23658e-14 -6.54088e-13  2.42052e-14  1.53828e-14 -9.24233e-14 -1.72467e-16  2.77574e-15  3.84353e-15  2.91201e-15 -1.57253e-15 -1.19995e-15
  -0.0208021    0.0111391    0.0104133   -0.0332552  -0.00610129   -0.0180953   0.00931199 -0.000469101   -0.0287027   0.00601533  -0.00294387  -0.00907997   -0.0564044     0.113537   -0.0174955   -0.0479546    -0.193626    -0.047402   -0.0424179   -0.0346665    0.0330597 -9.52493e-14     0.807727    0.0640449   -0.0374616   -0.0273896  -0.00293797   -0.0434064   0.00589258    -0.010821    0.0698047    0.0398294   0.00522541   0.00677743    0.0098914   -0.0266838 -0.000181452   -0.0370337    0.0474821  -0.00271754 -0.000529685 -7.57983e-05   -0.0035788  0.000918862 -0.000747284
  -0.0272707  -0.00387947  -0.00699697     0.011976  -0.00249147  -0.00826526   -0.0240644   0.00138569 -0.000730155   -0.0149534  0.000711708   0.00153235    0.0120826      -0.1699   0.00284192   0.00229448    0.0744047   0.00301027     -0.01469  -0.00280202   -0.0133441  2.86646e-15    0.0640449     0.905605  0.000849372   -0.0379793  -0.00935992  -0.00297276   -0.0100213   0.00802883    -0.106171    -0.077817   -0.0424727   0.00168746 -0.000772435   -0.0255712 -0.000819023  -0.00476432   -0.0426746   0.00150446  -0.00539241  0.000259185  0.000690156   -0.0015896  1.72142e-05
  -0.0232365    0.0063941  -0.00204287   -0.0269717   0.00616099  -0.00639809   0.00260563 -0.000234272 -0.000293885  -0.00023993  -0.00135403   0.00278847   -0.0389204    0.0148609    0.0144315   -0.0420053   -0.0827362   -0.0333766   -0.0190697   -0.0389973    -0.022664  2.17548e-14   -0.0374616  0.000849372     0.965543   -0.0387484    -0.022209   -0.0338966  -0.00138168   -0.0102856   -0.0125439   -0.0261409   -0.0247752    -0.013244   -0.0182371   -0.0106299  -0.00128245   -0.0391704  -0.00864074  -0.00148725   0.00110674  5.14145e-05 -0.000979101  0.000940348 -0.000252565
  -0.0298182    0.0084777   -0.0075326   -0.0274861   -0.0216239   -0.0139767   -0.0126696  0.000658667   0.00528804   -0.0137829 -0.000316039   0.00907022    -0.036729   -0.0599369    0.0265202   -0.0454776     -0.09462   -0.0331748    -0.015064   -0.0466401   -0.0419596 -1.42342e-13   -0.0273896   -0.0379793   -0.0387484     0.904821   -0.0327491   -0.0368907  -0.00522277   -0.0107731   -0.0627536    -0.109559   -0.0425097   -0.0295828   -0.0312342  -0.00856929  -0.00362317   -0.0463474   -0.0518765  -0.00129646   0.00988592  0.000269709 -0.000457463  0.000833746  0.000456334
  -0.0138057   0.00469055  -0.00357268   -0.0174286    0.0115255   0.00318276   0.00311276 -6.57815e-06    0.0117383  -0.00259165 -0.000382692    0.0080302   -0.0225124  -0.00464467    0.0155657   -0.0262415   -0.0419092   -0.0191351  -0.00599542   -0.0263746   -0.0253712 -8.63406e-15  -0.00293797  -0.00935992    -0.022209   -0.0327491     0.980298   -0.0200147  -0.00152248  -0.00704605   -0.0202434   -0.0372123   -0.0195677   -0.0151255   -0.0177929  -0.00185091 -0.000992661   -0.0257233   -0.0210703 -0.000768025   0.00322964  8.92348e-05 -0.000232008  0.000667249  6.83732e-05
  -0.0270736   0.00554881  -0.00167086   -0.0254246   0.00981927   -0.0131295  -0.00244065 -0.000186777  -0.00761682  -0.00148968  -0.00155431 -0.000631418   -0.0389017   0.00683037     0.011012   -0.0419873   -0.0822713   -0.0342889    -0.024393   -0.0380856   -0.0193306   6.4888e-15   -0.0434064  -0.00297276   -0.0338966   -0.0368907   -0.0200147     0.964749  -0.00252305  -0.00931551   -0.0155396   -0.0198915   -0.0268746  -0.00962312   -0.0147064   -0.0163189 -0.000725624   -0.0390707  -0.00407527  -0.00142104  -0.00134686  8.56482e-05  -0.00134405  0.000741059 -0.000342387
 -0.00458102  -0.00130132  -0.00250864  3.31415e-05    0.0102537  -0.00987771  -0.00840821  0.000199349   -0.0096824  -0.00273753  0.000210081  -0.00423728 -0.000261841   -0.0197089   0.00179955  -0.00200679   0.00249524  -0.00139848 -0.000854304  -0.00208245   -0.0065186 -4.38109e-13   0.00589258   -0.0100213  -0.00138168  -0.00522277  -0.00152248  -0.00252305     0.996432  0.000694455   -0.0133763  -0.00715827  -0.00634323  -0.00160413  -0.00136389  -0.00270372  -0.00191905  -0.00273675  -0.00398783  0.000125414   0.00107121  0.000157894  7.92375e-05 -0.000216767  0.000174238
 -0.00383859   0.00236962 -0.000427384  -0.00926603  0.000712039  -0.00177252   0.00157099 -0.000272408   0.00386652 -0.000261682 -0.000455644   0.00253565   -0.0121968    0.0204487   0.00704006   -0.0127531   -0.0314017  -0.00939159  -0.00274436   -0.0119535   -0.0106405 -3.76007e-14    -0.010821   0.00802883   -0.0102856   -0.0107731  -0.00704605  -0.00931551  0.000694455      0.99508   0.00429667  -0.00486801  -0.00418859   -0.0069384  -0.00863777   0.00186477  -0.00030498   -0.0115779  -0.00299995 -0.000618502  0.000615948 -4.51424e-05 -0.000446117   0.00060345  -2.5528e-05
  -0.0375294  -0.00225599   -0.0105711   0.00233791   -0.0009751   -0.0169254   -0.0292417   0.00162901  -0.00584897   -0.0159604  0.000858009  0.000343685 -0.000308161    -0.192494    0.0131494   -0.0137162    0.0560397  -0.00813054   -0.0182745   -0.0195095   -0.0317268 -6.05843e-14    0.0698047    -0.106171   -0.0125439   -0.0627536   -0.0202434   -0.0155396   -0.0133763   0.00429667     0.868559    -0.109497   -0.0586889  -0.00787638   -0.0123955   -0.0272981  -0.00201035   -0.0214611   -0.0559939   0.00114663  0.000844452   0.00040856   0.00167316  -0.00125331  0.000218279
  -0.0212183   0.00706996   -0.0120892   -0.0159172   -0.0233269    0.0091326    -0.009697   0.00194526    0.0309178   -0.0173178   0.00228545    0.0212294   -0.0139241    -0.141667    0.0312985   -0.0263966   -0.0185245   -0.0147041   0.00421851   -0.0351556   -0.0502145 -2.12061e-13    0.0398294    -0.077817   -0.0261409    -0.109559   -0.0372123   -0.0198915  -0.00715827  -0.00486801    -0.109497     0.824482    -0.047482   -0.0375349   -0.0341069   0.00144956  -0.00438514   -0.0329571   -0.0908644  0.000163623    0.0252739  0.000472727   0.00336185   0.00016016   0.00125638
   -0.031295   0.00271793  -0.00484199   -0.0137745   0.00767364   -0.0129506   -0.0118141  0.000293477  -0.00495138   -0.0069264 -0.000966026  0.000808028   -0.0233362   -0.0661669    0.0121044   -0.0304448   -0.0244767   -0.0234758   -0.0224547   -0.0301522   -0.0243095 -5.83835e-14   0.00522541   -0.0424727   -0.0247752   -0.0425097   -0.0195677   -0.0268746  -0.00634323  -0.00418859   -0.0586889    -0.047482     0.960696  -0.00754162   -0.0140272   -0.0207623  -0.00146876   -0.0315651   -0.0221196  -0.00045789  -0.00458119  0.000122859 -0.000679154  -5.4421e-06 -0.000309563
-0.000729834   0.00247253  -0.00504607   -0.0129571   0.00415618  -0.00490093  -0.00446031  1.96938e-05   0.00844842   -0.0061038  0.000575295   0.00563205   -0.0120558    0.0100441    0.0193475   -0.0152303   -0.0380513  -0.00867965   0.00911113   -0.0168596   -0.0319287 -3.94515e-14   0.00677743   0.00168746    -0.013244   -0.0295828   -0.0151255  -0.00962312  -0.00160413   -0.0069384  -0.00787638   -0.0375349  -0.00754162       0.9781   -0.0205277    0.0131066 -0.000470608   -0.0154698   -0.0259037 -0.000580433   0.00978858  0.000221525  0.000236036  0.000907022  0.000694251
 -0.00625025   0.00320911  -0.00494197    -0.015846  -0.00130642  -0.00447482   -0.0018455 -0.000343665   0.00955429  -0.00410275 -0.000258735   0.00601605   -0.0177027    0.0112532    0.0220241   -0.0218111   -0.0423152   -0.0135579   0.00377514   -0.0229531   -0.0344629  3.23658e-14    0.0098914 -0.000772435   -0.0182371   -0.0312342   -0.0177929   -0.0147064  -0.00136389  -0.00863777   -0.0123955   -0.0341069   -0.0140272   -0.0205277     0.976116   0.00955729  -0.00257135     -0.02171   -0.0234134  -0.00089617   0.00360193  3.32713e-05  -0.00044925   0.00105454  0.000286421
  -0.0245883  0.000872561   0.00209902  -0.00267557   0.00725147  -0.00835906  -0.00586252   0.00029746   -0.0135297  -0.00104766  -0.00127876  -0.00486286   -0.0128471   -0.0446909   -0.0105555   -0.0140797  -0.00835471   -0.0150315   -0.0295336   -0.0108451    0.0129268 -6.54088e-13   -0.0266838   -0.0255712   -0.0106299  -0.00856929  -0.00185091   -0.0163189  -0.00270372   0.00186477   -0.0272981   0.00144956   -0.0207623    0.0131066   0.00955729     0.970027   0.00212448   -0.0134203   0.00986303 -4.11478e-05  -0.00999223   3.2915e-06  -0.00102416 -0.000693474  -0.00075667
-0.000230948  0.000804948  -0.00236925 -0.000827104  -0.00346918   0.00217291   0.00129693 -1.12298e-05   0.00108163  4.13535e-05 -0.000105058   0.00106164 -0.000833892  -0.00114284  0.000941057  -0.00152488  -0.00224631 -0.000680316   0.00393675  -0.00168084 -0.000274445  2.42052e-14 -0.000181452 -0.000819023  -0.00128245  -0.00362317 -0.000992661 -0.000725624  -0.00191905  -0.00030498  -0.00201035  -0.00438514  -0.00146876 -0.000470608  -0.00257135   0.00212448  0.000702828  -0.00153171  -0.00156485 -5.81204e-05 -0.000513098 -0.000378411  5.54286e-05 -0.000284078 -7.20585e-05
  -0.0286878    0.0070633  -0.00311063   -0.0299001   0.00939536    -0.010903 -0.000964957 -0.000242991  -0.00248632  -0.00200891  -0.00156747   0.00258057   -0.0436585   0.00679491    0.0174631   -0.0480744   -0.0902459    -0.037881    -0.022689   -0.0448586    -0.028919  1.53828e-14   -0.0370337  -0.00476432   -0.0391704   -0.0463474   -0.0257233   -0.0390707  -0.00273675   -0.0115779   -0.0214611   -0.0329571   -0.0315651   -0.0154698     -0.02171   -0.0134203  -0.00153171     0.954668   -0.0121771  -0.00163029  0.000173152  8.19291e-05  -0.00121362   0.00101764 -0.000284574
 -0.00550062    0.0028662  -0.00838185  -0.00528057  -0.00282735   0.00683969  -0.00888253  0.000794929    0.0265123   -0.0147242    0.0014904     0.016349 -0.000311057   -0.0687638    0.0231473  -0.00779736   0.00599409 -0.000906323    0.0119153   -0.0139606   -0.0393041 -9.24233e-14    0.0474821   -0.0426746  -0.00864074   -0.0518765   -0.0210703  -0.00407527  -0.00398783  -0.00299995   -0.0559939   -0.0908644   -0.0221196   -0.0259037   -0.0234134   0.00986303  -0.00156485   -0.0121771     0.941589  0.000331928    0.0107588  0.000274649   0.00102909  0.000245021   0.00091102
-0.000617972  0.000329471  3.13028e-05  -0.00131357 -0.000240201 -0.000342119  0.000414092 -5.25835e-05 -3.78088e-05  0.000182685 -0.000105876   6.5922e-05  -0.00186437   0.00345825  0.000683336  -0.00186648  -0.00515272  -0.00147332 -0.000653015   -0.0016471 -0.000811752 -1.72467e-16  -0.00271754   0.00150446  -0.00148725  -0.00129646 -0.000768025  -0.00142104  0.000125414 -0.000618502   0.00114663  0.000163623  -0.00045789 -0.000580433  -0.00089617 -4.11478e-05 -5.81204e-05  -0.00163029  0.000331928    0.0225517 -0.000178985 -8.38538e-06 -0.000117682  7.29298e-05 -2.37022e-05
 -0.00702283  0.000708417   0.00213419   0.00351935  -0.00325445  0.000858831  0.000261956 -0.000752398  0.000531342  -0.00096725  -0.00174076    0.0011983 -0.000478681   0.00209261  -0.00358909 -0.000507116   0.00516161  -0.00119321   -0.0106965   0.00123767   0.00699505  2.77574e-15 -0.000529685  -0.00539241   0.00110674   0.00988592   0.00322964  -0.00134686   0.00107121  0.000615948  0.000844452    0.0252739  -0.00458119   0.00978858   0.00360193  -0.00999223 -0.000513098  0.000173152    0.0107588 -0.000178985   0.00364074 -0.000328582  -0.00278937 -0.000185152 -0.000867279
 6.91835e-05   8.7991e-05  0.000112637   4.8621e-05 -0.000813459  0.000544918  0.000441773  -1.8952e-05  0.000574652  0.000145999 -3.73013e-05  0.000264746 -5.89269e-07  0.000690086 -0.000103996  5.27114e-05  0.000134542  4.50583e-05 -8.89425e-05  6.00514e-05  0.000388285  3.84353e-15 -7.57983e-05  0.000259185  5.14145e-05  0.000269709  8.92348e-05  8.56482e-05  0.000157894 -4.51424e-05   0.00040856  0.000472727  0.000122859  0.000221525  3.32713e-05   3.2915e-06 -0.000378411  8.19291e-05  0.000274649 -8.38538e-06 -0.000328582    0.0226316 -2.50212e-05   4.1259e-06 -2.49996e-05
 -0.00127406  0.000252745  0.000125568 -0.000623789 -7.94811e-05  -0.00140479 -0.000803457  -0.00015522 -0.000615535 -0.000865101 -0.000306826  1.37664e-05  -0.00150245   0.00382013  0.000363512  -0.00152551  -0.00571279  -0.00130691  -0.00157657  -0.00105113 -0.000480253  2.91201e-15   -0.0035788  0.000690156 -0.000979101 -0.000457463 -0.000232008  -0.00134405  7.92375e-05 -0.000446117   0.00167316   0.00336185 -0.000679154  0.000236036  -0.00044925  -0.00102416  5.54286e-05  -0.00121362   0.00102909 -0.000117682  -0.00278937 -2.50212e-05    0.0219822  3.63003e-05 -8.85809e-05
 -3.7035e-05 -0.000216234  -1.1482e-05   0.00098252   0.00035985  9.12414e-05 -0.000357487   4.2564e-05 -0.000641948 -8.78557e-05  3.83175e-05 -0.000296607   0.00116147  -0.00350418 -0.000901558   0.00115828   0.00343067  0.000788176 -7.30096e-05   0.00110527   0.00126214 -1.57253e-15  0.000918862   -0.0015896  0.000940348  0.000833746  0.000667249  0.000741059 -0.000216767   0.00060345  -0.00125331   0.00016016  -5.4421e-06  0.000907022   0.00105454 -0.000693474 -0.000284078   0.00101764  0.000245021  7.29298e-05 -0.000185152   4.1259e-06  3.63003e-05    0.0225649 -5.09482e-06
-0.000513518  0.000195688  0.000233808 -6.93041e-05 -0.000278223  0.000686719  0.000647793 -3.50639e-05    0.0003717  0.000286287 -0.000107953  0.000245417 -0.000433887  0.000519839 -0.000363676 -0.000374978 -0.000184034 -0.000394332 -0.000874706 -0.000244599  0.000857527 -1.19995e-15 -0.000747284  1.72142e-05 -0.000252565  0.000456334  6.83732e-05 -0.000342387  0.000174238  -2.5528e-05  0.000218279   0.00125638 -0.000309563  0.000694251  0.000286421  -0.00075667 -7.20585e-05 -0.000284574   0.00091102 -2.37022e-05 -0.000867279 -2.49996e-05 -8.85809e-05 -5.09482e-06    0.0225893
* row and column names
hk_i:12_j:12_zone:1.0
wel2
hk_i:2_j:2_zone:1.0
hk_i:37_j:17_zone:1.0
strinf
wel5
wel3
rch_i:27_j:2_zone:1.0
wel1
wel4
rch_i:32_j:7_zone:1.0
wel0
hk_i:2_j:17_zone:1.0
hk_i:27_j:12_zone:1.0
hk_i:17_j:2_zone:1.0
hk_i:17_j:17_zone:1.0
hk_i:27_j:2_zone:1.0
hk_i:7_j:17_zone:1.0
hk_i:2_j:12_zone:1.0
hk_i:27_j:17_zone:1.0
hk_i:37_j:7_zone:1.0
hk_i:7_j:7_zone:1.0
hk_i:22_j:2_zone:1.0
hk_i:32_j:12_zone:1.0
hk_i:32_j:17_zone:1.0
hk_i:22_j:7_zone:1.0
hk_i:37_j:12_zone:1.0
hk_i:12_j:17_zone:1.0
hk_i:2_j:7_zone:1.0
hk_i:12_j:2_zone:1.0
hk_i:22_j:12_zone:1.0
hk_i:27_j:7_zone:1.0
hk_i:17_j:12_zone:1.0
hk_i:32_j:2_zone:1.0
hk_i:7_j:2_zone:1.0
hk_i:7_j:12_zone:1.0
rch_i:2_j:2_zone:1.0
hk_i:22_j:17_zone:1.0
hk_i:32_j:7_zone:1.0
rch_i:32_j:2_zone:1.0
rch_i:22_j:7_zone:1.0
rch_i:7_j:2_zone:1.0
rch_i:27_j:7_zone:1.0
rch_i:7_j:7_zone:1.0
rch_i:37_j:7_zone:1.0
