    65    65     1
    0.948052   -0.0281608   -0.0026659   -0.0351956   -0.0258104   -0.0143361   -0.0372487   -0.0244763   -0.0173735   -0.0016334    -0.044722   -0.0220421  -0.00417433  0.000855931    -0.110643   -0.0387578   0.00408198   -0.0323519   -0.0291286    -0.020128   0.00401229   0.00638496  -0.00579326  -0.00979484    0.0182232   -0.0924316   -0.0343021    0.0123121   -0.0484234  -0.00138972  -0.00184994  0.000494038  -0.00151102  -0.00189968  1.15409e-05  -0.00147236  -0.00192226   -0.0003837  -0.00108882  -0.00151656  -0.00195526 -0.000975108   -0.0013576  -0.00094929  -0.00167711   0.00151976  0.000296597  -0.00149904  -0.00194128  -0.00105306  -0.00128123  -0.00103712  -0.00121578 -0.000859846  -0.00114299  -0.00178792   0.00130778 -4.82632e-05   0.00174945   0.00271132  -0.00537459   0.00317929   -0.0080085  -0.00463123 -0.000404464
  -0.0281608      0.97277  0.000842909   -0.0282839   -0.0277489  -0.00319846   -0.0274349   -0.0262882  -0.00684458    0.0108001   -0.0334996   -0.0240454  -0.00171837    0.0173428   -0.0183612   -0.0223536 -0.000737169   0.00167199   -0.0257754   -0.0234304   0.00551353    0.0107573  -0.00650926   -0.0126835    0.0186181   -0.0234025   -0.0245918   0.00344198   0.00885127  -0.00173369  -0.00210135 -0.000480284  -0.00175482   -0.0021303 -0.000552669   -0.0016738  -0.00215065  -0.00052597  -0.00111556   -0.0017078  -0.00218964 -0.000746841  -0.00125136  -0.00150874  -0.00200042 -0.000455362 -0.000633256  -0.00168652  -0.00219117 -0.000822895   -0.0011787  -0.00118338  -0.00141013 -0.000807613  -0.00160787  -0.00207191 -0.000306755 -0.000884675   0.00255765  -0.00321887  -0.00959129 -0.000911468  -0.00973632  -0.00518023  -0.00526591
  -0.0026659  0.000842909     0.998944  0.000331876   0.00114765  -0.00188944  0.000249117   0.00110702  -0.00200105  -0.00218006   0.00124157  0.000998384  -0.00051768  -0.00341103    -0.015639  -0.00234975   0.00161484   -0.0050659   0.00168872   0.00134914  -0.00079744  -0.00154072  5.35386e-05  0.000674995  -0.00156009   -0.0105238  -0.00082649   0.00151195  -0.00977982  0.000138484  0.000125156  0.000190046  0.000120686  0.000125566  0.000128586   0.00010433  0.000127514  5.75805e-05  7.88013e-05  0.000100991  0.000130321  1.13796e-05  5.14437e-05  0.000199659  0.000135228  0.000450969  0.000322276  9.94475e-05  0.000130084  2.11829e-05  5.92594e-05  6.88599e-05  8.15928e-05   4.4204e-05  0.000166213  0.000128557  0.000327905  0.000279062  0.000930469   0.00294317   0.00311907   0.00189297   0.00122983  0.000326144   0.00219354
  -0.0351956   -0.0282839  0.000331876     0.957382   -0.0300089   0.00440309   -0.0628551   -0.0311653    0.0191655   -0.0150711   -0.0802233   -0.0292482     0.010217   -0.0284128   -0.0231977   -0.0225408  -0.00576248  -0.00748094   -0.0490785   -0.0255273  -0.00210531   -0.0102859   -0.0121879    -0.012279    0.0084276   -0.0289722   -0.0250128  -0.00543634   0.00142316  -0.00179793  -0.00217621 -0.000162127  -0.00174435  -0.00218907 -8.63425e-05  -0.00157689  -0.00218271 -7.42033e-05 -0.000922842  -0.00159636  -0.00220908 -0.000560389  -0.00102428  -0.00160047  -0.00209071 -0.000649819 -0.000850315  -0.00162015  -0.00220005  -0.00088101  -0.00118425  -0.00114709  -0.00137991 -0.000865122  -0.00168763  -0.00215577 -0.000251477   -0.0011057  -0.00190583   0.00338526  -0.00459257   0.00246316   -0.0156168    -0.010429  -0.00253814
  -0.0258104   -0.0277489   0.00114765   -0.0300089     0.970839   7.5843e-06   -0.0321946   -0.0280995 -0.000644916   0.00849715   -0.0394636    -0.025953  0.000726304    0.0120907  -0.00451753   -0.0204196  -0.00238762    0.0054769   -0.0291064   -0.0248693   0.00428269   0.00752514  -0.00801814   -0.0135221    0.0165948   -0.0132738   -0.0236213  0.000322182     0.016903  -0.00183236  -0.00219678 -0.000590868  -0.00182043  -0.00221747 -0.000563154   -0.0017186  -0.00223175 -0.000467355   -0.0010862  -0.00175026  -0.00226958 -0.000671016  -0.00120016  -0.00165866  -0.00211303 -0.000842049 -0.000849876  -0.00173559  -0.00227327 -0.000786666  -0.00116115  -0.00122415  -0.00146713 -0.000807604  -0.00173634  -0.00217629 -0.000579837  -0.00107814   0.00165587  -0.00178484  -0.00854604 -4.91299e-05   -0.0107938  -0.00627743  -0.00469863
  -0.0143361  -0.00319846  -0.00188944   0.00440309   7.5843e-06     0.981176    0.0228142     0.002635   -0.0309356     0.026218    0.0326108   0.00381132  -0.00559699    0.0449147   -0.0617061   -0.0136811   0.00867606   -0.0137359    0.0201513   0.00213951    0.0164655    0.0337497   0.00975667   0.00131276    0.0270973   -0.0458391   -0.0093064    0.0174425   -0.0292208 -2.93403e-05 -9.79842e-05 -3.41348e-05 -0.000178523 -0.000132788 -0.000578418  -0.00027506 -0.000160905  -0.00116907 -0.000764769  -0.00032055 -0.000172972  -0.00162029  -0.00119556  0.000222073 -2.14037e-05   0.00120749  0.000651783 -0.000258027 -0.000157867  -0.00106657 -0.000776535 -0.000135228 -8.59246e-05 -0.000382956  0.000119033 -6.28202e-05  0.000740188  0.000487139   0.00417389 -4.98064e-05  -0.00135479    0.0011596   0.00471229    0.0053353   0.00163247
  -0.0372487   -0.0274349  0.000249117   -0.0628551   -0.0321946    0.0228142     0.878282    -0.038248    0.0677479   -0.0653158    -0.160001   -0.0375491    0.0296154    -0.117362   -0.0039557   -0.0164767   -0.0152999   -0.0131257   -0.0894058   -0.0288751   -0.0224765   -0.0583088   -0.0254891   -0.0125282   -0.0226451     -0.01632   -0.0208874   -0.0247962   0.00329896  -0.00171724  -0.00210382  0.000482902  -0.00148375  -0.00207565   0.00106412  -0.00114924  -0.00201778   0.00149401  9.55527e-05  -0.00112228  -0.00202228   0.00101781  0.000389788  -0.00165307  -0.00206856  -0.00110038  -0.00114512  -0.00127707  -0.00202139 -9.64222e-05 -0.000507271 -0.000967041  -0.00124341  -0.00060089  -0.00169834  -0.00211057 -0.000254892  -0.00134091  -0.00594656    0.0108247    0.0022674   0.00560112   -0.0255626   -0.0194818 -0.000178806
  -0.0244763   -0.0262882   0.00110702   -0.0311653   -0.0280995     0.002635    -0.038248     0.972257   0.00621138   0.00193336   -0.0477529   -0.0258447   0.00346067  0.000379251 -0.000171337   -0.0183526  -0.00360362   0.00504771   -0.0328158   -0.0241388   0.00163921   0.00126592  -0.00928903   -0.0129156    0.0121065  -0.00976092   -0.0217644  -0.00241916      0.01736   -0.0017482  -0.00209471 -0.000507019   -0.0017124  -0.00210858 -0.000412778  -0.00159407  -0.00211534 -0.000276798 -0.000926578  -0.00161913  -0.00214853 -0.000480188 -0.000995748  -0.00160145  -0.00202276 -0.000905145 -0.000867089  -0.00161993  -0.00215273 -0.000676974   -0.0010401   -0.0011496  -0.00138681 -0.000746362   -0.0016693  -0.00207942 -0.000590294  -0.00107811  0.000932818 -0.000162651  -0.00679774  0.000761871   -0.0114657  -0.00714648  -0.00381248
  -0.0173735  -0.00684458  -0.00200105    0.0191655 -0.000644916   -0.0309356    0.0677479   0.00621138      0.89985    0.0333335    0.0850687   0.00798094   -0.0537323    0.0837971   -0.0872291   -0.0223992    0.0148255   -0.0148659    0.0369027   0.00164752   0.00859286    0.0281821   0.00861532 -0.000822701    0.0168647   -0.0647502   -0.0161436    0.0296605    -0.038762 -0.000357442 -0.000472906 -0.000130688 -0.000604454  -0.00054248  -0.00056582 -0.000668834 -0.000595696 -8.27542e-05 -0.000579476 -0.000620034 -0.000609441  0.000940692 -0.000165608  7.78763e-05 -0.000331487   0.00162423  0.000879996 -0.000511468 -0.000582624   0.00094664  0.000132353 -0.000320853 -0.000371618  0.000110648 -9.64267e-05  -0.00040711  0.000878954  0.000591252  0.000232821  -0.00341615  -0.00577473   0.00319331    0.0201551    0.0126732   0.00205123
  -0.0016334    0.0108001  -0.00218006   -0.0150711   0.00849715     0.026218   -0.0653158   0.00193336    0.0333335     0.890075   -0.0966364  -0.00151857   -0.0112864     -0.16474   -0.0134637   0.00707949    -0.011563   -0.0273151   -0.0558212   0.00399962    -0.059581    -0.120517    -0.028549   0.00281622   -0.0947229  -0.00806098   0.00918151   -0.0278307   -0.0345035  0.000985931   0.00102439   0.00218615   0.00122927   0.00108379   0.00323777   0.00150356   0.00116848   0.00508848   0.00319973    0.0016999   0.00122782   0.00676602   0.00498832  0.000792346  0.000958678  0.000835601  0.000462036   0.00145216   0.00120751   0.00446704   0.00323492  0.000869078  0.000781881   0.00163664  0.000841584  0.000993418   0.00124312  0.000647993   -0.0145841    0.0106264    0.0127707   0.00618743  -0.00149187   -0.0102652    0.0062613
   -0.044722   -0.0334996   0.00124157   -0.0802233   -0.0394636    0.0326108    -0.160001   -0.0477529    0.0850687   -0.0966364     0.784842   -0.0471808    0.0326616    -0.166753   0.00623896   -0.0170509   -0.0216835   -0.0150828    -0.121953   -0.0363587   -0.0367175   -0.0899819   -0.0357171   -0.0154087   -0.0404622   -0.0131559   -0.0239492    -0.035148   0.00826707   -0.0021666  -0.00262105  0.000688673  -0.00182755  -0.00258331   0.00166518  -0.00131962   -0.0025001   0.00272482  0.000572738  -0.00123244  -0.00249763   0.00260936   0.00139178  -0.00210241   -0.0025817  -0.00164196  -0.00159677  -0.00147279  -0.00249338  0.000737154  -0.00012655  -0.00114412  -0.00151542 -0.000531661  -0.00214932  -0.00262993 -0.000460949  -0.00184279   -0.0103535    0.0109813  0.000903815   0.00567968   -0.0316225   -0.0247402  -0.00173446
  -0.0220421   -0.0240454  0.000998384   -0.0292482    -0.025953   0.00381132   -0.0375491   -0.0258447   0.00798094  -0.00151857   -0.0471808       0.9757   0.00344033  -0.00532288   0.00136788    -0.016613    -0.003788   0.00462585   -0.0322158   -0.0225805 -0.000761488  -0.00310902  -0.00983277   -0.0122188   0.00763412  -0.00769216   -0.0197699  -0.00352802    0.0160872  -0.00157158  -0.00189253 -0.000397249  -0.00152671  -0.00190213 -0.000263233  -0.00141126  -0.00190571 -6.65855e-05 -0.000713365  -0.00142988  -0.00193528 -0.000187504 -0.000715714  -0.00145293  -0.00183048 -0.000821342 -0.000782034  -0.00144252  -0.00194323   -0.0004558 -0.000829383  -0.00103242   -0.0012569 -0.000623506  -0.00151116  -0.00188069 -0.000516004 -0.000962294 -0.000757491 -0.000976793  -0.00642998  -9.8037e-05   -0.0108884  -0.00695936  -0.00393093
 -0.00417433  -0.00171837  -0.00051768     0.010217  0.000726304  -0.00559699    0.0296154   0.00346067   -0.0537323   -0.0112864    0.0326616   0.00344033     0.953702   0.00846044   -0.0294045  -0.00760658   0.00337584  -0.00756354   0.00564686  0.000166075   -0.0175451   -0.0248808  -0.00602412  -0.00165884   -0.0262564   -0.0217292   -0.0052966   0.00604932   -0.0176523 -4.69493e-05 -0.000101388  0.000477663 -0.000116813 -0.000125516    0.0006535 -9.59497e-05 -0.000141705   0.00170939  0.000595085 -1.72688e-06 -0.000138538   0.00312462   0.00147218  5.74511e-05 -5.26082e-05  0.000772623  0.000360787  2.23353e-05  -0.00013564   0.00237022   0.00126341 -9.04803e-06 -0.000106378  0.000698297  1.35768e-05 -7.81603e-05  0.000583278  0.000330707 -0.000863037  -0.00355559  -0.00394074  0.000596409    0.0110366   0.00313414  -0.00117951
 0.000855931    0.0173428  -0.00341103   -0.0284128    0.0120907    0.0449147    -0.117362  0.000379251    0.0837971     -0.16474    -0.166753  -0.00532288   0.00846044     0.734817  -0.00365548    0.0144039   -0.0193797   -0.0371521   -0.0889932   0.00499365   -0.0864973    -0.177427   -0.0433023   0.00361333    -0.137535  0.000924075    0.0166823     -0.04717   -0.0435001   0.00172057   0.00177537   0.00338008    0.0021489   0.00188703   0.00495297   0.00253661   0.00202661   0.00729509   0.00497837   0.00277663   0.00211206   0.00917371   0.00729607   0.00131125    0.0016393   0.00118364  0.000714362   0.00234715   0.00205688   0.00585314   0.00455032   0.00140292   0.00131135   0.00225919   0.00142158   0.00170957   0.00187937   0.00107852  -0.00896862    0.0161531    0.0223622   0.00691145  -0.00719003   -0.0167582    0.0106507
   -0.110643   -0.0183612    -0.015639   -0.0231977  -0.00451753   -0.0617061   -0.0039557 -0.000171337   -0.0872291   -0.0134637   0.00623896   0.00136788   -0.0294045  -0.00365548     0.564879   -0.0906002    0.0365527     -0.13296   0.00811883   0.00255946 -0.000208319   0.00796795   0.00400518   0.00177749   0.00810771    -0.322356   -0.0591368    0.0580446     -0.24646   0.00118896  0.000394383   0.00445023  0.000542898   0.00025874   0.00224696  0.000165715  0.000187567   0.00051278  9.49244e-05  5.22205e-05  0.000160366 -0.000583634 -0.000494993   0.00257936  0.000871823    0.0111417   0.00580567   5.6319e-05   0.00015644 -0.000528788 -0.000322236  5.85778e-05  0.000103877 -0.000138203   0.00191279  0.000593771   0.00849778   0.00511697  -0.00224279  0.000302191  -0.00391017   0.00141063   0.00299287   0.00359388   0.00267246
  -0.0387578   -0.0223536  -0.00234975   -0.0225408   -0.0204196   -0.0136811   -0.0164767   -0.0183526   -0.0223992   0.00707949   -0.0170509    -0.016613  -0.00760658    0.0144039   -0.0906002     0.967413   0.00586315   -0.0231802   -0.0139195   -0.0161448   0.00362381   0.00945912  -0.00404841  -0.00912526      0.01371   -0.0737507   -0.0281519      0.01303   -0.0385054  -0.00098047  -0.00138051  0.000469724  -0.00110304  -0.00142184  3.77541e-05  -0.00112734  -0.00144987 -0.000237204 -0.000701244  -0.00117548  -0.00148313 -0.000541411 -0.000899492 -0.000647507  -0.00123774   0.00158291  0.000487855  -0.00115987  -0.00149089 -0.000583902 -0.000808172 -0.000816073 -0.000972844 -0.000540676 -0.000803397  -0.00132994   0.00126184  0.000258876  0.000743375  -0.00246323  -0.00765864 -0.000476088  -0.00557635   -0.0026675  -0.00290419
  0.00408198 -0.000737169   0.00161484  -0.00576248  -0.00238762   0.00867606   -0.0152999  -0.00360362    0.0148255    -0.011563   -0.0216835    -0.003788   0.00337584   -0.0193797    0.0365527   0.00586315     0.990286   0.00136581   -0.0135046  -0.00284451  -0.00522749   -0.0128336  -0.00425514  -0.00101219  -0.00679996    0.0232492   0.00284598   -0.0106503    0.0147957 -0.000319319 -0.000224012 -0.000307467  -0.00018276 -0.000202369  4.84341e-05 -9.16124e-05 -0.000186358   0.00031177  5.53643e-05 -6.60754e-05 -0.000180089  0.000411908  0.000209913 -0.000720503 -0.000317011  -0.00191914   -0.0014595  -8.3026e-05 -0.000173455  0.000198656  6.39004e-05 -6.58042e-05  -9.4839e-05 -9.13437e-06 -0.000518036 -0.000260823  -0.00116418  -0.00116985  -0.00470451   0.00168798  5.02211e-05   0.00108137  -0.00192691  -0.00245513   0.00105887
  -0.0323519   0.00167199   -0.0050659  -0.00748094    0.0054769   -0.0137359   -0.0131257   0.00504771   -0.0148659   -0.0273151   -0.0150828   0.00462585  -0.00756354   -0.0371521     -0.13296   -0.0231802   0.00136581      0.93994  -0.00504336   0.00650225  -0.00988396   -0.0194266  -0.00191156    0.0044188   -0.0137432    -0.100563   -0.0124851    0.0085364   -0.0928577  0.000723107  0.000665041    0.0017066  0.000660339  0.000651834   0.00129375  0.000598447  0.000654124   0.00090282  0.000575454  0.000600043  0.000668345  0.000651733   0.00060593  0.000571812  0.000682822   0.00209289  0.000437696  0.000566817  0.000678116   0.00037896  0.000416165  0.000394527  0.000461895  0.000239604  0.000658865  0.000680906   0.00208102  0.000740575  -0.00595832   0.00682011   0.00365993   0.00512925    0.0039557  0.000826001   0.00733836
  -0.0291286   -0.0257754   0.00168872   -0.0490785   -0.0291064    0.0201513   -0.0894058   -0.0328158    0.0369027   -0.0558212    -0.121953   -0.0322158   0.00564686   -0.0889932   0.00811883   -0.0139195   -0.0135046  -0.00504336     0.922689   -0.0272115   -0.0273789   -0.0608583   -0.0255107   -0.0130124   -0.0310993  -0.00681258    -0.019118   -0.0206547    0.0109976  -0.00166514  -0.00200068  0.000354583  -0.00147943   -0.0019908   0.00102765  -0.00116704  -0.00195449   0.00200861   0.00025656  -0.00109501   -0.0019629   0.00241862  0.000965319   -0.0016075  -0.00195441  -0.00115617  -0.00114706  -0.00121034  -0.00196322   0.00113447   0.00013619 -0.000919357  -0.00122174 -0.000210499   -0.0016414  -0.00199717  -0.00039993   -0.0013087  -0.00842166 -0.000215686  -0.00566534  -0.00114047   -0.0201489   -0.0168902  -0.00650807
   -0.020128   -0.0234304   0.00134914   -0.0255273   -0.0248693   0.00213951   -0.0288751   -0.0241388   0.00164752   0.00399962   -0.0363587   -0.0225805  0.000166075   0.00499365   0.00255946   -0.0161448  -0.00284451   0.00650225   -0.0272115     0.978182  0.000600846   0.00125463  -0.00841922   -0.0121017   0.00957028  -0.00656375   -0.0193544  -0.00149473    0.0172932  -0.00151921  -0.00182626 -0.000450052  -0.00149333  -0.00184162 -0.000348803  -0.00139688  -0.00185283 -0.000126443 -0.000727479  -0.00141538  -0.00188538 -0.000154412 -0.000708898  -0.00140116   -0.0017601 -0.000766129 -0.000739951  -0.00141985  -0.00189539  -0.00039207 -0.000792697  -0.00101355  -0.00123108 -0.000592849  -0.00145713   -0.0018109 -0.000513515 -0.000908516   -0.0011664  -0.00497128  -0.00933859  -0.00270435  -0.00972563  -0.00556675  -0.00601348
  0.00401229   0.00551353  -0.00079744  -0.00210531   0.00428269    0.0164655   -0.0224765   0.00163921   0.00859286    -0.059581   -0.0367175 -0.000761488   -0.0175451   -0.0864973 -0.000208319   0.00362381  -0.00522749  -0.00988396   -0.0273789  0.000600846     0.954532   -0.0814634   -0.0211789  -0.00164846   -0.0733511   0.00213896   0.00469699   -0.0151657   -0.0149001  0.000787926  0.000740695   0.00169973  0.000914411  0.000772707   0.00239782   0.00100737  0.000804593   0.00387423   0.00251698    0.0011271  0.000824916   0.00557995   0.00390236  0.000594902   0.00070549   0.00106737  0.000610016  0.000961478  0.000773608   0.00391946   0.00271864  0.000546387  0.000432048   0.00141304  0.000639823  0.000722474   0.00118645   0.00083443   0.00936498  -0.00530734  -0.00161618  -0.00421579  -0.00244068  -0.00706956  -0.00469633
  0.00638496    0.0107573  -0.00154072   -0.0102859   0.00752514    0.0337497   -0.0583088   0.00126592    0.0281821    -0.120517   -0.0899819  -0.00310902   -0.0248808    -0.177427   0.00796795   0.00945912   -0.0128336   -0.0194266   -0.0608583   0.00125463   -0.0814634     0.845249    -0.039703  -0.00137073    -0.132473   0.00920087     0.010597    -0.032915   -0.0243579   0.00122027   0.00118564   0.00284392   0.00150604   0.00125619   0.00424356   0.00175644   0.00133688   0.00687671   0.00431966   0.00198957   0.00138923   0.00969733    0.0067169  0.000873274    0.0011025   0.00119645  0.000688094   0.00170132   0.00132164    0.0067885   0.00471231  0.000975758  0.000773894   0.00245978  0.000962906   0.00114364   0.00163262   0.00104109   0.00193961   0.00171568   0.00622502 -0.000569272  -0.00649044   -0.0167306  -0.00236741
 -0.00579326  -0.00650926  5.35386e-05   -0.0121879  -0.00801814   0.00975667   -0.0254891  -0.00928903   0.00861532    -0.028549   -0.0357171  -0.00983277  -0.00602412   -0.0433023   0.00400518  -0.00404841  -0.00425514  -0.00191156   -0.0255107  -0.00841922   -0.0211789    -0.039703     0.985555  -0.00558087   -0.0323475  0.000660248  -0.00496039  -0.00904398   0.00108764 -0.000230207 -0.000371834  0.000641938 -0.000144834 -0.000357938   0.00103951  -5.5664e-05 -0.000342553   0.00180264  0.000919885 -7.84546e-06 -0.000343636   0.00252492   0.00154644 -0.000298664 -0.000370754   0.00010731  -6.9457e-05 -8.95494e-05  -0.00037149   0.00165455  0.000979029 -0.000131577 -0.000273361  0.000448596 -0.000289484 -0.000378637  0.000310509 -1.47541e-05   0.00827323  -0.00125787  -0.00132664  -0.00114757  -0.00435965  -0.00585861  -0.00207591
 -0.00979484   -0.0126835  0.000674995    -0.012279   -0.0135221   0.00131276   -0.0125282   -0.0129156 -0.000822701   0.00281622   -0.0154087   -0.0122188  -0.00165884   0.00361333   0.00177749  -0.00912526  -0.00101219    0.0044188   -0.0130124   -0.0121017  -0.00164846  -0.00137073  -0.00558087     0.992676   0.00129992  -0.00273735   -0.0106602 -0.000512323   0.00956757 -0.000743596 -0.000929909  -0.00011835 -0.000730383 -0.000937028 -4.71953e-05 -0.000696655 -0.000945999  0.000144386 -0.000205499  -0.00070904 -0.000966714  0.000249836 -0.000137046 -0.000705166 -0.000895075 -0.000233034  -0.00028955 -0.000721053 -0.000983756  4.50937e-05 -0.000231607 -0.000528105 -0.000659367  -0.00020807 -0.000730564 -0.000922745 -0.000133805 -0.000345947   0.00301954  -0.00479756  -0.00647621  -0.00294921  -0.00535783  -0.00307497  -0.00452813
   0.0182232    0.0186181  -0.00156009    0.0084276    0.0165948    0.0270973   -0.0226451    0.0121065    0.0168647   -0.0947229   -0.0404622   0.00763412   -0.0262564    -0.137535   0.00810771      0.01371  -0.00679996   -0.0137432   -0.0310993   0.00957028   -0.0733511    -0.132473   -0.0323475   0.00129992     0.868382    0.0142511    0.0163598   -0.0239514   -0.0245214   0.00202345   0.00201872   0.00319647   0.00222456   0.00208285    0.0042896   0.00228376   0.00213398    0.0065637   0.00462221   0.00246465    0.0021722   0.00935938   0.00679805   0.00158974   0.00192681   0.00232213   0.00145714   0.00220156   0.00206971   0.00687099   0.00508005   0.00132504   0.00118716   0.00281584   0.00170265   0.00197669   0.00237642   0.00197146     0.028435   -0.0110653  -0.00497478  -0.00901934  -0.00896609   -0.0150505   -0.0128124
  -0.0924316   -0.0234025   -0.0105238   -0.0289722   -0.0132738   -0.0458391     -0.01632  -0.00976092   -0.0647502  -0.00806098   -0.0131559  -0.00769216   -0.0217292  0.000924075    -0.322356   -0.0737507    0.0232492    -0.100563  -0.00681258  -0.00656375   0.00213896   0.00920087  0.000660248  -0.00273735    0.0142511     0.755334   -0.0521033    0.0420833    -0.178648  0.000147154  -0.00052174   0.00300162 -0.000302868 -0.000631134   0.00140519 -0.000523634 -0.000689356   0.00014153 -0.000439071  -0.00061183  -0.00072159  -0.00079243 -0.000916123   0.00109905 -0.000162336   0.00739154   0.00345022 -0.000598773  -0.00071575 -0.000795402 -0.000771914 -0.000397753 -0.000438577 -0.000468779  0.000658067 -0.000372835   0.00578324   0.00297861  -0.00161982 -0.000772821  -0.00713834   0.00101136  -0.00080948   0.00104404  0.000930232
  -0.0343021   -0.0245918  -0.00082649   -0.0250128   -0.0236213   -0.0093064   -0.0208874   -0.0217644   -0.0161436   0.00918151   -0.0239492   -0.0197699   -0.0052966    0.0166823   -0.0591368   -0.0281519   0.00284598   -0.0124851    -0.019118   -0.0193544   0.00469699     0.010597  -0.00496039   -0.0106602    0.0163598   -0.0521033     0.973286   0.00902975   -0.0179392  -0.00131864  -0.00170258  4.81566e-05  -0.00139812  -0.00173992 -0.000232071  -0.00137652  -0.00176591 -0.000376889 -0.000899515  -0.00141838  -0.00180238  -0.00064434  -0.00107026  -0.00104031  -0.00157767  0.000669147 -3.66817e-05  -0.00139933  -0.00180698  -0.00069959 -0.000984423 -0.000981994  -0.00116902 -0.000666249  -0.00116643  -0.00166055   0.00056548 -0.000266952   0.00150425  -0.00347398  -0.00917417  -0.00110336  -0.00741799  -0.00366086  -0.00430894
   0.0123121   0.00344198   0.00151195  -0.00543634  0.000322182    0.0174425   -0.0247962  -0.00241916    0.0296605   -0.0278307    -0.035148  -0.00352802   0.00604932     -0.04717    0.0580446      0.01303   -0.0106503    0.0085364   -0.0206547  -0.00149473   -0.0151657    -0.032915  -0.00904398 -0.000512323   -0.0239514    0.0420833   0.00902975     0.981907    0.0245828 -4.78365e-05  7.03761e-05 -0.000106198  0.000131431  0.000110212  0.000478847  0.000254813  0.000144391   0.00103968  0.000641595  0.000306126  0.000161778   0.00140764   0.00104368 -0.000385454 -3.34521e-05  -0.00174871  -0.00104219  0.000248528  0.000158071  0.000890445   0.00064273  0.000138367  0.000104637  0.000302424 -0.000233599  2.52681e-05  -0.00107941 -0.000832029  -0.00739038   0.00417501   0.00490273   0.00180317  -0.00248383  -0.00437027   0.00209986
  -0.0484234   0.00885127  -0.00977982   0.00142316     0.016903   -0.0292208   0.00329896      0.01736    -0.038762   -0.0345035   0.00826707    0.0160872   -0.0176523   -0.0435001     -0.24646   -0.0385054    0.0147957   -0.0928577    0.0109976    0.0172932   -0.0149001   -0.0243579   0.00108764   0.00956757   -0.0245214    -0.178648   -0.0179392    0.0245828     0.836427   0.00197812   0.00181328    0.0033387   0.00171052   0.00177002   0.00232589   0.00147328   0.00175389   0.00153451   0.00134193    0.0014541   0.00177164   0.00125236    0.0013381   0.00225602    0.0019528   0.00610899   0.00298265   0.00140233   0.00176335  0.000948248   0.00112361  0.000969005   0.00113161  0.000723015   0.00211781   0.00188351   0.00500502   0.00309599   -0.0091811   0.00282005   0.00394054   0.00158634   0.00802186   0.00370529   0.00646796
 -0.00138972  -0.00173369  0.000138484  -0.00179793  -0.00183236 -2.93403e-05  -0.00171724   -0.0017482 -0.000357442  0.000985931   -0.0021666  -0.00157158 -4.69493e-05   0.00172057   0.00118896  -0.00098047 -0.000319319  0.000723107  -0.00166514  -0.00151921  0.000787926   0.00122027 -0.000230207 -0.000743596   0.00202345  0.000147154  -0.00131864 -4.78365e-05   0.00197812    0.0225076  -0.00016353 -9.45954e-05  -0.00014493 -0.000164921 -8.80124e-05 -0.000133951 -0.000165502 -8.14605e-05 -0.000115543 -0.000134614 -0.000167372 -9.91856e-05 -0.000127418 -0.000137773 -0.000159744 -0.000147443  -0.00010913  -0.00013026 -0.000165211 -8.93116e-05 -0.000111062 -8.91416e-05 -0.000103556 -7.24002e-05 -0.000140195 -0.000162689 -0.000112899 -0.000126642 -0.000982511  0.000580223 -7.00429e-05  0.000568133 -0.000284879   -0.0001934  0.000225537
 -0.00184994  -0.00210135  0.000125156  -0.00217621  -0.00219678 -9.79842e-05  -0.00210382  -0.00209471 -0.000472906   0.00102439  -0.00262105  -0.00189253 -0.000101388   0.00177537  0.000394383  -0.00138051 -0.000224012  0.000665041  -0.00200068  -0.00182626  0.000740695   0.00118564 -0.000371834 -0.000929909   0.00201872  -0.00052174  -0.00170258  7.03761e-05   0.00181328  -0.00016353     0.022467 -8.51942e-05 -0.000162783 -0.000189716  -8.2422e-05 -0.000152187 -0.000190726 -7.56839e-05  -0.00011944 -0.000153674 -0.000193288 -9.39904e-05 -0.000131987 -0.000147593 -0.000181459 -0.000118075  -9.4923e-05 -0.000149655 -0.000191785 -8.84744e-05 -0.000116594 -0.000103489 -0.000121728 -7.70112e-05 -0.000153536 -0.000186161 -9.09891e-05 -0.000117223 -0.000781523  0.000499751 -0.000252098  0.000530821 -0.000515843 -0.000334122   7.7245e-05
 0.000494038 -0.000480284  0.000190046 -0.000162127 -0.000590868 -3.41348e-05  0.000482902 -0.000507019 -0.000130688   0.00218615  0.000688673 -0.000397249  0.000477663   0.00338008   0.00445023  0.000469724 -0.000307467    0.0017066  0.000354583 -0.000450052   0.00169973   0.00284392  0.000641938  -0.00011835   0.00319647   0.00300162  4.81566e-05 -0.000106198    0.0033387 -9.45954e-05 -8.51942e-05    0.0224982 -9.12422e-05 -8.53854e-05 -0.000149623 -8.25246e-05 -8.52766e-05 -0.000163228 -0.000130719  -8.2744e-05 -8.53716e-05 -0.000196578 -0.000159317  -9.3268e-05 -8.77146e-05 -0.000226731 -0.000123453 -7.54131e-05 -8.11986e-05 -0.000145347 -0.000125345 -4.70012e-05 -4.68449e-05 -7.33504e-05 -9.07293e-05 -8.62528e-05 -0.000191088 -0.000137679  -0.00193962  0.000809379  0.000590923  0.000667308  0.000621775  0.000503684  0.000741107
 -0.00151102  -0.00175482  0.000120686  -0.00174435  -0.00182043 -0.000178523  -0.00148375   -0.0017124 -0.000604454   0.00122927  -0.00182755  -0.00152671 -0.000116813    0.0021489  0.000542898  -0.00110304  -0.00018276  0.000660339  -0.00147943  -0.00149333  0.000914411   0.00150604 -0.000144834 -0.000730383   0.00222456 -0.000302868  -0.00139812  0.000131431   0.00171052  -0.00014493 -0.000162783 -9.12422e-05    0.0225096 -0.000164678 -9.20221e-05 -0.000135931 -0.000165659  -9.2876e-05 -0.000122983 -0.000137195 -0.000167705 -0.000115205 -0.000139899 -0.000129549 -0.000157423 -0.000120132 -9.06184e-05 -0.000131974 -0.000165469 -9.90337e-05 -0.000117845 -8.98328e-05 -0.000103718 -7.52967e-05 -0.000134761 -0.000161279 -9.60244e-05 -0.000112145 -0.000956914  0.000527621 -0.000114456  0.000533603 -0.000273373 -0.000162074  0.000184327
 -0.00189968   -0.0021303  0.000125566  -0.00218907  -0.00221747 -0.000132788  -0.00207565  -0.00210858  -0.00054248   0.00108379  -0.00258331  -0.00190213 -0.000125516   0.00188703   0.00025874  -0.00142184 -0.000202369  0.000651834   -0.0019908  -0.00184162  0.000772707   0.00125619 -0.000357938 -0.000937028   0.00208285 -0.000631134  -0.00173992  0.000110212   0.00177002 -0.000164921 -0.000189716 -8.53854e-05 -0.000164678     0.022463 -8.40366e-05 -0.000154255 -0.000192896 -7.83217e-05  -0.00012208 -0.000155833  -0.00019553 -9.73173e-05 -0.000135336 -0.000147788 -0.000182969 -0.000114233 -9.29447e-05 -0.000151633 -0.000193988  -9.0899e-05 -0.000119052 -0.000104757 -0.000123087 -7.84234e-05 -0.000154243 -0.000187898 -8.86752e-05  -0.00011609 -0.000791205  0.000474702 -0.000280569  0.000516759  -0.00051694 -0.000326823  6.02157e-05
 1.15409e-05 -0.000552669  0.000128586 -8.63425e-05 -0.000563154 -0.000578418   0.00106412 -0.000412778  -0.00056582   0.00323777   0.00166518 -0.000263233    0.0006535   0.00495297   0.00224696  3.77541e-05  4.84341e-05   0.00129375   0.00102765 -0.000348803   0.00239782   0.00424356   0.00103951 -4.71953e-05    0.0042896   0.00140519 -0.000232071  0.000478847   0.00232589 -8.80124e-05  -8.2422e-05 -0.000149623 -9.20221e-05 -8.40366e-05    0.0224834 -9.01118e-05 -8.52498e-05 -0.000226836 -0.000168255  -9.3817e-05 -8.60282e-05 -0.000296426 -0.000227907 -7.49239e-05 -8.12991e-05 -0.000157197 -8.42996e-05 -8.30991e-05 -8.14882e-05 -0.000211841 -0.000167477 -5.00347e-05 -4.67216e-05 -9.30723e-05 -7.75257e-05 -8.18701e-05 -0.000145776 -0.000104898  -0.00172015  0.000716364  0.000458109  0.000593824  0.000568772  0.000587639  0.000662099
 -0.00147236   -0.0016738   0.00010433  -0.00157689   -0.0017186  -0.00027506  -0.00114924  -0.00159407 -0.000668834   0.00150356  -0.00131962  -0.00141126 -9.59497e-05   0.00253661  0.000165715  -0.00112734 -9.16124e-05  0.000598447  -0.00116704  -0.00139688   0.00100737   0.00175644  -5.5664e-05 -0.000696655   0.00228376 -0.000523634  -0.00137652  0.000254813   0.00147328 -0.000133951 -0.000152187 -8.25246e-05 -0.000135931 -0.000154255 -9.01118e-05    0.0225247 -0.000155682  -0.00010236 -0.000123793 -0.000132536  -0.00015796 -0.000131869 -0.000149515 -0.000118487 -0.000146521 -9.66218e-05 -7.62291e-05 -0.000126462 -0.000156141 -0.000106487  -0.00011857 -8.57441e-05 -9.85628e-05 -7.32962e-05 -0.000123977 -0.000150519 -7.91086e-05 -9.62208e-05 -0.000791819  0.000402741  -0.00021075  0.000427249 -0.000353468 -0.000191558  6.64732e-05
 -0.00192226  -0.00215065  0.000127514  -0.00218271  -0.00223175 -0.000160905  -0.00201778  -0.00211534 -0.000595696   0.00116848   -0.0025001  -0.00190571 -0.000141705   0.00202661  0.000187567  -0.00144987 -0.000186358  0.000654124  -0.00195449  -0.00185283  0.000804593   0.00133688 -0.000342553 -0.000945999   0.00213398 -0.000689356  -0.00176591  0.000144391   0.00175389 -0.000165502 -0.000190726 -8.52766e-05 -0.000165659 -0.000192896 -8.52498e-05 -0.000155682    0.0224606  -8.1005e-05 -0.000123998 -0.000157467 -0.000196898 -0.000100839 -0.000138481 -0.000148031 -0.000183759 -0.000111425 -9.17375e-05 -0.000153071 -0.000195413 -9.30364e-05 -0.000120804 -0.000105698 -0.000124122 -7.92364e-05  -0.00015464 -0.000188812 -8.68402e-05 -0.000114954 -0.000775878  0.000430688 -0.000325467  0.000487666 -0.000532946 -0.000327207  2.51949e-05
  -0.0003837  -0.00052597  5.75805e-05 -7.42033e-05 -0.000467355  -0.00116907   0.00149401 -0.000276798 -8.27542e-05   0.00508848   0.00272482 -6.65855e-05   0.00170939   0.00729509   0.00051278 -0.000237204   0.00031177   0.00090282   0.00200861 -0.000126443   0.00387423   0.00687671   0.00180264  0.000144386    0.0065637   0.00014153 -0.000376889   0.00103968   0.00153451 -8.14605e-05 -7.56839e-05 -0.000163228  -9.2876e-05 -7.83217e-05 -0.000226836  -0.00010236  -8.1005e-05    0.0222772 -0.000257383 -0.000114081 -8.26585e-05 -0.000545806 -0.000399372 -6.25086e-05 -7.30572e-05 -0.000123189 -6.73497e-05 -9.54512e-05 -7.69974e-05 -0.000378169 -0.000268677 -5.34877e-05 -4.24978e-05 -0.000139453 -6.69825e-05  -7.4356e-05 -0.000126129 -9.08109e-05  -0.00151399  0.000914451  0.000570089  0.000598874  0.000164911  0.000460291   0.00064665
 -0.00108882  -0.00111556  7.88013e-05 -0.000922842   -0.0010862 -0.000764769  9.55527e-05 -0.000926578 -0.000579476   0.00319973  0.000572738 -0.000713365  0.000595085   0.00497837  9.49244e-05 -0.000701244  5.53643e-05  0.000575454   0.00025656 -0.000727479   0.00251698   0.00431966  0.000919885 -0.000205499   0.00462221 -0.000439071 -0.000899515  0.000641595   0.00134193 -0.000115543  -0.00011944 -0.000130719 -0.000122983  -0.00012208 -0.000168255 -0.000123793 -0.000123998 -0.000257383    0.0224391 -0.000130575 -0.000125591  -0.00036623 -0.000308753 -9.57914e-05 -0.000115138 -0.000125505 -8.37432e-05 -0.000115399 -0.000120343 -0.000258394 -0.000210345 -7.09046e-05 -7.05723e-05 -0.000114013 -0.000101034 -0.000117755 -0.000113639 -0.000108515  -0.00126571  0.000866858  0.000342982   0.00063051 -9.90991e-05  4.61919e-05  0.000445646
 -0.00151656   -0.0017078  0.000100991  -0.00159636  -0.00175026  -0.00032055  -0.00112228  -0.00161913 -0.000620034    0.0016999  -0.00123244  -0.00142988 -1.72688e-06   0.00277663  5.22205e-05  -0.00117548 -6.60754e-05  0.000600043  -0.00109501  -0.00141538    0.0011271   0.00198957 -7.84546e-06  -0.00070904   0.00246465  -0.00061183  -0.00141838  0.000306126    0.0014541 -0.000134614 -0.000153674  -8.2744e-05 -0.000137195 -0.000155833  -9.3817e-05 -0.000132536 -0.000157467 -0.000114081 -0.000130575    0.0225188  -0.00015995 -0.000151925 -0.000163758 -0.000118932 -0.000147798 -9.23877e-05 -7.42808e-05 -0.000129302 -0.000158258  -0.00011984  -0.00012677  -8.7497e-05 -0.000100179  -7.7039e-05 -0.000124577  -0.00015194 -7.62307e-05 -9.42121e-05 -0.000724225  0.000374557 -0.000248119  0.000395066 -0.000433703 -0.000226923  2.01169e-05
 -0.00195526  -0.00218964  0.000130321  -0.00220908  -0.00226958 -0.000172972  -0.00202228  -0.00214853 -0.000609441   0.00122782  -0.00249763  -0.00193528 -0.000138538   0.00211206  0.000160366  -0.00148313 -0.000180089  0.000668345   -0.0019629  -0.00188538  0.000824916   0.00138923 -0.000343636 -0.000966714    0.0021722  -0.00072159  -0.00180238  0.000161778   0.00177164 -0.000167372 -0.000193288 -8.53716e-05 -0.000167705  -0.00019553 -8.60282e-05  -0.00015796 -0.000196898 -8.26585e-05 -0.000125591  -0.00015995     0.022455  -0.00010334 -0.000141046 -0.000149683 -0.000186131 -0.000110259 -9.15825e-05 -0.000155484 -0.000198361  -9.4915e-05 -0.000122635 -0.000107412 -0.000126172    -8.03e-05 -0.000156426 -0.000191312  -8.5983e-05 -0.000114926 -0.000749111  0.000394784 -0.000367516  0.000463567 -0.000564543 -0.000339466 -9.16538e-06
-0.000975108 -0.000746841  1.13796e-05 -0.000560389 -0.000671016  -0.00162029   0.00101781 -0.000480188  0.000940692   0.00676602   0.00260936 -0.000187504   0.00312462   0.00917371 -0.000583634 -0.000541411  0.000411908  0.000651733   0.00241862 -0.000154412   0.00557995   0.00969733   0.00252492  0.000249836   0.00935938  -0.00079243  -0.00064434   0.00140764   0.00125236 -9.91856e-05 -9.39904e-05 -0.000196578 -0.000115205 -9.73173e-05 -0.000296426 -0.000131869 -0.000100839 -0.000545806  -0.00036623 -0.000151925  -0.00010334    0.0218202 -0.000599468  -7.4427e-05 -9.03146e-05 -0.000132688 -7.80327e-05 -0.000125828 -9.59188e-05 -0.000583546  -0.00039919 -6.93664e-05 -5.17926e-05 -0.000204538 -8.03861e-05 -9.22219e-05 -0.000137486 -0.000107588  -0.00142383   0.00135008  0.000858955  0.000744736  -0.00033039  0.000275192   0.00078845
  -0.0013576  -0.00125136  5.14437e-05  -0.00102428  -0.00120016  -0.00119556  0.000389788 -0.000995748 -0.000165608   0.00498832   0.00139178 -0.000715714   0.00147218   0.00729607 -0.000494993 -0.000899492  0.000209913   0.00060593  0.000965319 -0.000708898   0.00390236    0.0067169   0.00154644 -0.000137046   0.00679805 -0.000916123  -0.00107026   0.00104368    0.0013381 -0.000127418 -0.000131987 -0.000159317 -0.000139899 -0.000135336 -0.000227907 -0.000149515 -0.000138481 -0.000399372 -0.000308753 -0.000163758 -0.000141046 -0.000599468    0.0221728 -0.000103597 -0.000126781  -0.00012941  -8.7344e-05 -0.000140351  -0.00013477 -0.000412551 -0.000309626 -8.37939e-05 -7.88294e-05 -0.000159671 -0.000109979 -0.000129924 -0.000122806 -0.000115856  -0.00126276    0.0011048  0.000466186  0.000654091 -0.000630109  -0.00023671  0.000377818
 -0.00094929  -0.00150874  0.000199659  -0.00160047  -0.00165866  0.000222073  -0.00165307  -0.00160145  7.78763e-05  0.000792346  -0.00210241  -0.00145293  5.74511e-05   0.00131125   0.00257936 -0.000647507 -0.000720503  0.000571812   -0.0016075  -0.00140116  0.000594902  0.000873274 -0.000298664 -0.000705166   0.00158974   0.00109905  -0.00104031 -0.000385454   0.00225602 -0.000137773 -0.000147593  -9.3268e-05 -0.000129549 -0.000147788 -7.49239e-05 -0.000118487 -0.000148031 -6.25086e-05 -9.57914e-05 -0.000118932 -0.000149683  -7.4427e-05 -0.000103597    0.0224959 -0.000149917 -0.000221395 -0.000179049 -0.000115629  -0.00014815 -7.01305e-05 -9.17817e-05 -7.97824e-05  -9.3567e-05 -6.08297e-05 -0.000146346 -0.000148993 -0.000151011 -0.000169016 -0.000811641  0.000480505 -0.000228676  0.000507027 -0.000322354 -0.000241281  0.000202594
 -0.00167711  -0.00200042  0.000135228  -0.00209071  -0.00211303 -2.14037e-05  -0.00206856  -0.00202276 -0.000331487  0.000958678   -0.0025817  -0.00183048 -5.26082e-05    0.0016393  0.000871823  -0.00123774 -0.000317011  0.000682822  -0.00195441   -0.0017601   0.00070549    0.0011025 -0.000370754 -0.000895075   0.00192681 -0.000162336  -0.00157767 -3.34521e-05    0.0019528 -0.000159744 -0.000181459 -8.77146e-05 -0.000157423 -0.000182969 -8.12991e-05 -0.000146521 -0.000183759 -7.30572e-05 -0.000115138 -0.000147798 -0.000186131 -9.03146e-05 -0.000126781 -0.000149917     0.022478 -0.000138494 -0.000109337 -0.000143952 -0.000184619 -8.52241e-05 -0.000112223 -9.95572e-05 -0.000117107 -7.42281e-05 -0.000152884 -0.000180421 -0.000103567 -0.000126763  -0.00076187  0.000531967  -0.00021253  0.000548736 -0.000486161 -0.000326525  0.000116374
  0.00151976 -0.000455362  0.000450969 -0.000649819 -0.000842049   0.00120749  -0.00110038 -0.000905145   0.00162423  0.000835601  -0.00164196 -0.000821342  0.000772623   0.00118364    0.0111417   0.00158291  -0.00191914   0.00209289  -0.00115617 -0.000766129   0.00106737   0.00119645   0.00010731 -0.000233034   0.00232213   0.00739154  0.000669147  -0.00174871   0.00610899 -0.000147443 -0.000118075 -0.000226731 -0.000120132 -0.000114233 -0.000157197 -9.66218e-05 -0.000111425 -0.000123189 -0.000125505 -9.23877e-05 -0.000110259 -0.000132688  -0.00012941 -0.000221395 -0.000138494    0.0220702 -0.000390238 -8.66074e-05 -0.000104824 -0.000108291 -0.000111532 -5.58306e-05 -5.97897e-05 -7.07757e-05 -0.000180832 -0.000126178 -0.000415207 -0.000349904  -0.00261871   0.00134521   0.00079701   0.00107423  0.000553995  0.000217521    0.0011335
 0.000296597 -0.000633256  0.000322276 -0.000850315 -0.000849876  0.000651783  -0.00114512 -0.000867089  0.000879996  0.000462036  -0.00159677 -0.000782034  0.000360787  0.000714362   0.00580567  0.000487855   -0.0014595  0.000437696  -0.00114706 -0.000739951  0.000610016  0.000688094  -6.9457e-05  -0.00028955   0.00145714   0.00345022 -3.66817e-05  -0.00104219   0.00298265  -0.00010913  -9.4923e-05 -0.000123453 -9.06184e-05 -9.29447e-05 -8.42996e-05 -7.62291e-05 -9.17375e-05 -6.73497e-05 -8.37432e-05 -7.42808e-05 -9.15825e-05 -7.80327e-05  -8.7344e-05 -0.000179049 -0.000109337 -0.000390238    0.0223426 -7.08677e-05 -8.83915e-05 -6.91589e-05 -7.74816e-05 -4.69174e-05  -5.2195e-05 -5.04985e-05 -0.000140985 -0.000100401 -0.000255799 -0.000260438  -0.00118485   0.00068724  2.46585e-05  0.000642661   0.00016643  2.57888e-05  0.000622696
