    65    65     1
    0.956166   -0.0174885  -0.00239876   -0.0234569   -0.0141635   -0.0110727   -0.0202728   -0.0131162   -0.0151006  -0.00941472   -0.0174137   -0.0124094  -0.00714434  -0.00715351    -0.118836   -0.0383249   0.00681206   -0.0296229    -0.015783   -0.0109819  -0.00218912    -0.003732  -0.00344236  -0.00336282 -0.000165535   -0.0953938   -0.0291709    0.0101258   -0.0516504 -0.000894903  -0.00135398  0.000817234  -0.00112302   -0.0014431  0.000487994  -0.00110209  -0.00147148   0.00021215 -0.000426827  -0.00109805  -0.00147958 -1.03302e-05 -0.000432458 -0.000132693  -0.00105396   0.00153878   0.00121155  -0.00104404  -0.00141413 -6.76359e-05  -0.00036112  -0.00072593  -0.00084582 -0.000230024 -0.000484062  -0.00123142   0.00128088  0.000637625  -0.00265511   0.00208172  -0.00256673   0.00277026  -0.00410001  -0.00630267  0.000561766
  -0.0174885     0.984871 -0.000181038   -0.0161312   -0.0153974  -0.00268069   -0.0130971   -0.0150661  -0.00381796    0.0014836   -0.0108706   -0.0144867 -0.000584386   0.00693044   -0.0219171    -0.016707  0.000995523  -0.00193721   -0.0113498   -0.0136436   0.00245065   0.00347424  -0.00298319  -0.00545659   0.00311499   -0.0205605   -0.0160678    0.0024992  -0.00272853  -0.00111927  -0.00145964  3.60564e-05  -0.00118786  -0.00150549 -4.72614e-05  -0.00113428  -0.00152254  -6.9434e-05 -0.000399943  -0.00113853  -0.00153763 -0.000115447 -0.000368864 -0.000767041   -0.0013105  0.000257508  0.000124559   -0.0011042  -0.00149663 -0.000104703 -0.000328854 -0.000786401 -0.000936977 -0.000212345 -0.000930175   -0.0014044  0.000201412 -8.22972e-05   0.00106214  -0.00287992  -0.00632589  -0.00254187  -0.00691494  -0.00575409  -0.00332706
 -0.00239876 -0.000181038     0.999755 -0.000895219  7.07301e-05  -0.00046404  -0.00160387  2.49565e-05 -0.000456746  -0.00199372  -0.00161866 -1.00785e-05 -0.000481164  -0.00328388  -0.00914342  -0.00200905  0.000361294  -0.00292345  -0.00104995  0.000120739 -0.000948394  -0.00165011 -0.000347916  0.000125081 -0.000963574  -0.00699439  -0.00118366  0.000337344  -0.00499072  2.41493e-05  1.17978e-05  7.77852e-05  1.77694e-05  1.01111e-05  6.90958e-05  2.25781e-05   1.1327e-05  6.68639e-05  4.08162e-05  2.74921e-05  1.26892e-05  6.37473e-05  5.66294e-05   5.3399e-05  2.27258e-05  0.000105214  9.30979e-05  2.03483e-05  1.26783e-05  3.56994e-05  3.04315e-05  1.11816e-05  8.96906e-06  1.23109e-05  3.83896e-05  1.63102e-05  9.27441e-05  6.35979e-05  -0.00154061   0.00063089  0.000513497  0.000610311  3.41977e-05 -0.000425584  0.000403551
  -0.0234569   -0.0161312 -0.000895219     0.970328   -0.0178046   0.00643518   -0.0458377   -0.0200316    0.0139155   -0.0247348   -0.0462738   -0.0203319   0.00262486   -0.0424594   -0.0254541   -0.0170966  -0.00393469   -0.0092469    -0.036105   -0.0170645   -0.0116792   -0.0230136   -0.0115591  -0.00581182   -0.0160411   -0.0247489   -0.0164889  -0.00683454  -0.00958077  -0.00156587    -0.001884  0.000266362  -0.00145346  -0.00188434  0.000491675  -0.00112117   -0.0018335  0.000858623  0.000130129 -0.000991347    -0.001809  0.000977584   0.00056925  -0.00132197  -0.00178417 -6.72977e-05 -0.000494274  -0.00106698  -0.00174643  0.000542249    0.0001518 -0.000815616  -0.00106222 -2.27448e-05  -0.00143139  -0.00185776  0.000113136  -0.00054482  -0.00902252   0.00477335 -0.000548309   0.00365457   -0.0124526   -0.0176439 -0.000766224
  -0.0141635   -0.0153974  7.07301e-05   -0.0178046     0.983057  0.000316129   -0.0179671   -0.0172379   0.00100036  -0.00103151   -0.0157592    -0.016766   0.00127425   0.00151322  -0.00542522   -0.0136161  -0.00113295   0.00143604   -0.0148027   -0.0155089   0.00126144  0.000702209  -0.00440342  -0.00628894  0.000952625  -0.00828312   -0.0144767 -0.000595831   0.00441041  -0.00130876  -0.00163957 -8.64791e-05  -0.00130577  -0.00166788 -6.88661e-05  -0.00119505  -0.00167072  3.30362e-05 -0.000299288  -0.00117821  -0.00168089  5.70877e-05 -0.000181151  -0.00111709  -0.00153634 -9.72596e-05 -0.000330812  -0.00117059  -0.00164163 -1.56469e-06 -0.000242787 -0.000850748  -0.00103685 -0.000184533  -0.00120278  -0.00160628 -4.85687e-05 -0.000371527  -0.00151665  -0.00172514  -0.00651502  -0.00125209  -0.00899707  -0.00817597  -0.00334105
  -0.0110727  -0.00268069  -0.00046404   0.00643518  0.000316129     0.984174    0.0266551   0.00332082    -0.028633    0.0218756    0.0290226   0.00441306  -0.00722133     0.046626    -0.049355   -0.0134233   0.00823018  -0.00717385     0.020894   0.00252631    0.0147581    0.0262237    0.0099536    0.0012122    0.0232507   -0.0377044  -0.00896822     0.014705   -0.0182882  0.000125566  3.73936e-05 -2.53818e-06 -0.000121977 -3.51689e-05 -0.000439476 -0.000340716 -0.000103376 -0.000890903 -0.000694377  -0.00044738 -0.000134485  -0.00111565  -0.00104037  0.000489292  0.000175252  0.000783346  0.000887032 -0.000329745 -0.000120115 -0.000732189  -0.00065624 -0.000166873 -7.12181e-05 -0.000318979  0.000330803  0.000105204  0.000478828  0.000558217   0.00444321  -0.00498213  -0.00542896  -0.00232769   0.00676277    0.0129171 -0.000482126
  -0.0202728   -0.0130971  -0.00160387   -0.0458377   -0.0179671    0.0266551     0.898357   -0.0257075    0.0513029   -0.0732276     -0.11073     -0.02824    0.0104104    -0.141318  -0.00289917  -0.00762146   -0.0142118   -0.0149803   -0.0785455   -0.0209999   -0.0413297   -0.0768591   -0.0298997  -0.00724574   -0.0592986   -0.0072092  -0.00930902   -0.0269007  -0.00994839  -0.00145394   -0.0017279  0.000787589 -0.000945406  -0.00162004   0.00171752 -0.000141582  -0.00144375   0.00307082   0.00202822  0.000236326  -0.00136274     0.003734    0.0034187  -0.00158309  -0.00176853  -0.00055799   -0.0011315 -0.000215927  -0.00134926   0.00220076   0.00169713 -0.000394586 -0.000822084  0.000652305  -0.00155706  -0.00177673 -1.40048e-05 -0.000901769     -0.02177   0.00922689   0.00529542   0.00560286   -0.0218782   -0.0352405    0.0002433
  -0.0131162   -0.0150661  2.49565e-05   -0.0200316   -0.0172379   0.00332082   -0.0257075     0.981656   0.00635764  -0.00750375   -0.0246821   -0.0181838   0.00254674   -0.0116863  0.000206793   -0.0119026  -0.00280035   0.00124806   -0.0206594   -0.0163655  -0.00254189  -0.00640808  -0.00684883  -0.00661395  -0.00454787  -0.00394304   -0.0133086  -0.00364674   0.00555455  -0.00133252  -0.00165625 -5.33688e-05  -0.00126871  -0.00166875  6.88577e-05   -0.0010878  -0.00165389  0.000320712 -4.22385e-05  -0.00103564  -0.00165644  0.000429682  0.000216835  -0.00120834  -0.00157642 -0.000223419 -0.000482246  -0.00108189  -0.00162394  0.000218506 -3.75793e-05 -0.000814297  -0.00102918 -9.96536e-05  -0.00126708  -0.00163515 -0.000114598 -0.000464617  -0.00426766  -0.00113791  -0.00592975 -0.000890213   -0.0103131   -0.0103814  -0.00321778
  -0.0151006  -0.00381796 -0.000456746    0.0139155   0.00100036    -0.028633    0.0513029   0.00635764     0.945747    0.0427206    0.0541657   0.00820935   -0.0128025    0.0907877   -0.0722398   -0.0199697    0.0135688    -0.009128    0.0399418   0.00455956    0.0304701    0.0520569    0.0207333   0.00279686    0.0496304   -0.0553703   -0.0135622    0.0256496   -0.0253986 -8.39021e-05 -0.000147295 -0.000395399 -0.000503976 -0.000278046  -0.00116614 -0.000851758 -0.000400463  -0.00192502  -0.00148517  -0.00103379 -0.000453288  -0.00229514  -0.00207643  0.000488186  7.42768e-05  0.000910989   0.00102032 -0.000801943 -0.000409704  -0.00154286  -0.00140367 -0.000431339 -0.000238173 -0.000713187  0.000263217 -3.28218e-05  0.000431267  0.000577193  -0.00136746  -0.00998881   -0.0105085  -0.00409755    0.0162587    0.0294813  9.57025e-05
 -0.00941472    0.0014836  -0.00199372   -0.0247348  -0.00103151    0.0218756   -0.0732276  -0.00750375    0.0427206     0.934171   -0.0818506   -0.0101353   0.00677088    -0.129082   -0.0182713  0.000269278   -0.0104442    -0.020754   -0.0550947  -0.00484943   -0.0387073   -0.0697691   -0.0228594  -0.00119404   -0.0541358   -0.0141297   0.00155468   -0.0220478   -0.0240254  4.36416e-05  2.45674e-05  0.000945813  0.000446007   0.00013505   0.00169079  0.000989207  0.000281482   0.00270237   0.00209098   0.00128258  0.000354072   0.00322117   0.00314132 -0.000189804 -7.11051e-05 -9.76446e-05 -0.000351437  0.000883854  0.000316779   0.00195639   0.00175043   0.00042784  0.000203885  0.000770254  -0.00012558 -3.50367e-05  0.000273626   -0.0001889   -0.0235175    0.0104716    0.0107571   0.00678016   -0.0120827   -0.0253791   0.00342589
  -0.0174137   -0.0108706  -0.00161866   -0.0462738   -0.0157592    0.0290226     -0.11073   -0.0246821    0.0541657   -0.0818506     0.873884    -0.027992     0.010787    -0.160006    0.0035115  -0.00334136     -0.01574    -0.015601   -0.0864825   -0.0202618   -0.0464608   -0.0871173    -0.032204  -0.00664341   -0.0656717  -0.00168283  -0.00591064   -0.0297961  -0.00920625  -0.00121809  -0.00142087    0.0008407 -0.000633365  -0.00129757   0.00190596  0.000295617  -0.00110069   0.00356745   0.00262086  0.000743314  -0.00101172   0.00443634   0.00435705  -0.00138594  -0.00148152 -0.000621401  -0.00112607  0.000149798  -0.00101983   0.00255257   0.00208345 -0.000184768 -0.000609435  0.000793763  -0.00134911  -0.00147676 -4.83374e-05 -0.000887835   -0.0241069   0.00137182  0.000961903  -0.00114412   -0.0192319   -0.0292666  -0.00181689
  -0.0124094   -0.0144867 -1.00785e-05   -0.0203319    -0.016766   0.00441306     -0.02824   -0.0181838   0.00820935   -0.0101353    -0.027992     0.981803   0.00292275   -0.0170576   0.00206307   -0.0108755    -0.003419   0.00085717   -0.0226727   -0.0162171  -0.00399398  -0.00919545  -0.00751525  -0.00646396  -0.00631662  -0.00240863   -0.0124582  -0.00481869   0.00550604  -0.00131667  -0.00162209 -5.12778e-05  -0.00123113  -0.00162899  0.000110219  -0.00102223   -0.0016076  0.000420049  5.41083e-05 -0.000955303  -0.00160682  0.000562177  0.000369056  -0.00121043  -0.00155094 -0.000276962 -0.000529926  -0.00102216  -0.00157675  0.000293299  3.67287e-05 -0.000780384 -0.000998665 -6.98159e-05  -0.00126181  -0.00160482 -0.000148518 -0.000497202  -0.00646947  -0.00138158  -0.00569874   -0.0012475   -0.0103058   -0.0105934  -0.00321564
 -0.00714434 -0.000584386 -0.000481164   0.00262486   0.00127425  -0.00722133    0.0104104   0.00254674   -0.0128025   0.00677088     0.010787   0.00292275     0.995697    0.0153636   -0.0322872  -0.00739928   0.00410501  -0.00661445   0.00807324   0.00217398   0.00430883   0.00815461    0.0035041  0.000957179   0.00740347   -0.0245843  -0.00450401   0.00678496   -0.0141478  0.000191189  0.000159375  0.000138717  6.39904e-05  0.000125087 -7.91984e-05 -5.19789e-05  9.31448e-05 -0.000333721 -0.000286228  -0.00010163  8.02955e-05 -0.000468844 -0.000457492  0.000372448  0.000226914  0.000510633  0.000538561 -4.21519e-05  8.64787e-05 -0.000300918  -0.00026402  5.29384e-06  6.20363e-05 -0.000115572  0.000292226  0.000193058    0.0003632   0.00036274    0.0031734  -0.00160932  -0.00110217 -0.000400325   0.00545238   0.00774687   0.00092033
 -0.00715351   0.00693044  -0.00328388   -0.0424594   0.00151322     0.046626    -0.141318   -0.0116863    0.0907877    -0.129082    -0.160006   -0.0170576    0.0153636     0.737807  -0.00859705   0.00953081   -0.0207988   -0.0310219     -0.10616  -0.00686189   -0.0821234    -0.144491   -0.0504563  -0.00359591    -0.121657   -0.0048527    0.0100689   -0.0452025   -0.0333164   0.00111106   0.00103883   0.00223024   0.00197932   0.00129461   0.00383503   0.00299967   0.00159543   0.00603469   0.00509518   0.00357826   0.00172971   0.00723972    0.0073128  0.000409895  0.000773842  0.000116593 -0.000150376   0.00263189   0.00157404   0.00445724   0.00420439    0.0013968  0.000946163   0.00192855  0.000602385  0.000883992  0.000808844  0.000193313   -0.0185791    0.0180151    0.0217309   0.00994767   -0.0233409   -0.0495668   0.00603744
   -0.118836   -0.0219171  -0.00914342   -0.0254541  -0.00542522    -0.049355  -0.00289917  0.000206793   -0.0722398   -0.0182713    0.0035115   0.00206307   -0.0322872  -0.00859705     0.539968    -0.112968    0.0343201    -0.115884   0.00289351   0.00267796   -0.0063285  -0.00423456   0.00165286   0.00166763   0.00037863    -0.347895   -0.0722457    0.0470612    -0.212807   0.00196074  0.000714518   0.00376765  0.000822519  0.000404695   0.00218244   0.00022115  0.000234887  0.000818783  0.000216937  6.50457e-05  0.000171912  9.71052e-05 -0.000158532   0.00488097   0.00177285   0.00793458   0.00857557  6.65876e-05  0.000158655 -4.71244e-05 -8.86049e-05  5.77361e-05  0.000103079 -4.22531e-05   0.00341499    0.0011701   0.00608694   0.00569066  -0.00198011   0.00025611  -0.00525226    0.0053826   0.00648019   0.00661124   0.00431372
  -0.0383249    -0.016707  -0.00200905   -0.0170966   -0.0136161   -0.0134233  -0.00762146   -0.0119026   -0.0199697  0.000269278  -0.00334136   -0.0108755  -0.00739928   0.00953081    -0.112968     0.962752   0.00834151   -0.0250616  -0.00538507   -0.0102553   0.00246357   0.00517641  -0.00113242  -0.00413528   0.00495441   -0.0886736   -0.0281652    0.0127262   -0.0461344 -0.000509205  -0.00104506  0.000767791 -0.000805706  -0.00114668  0.000344834 -0.000914019  -0.00120017 -7.16264e-07 -0.000355896 -0.000964732  -0.00122803 -0.000209359 -0.000462877  0.000320746  -0.00071671   0.00180729   0.00177924 -0.000920119  -0.00119846 -0.000171311 -0.000346287 -0.000647597 -0.000756389 -0.000206728 -8.39513e-05 -0.000910544   0.00138792   0.00107083  0.000759765 -0.000751023  -0.00559467  0.000797024  -0.00381154  -0.00286906  -0.00102413
  0.00681206  0.000995523  0.000361294  -0.00393469  -0.00113295   0.00823018   -0.0142118  -0.00280035    0.0135688   -0.0104442     -0.01574    -0.003419   0.00410501   -0.0207988    0.0343201   0.00834151     0.994423   0.00452634   -0.0112178   -0.0024201  -0.00490473   -0.0104801  -0.00320967 -0.000369994  -0.00603246    0.0251185   0.00503394  -0.00859907    0.0122915 -0.000484132 -0.000369871 -0.000299494 -0.000317329 -0.000330227 -4.38648e-05 -0.000144238   -0.0002906  0.000231558  0.000116644 -7.48173e-05 -0.000269542   0.00035887  0.000319487 -0.000776955 -0.000469866 -0.000889717  -0.00111155 -0.000110341 -0.000254432  0.000209086  0.000134207 -9.81561e-05 -0.000148758  3.63949e-05 -0.000624202 -0.000415095 -0.000624499 -0.000767156   -0.0127217   0.00237842   0.00182816   0.00168546  -0.00283215   -0.0052544  0.000545946
  -0.0296229  -0.00193721  -0.00292345   -0.0092469   0.00143604  -0.00717385   -0.0149803   0.00124806    -0.009128    -0.020754    -0.015601   0.00085717  -0.00661445   -0.0310219    -0.115884   -0.0250616   0.00452634     0.962262  -0.00990505   0.00196661  -0.00823313   -0.0145759  -0.00120577   0.00218799  -0.00532857   -0.0888429   -0.0149452   0.00522242   -0.0636031  0.000281394  0.000147857   0.00086297  0.000140658  0.000103787   0.00065941   0.00014007  9.57356e-05  0.000507349  0.000228985  0.000170985  0.000102705  0.000401015  0.000316543  0.000665234   0.00031404    0.0013289   0.00110339  0.000134111  0.000110506  0.000198196  0.000145585  8.46749e-05  8.79137e-05  4.52199e-05  0.000484374  0.000222752   0.00113515   0.00076977    -0.025195  0.000604523 -0.000725827   0.00178586 -0.000659692  -0.00340721   0.00150091
   -0.015783   -0.0113498  -0.00104995    -0.036105   -0.0148027     0.020894   -0.0785455   -0.0206594    0.0399418   -0.0550947   -0.0864825   -0.0226727   0.00807324     -0.10616   0.00289351  -0.00538507   -0.0112178  -0.00990505     0.937993   -0.0172461     -0.03121   -0.0580905   -0.0228025  -0.00577077   -0.0444442  -0.00236438  -0.00751168   -0.0209224  -0.00439285  -0.00125499  -0.00145426  0.000539488 -0.000877759  -0.00138036   0.00124439 -0.000256795  -0.00125152   0.00225551    0.0014059  3.00665e-05  -0.00119244   0.00273791   0.00245458   -0.0012989  -0.00147067 -0.000496513 -0.000924147 -0.000292235   -0.0011706   0.00160415   0.00118632 -0.000377679 -0.000701568  0.000445295   -0.0012989  -0.00148409 -7.18854e-05 -0.000772788   -0.0164334    0.0028509   0.00148988 -0.000103195   -0.0168564   -0.0259758  -0.00186878
  -0.0109819   -0.0136436  0.000120739   -0.0170645   -0.0155089   0.00252631   -0.0209999   -0.0163655   0.00455956  -0.00484943   -0.0202618   -0.0162171   0.00217398  -0.00686189   0.00267796   -0.0102553   -0.0024201   0.00196661   -0.0172461     0.985199  -0.00103896  -0.00362574  -0.00534054  -0.00596603  -0.00202481  -0.00169345   -0.0118131    -0.002894   0.00635314  -0.00120711  -0.00149307 -0.000103341   -0.0011598  -0.00150918 -9.03396e-06  -0.00101203   -0.0015022  0.000199142 -9.60494e-05 -0.000974213  -0.00150863  0.000290136  0.000113008  -0.00109251  -0.00141714 -0.000233325 -0.000447881  -0.00100729  -0.00148019  0.000135358 -8.69345e-05  -0.00075181  -0.00093965 -0.000116034  -0.00114514  -0.00147108 -0.000143579 -0.000430056  -0.00493629  -0.00312823  -0.00687088  -0.00276963  -0.00922633  -0.00840279  -0.00385083
 -0.00218912   0.00245065 -0.000948394   -0.0116792   0.00126144    0.0147581   -0.0413297  -0.00254189    0.0304701   -0.0387073   -0.0464608  -0.00399398   0.00430883   -0.0821234   -0.0063285   0.00246357  -0.00490473  -0.00823313     -0.03121  -0.00103896     0.970397   -0.0483812   -0.0195755   -0.0023513   -0.0487288  -0.00390124   0.00305733   -0.0125883   -0.0107654   0.00104887  0.000928062     0.001189   0.00128941   0.00101193   0.00164836   0.00147645   0.00109236   0.00222345   0.00197378   0.00161372   0.00111894   0.00256015   0.00257977  0.000729291    0.0008342   0.00061996  0.000557469   0.00128648   0.00102637   0.00165159   0.00164234   0.00074506  0.000602743  0.000826759  0.000809248  0.000872675  0.000769736  0.000631499     0.019174   0.00342585   0.00537928  0.000651273   -0.0080431   -0.0163502   0.00061332
   -0.003732   0.00347424  -0.00165011   -0.0230136  0.000702209    0.0262237   -0.0768591  -0.00640808    0.0520569   -0.0697691   -0.0871173  -0.00919545   0.00815461    -0.144491  -0.00423456   0.00517641   -0.0104801   -0.0145759   -0.0580905  -0.00362574   -0.0483812     0.917396   -0.0312178  -0.00318276    -0.075634  -0.00205597   0.00544124   -0.0240518   -0.0161163   0.00105458  0.000938265   0.00156562   0.00151379   0.00108288   0.00242367   0.00199568   0.00124118   0.00357182   0.00307747   0.00228928   0.00130574   0.00421781   0.00426752  0.000614988  0.000784623  0.000460532  0.000338767   0.00174193   0.00119268   0.00263845    0.0025405  0.000961583  0.000709321   0.00121249  0.000726882  0.000847158  0.000798253  0.000491115    0.0108416   0.00926647    0.0118389   0.00489205   -0.0110984   -0.0250324    0.0034281
 -0.00344236  -0.00298319 -0.000347916   -0.0115591  -0.00440342    0.0099536   -0.0298997  -0.00684883    0.0207333   -0.0228594    -0.032204  -0.00751525    0.0035041   -0.0504563   0.00165286  -0.00113242  -0.00320967  -0.00120577   -0.0228025  -0.00534054   -0.0195755   -0.0312178     0.984065  -0.00436812   -0.0353037  0.000615526  -0.00161143  -0.00797402 -0.000907706  0.000511023  0.000293746  0.000865152  0.000686922  0.000348819   0.00118451  0.000819429  0.000401025    0.0016264   0.00143637  0.000907737  0.000410719   0.00189512   0.00189912  0.000240712  0.000238021  0.000467287  0.000314478  0.000655251  0.000341051   0.00121482   0.00117294  0.000328211   0.00016876  0.000577737  0.000313694  0.000255001  0.000582794  0.000415125    0.0250761   0.00307948   0.00291486   0.00148463  -0.00592423   -0.0112684  0.000846377
 -0.00336282  -0.00545659  0.000125081  -0.00581182  -0.00628894    0.0012122  -0.00724574  -0.00661395   0.00279686  -0.00119404  -0.00664341  -0.00646396  0.000957179  -0.00359591   0.00166763  -0.00413528 -0.000369994   0.00218799  -0.00577077  -0.00596603   -0.0023513  -0.00318276  -0.00436812     0.996522  -0.00638892  0.000204392  -0.00471337 -0.000656799   0.00343978 -0.000104222 -0.000289848  0.000193846 -8.31908e-05 -0.000290503  0.000235108 -8.00855e-05 -0.000292308  0.000328214  0.000289333 -8.19042e-05 -0.000304356  0.000395936  0.000382054 -0.000149947 -0.000270989  0.000176346  0.000109802 -0.000143763 -0.000326244  0.000256774  0.000219728  -0.00014463 -0.000236989  9.83219e-05 -0.000146895  -0.00028805  0.000179721  0.000126568   0.00962371  -0.00261225  -0.00406538  -0.00235956  -0.00469723  -0.00409821  -0.00231069
-0.000165535   0.00311499 -0.000963574   -0.0160411  0.000952625    0.0232507   -0.0592986  -0.00454787    0.0496304   -0.0541358   -0.0656717  -0.00631662   0.00740347    -0.121657   0.00037863   0.00495441  -0.00603246  -0.00532857   -0.0444442  -0.00202481   -0.0487288    -0.075634   -0.0353037  -0.00638892     0.912233   0.00211481   0.00512732   -0.0176881  -0.00806906   0.00241867   0.00206575   0.00235805   0.00279592   0.00221013   0.00306664   0.00295475   0.00232424   0.00395106    0.0037148   0.00312358    0.0023443   0.00452173   0.00464291    0.0016939   0.00188354   0.00153588   0.00143073   0.00252406   0.00213363   0.00297406   0.00306057   0.00147711   0.00122105   0.00158842    0.0018868   0.00195872   0.00170956    0.0015925    0.0661683   0.00314505   0.00557187  -0.00103749   -0.0153361   -0.0277208  -0.00080581
  -0.0953938   -0.0205605  -0.00699439   -0.0247489  -0.00828312   -0.0377044   -0.0072092  -0.00394304   -0.0553703   -0.0141297  -0.00168283  -0.00240863   -0.0245843   -0.0048527    -0.347895   -0.0886736    0.0251185   -0.0888429  -0.00236438  -0.00169345  -0.00390124  -0.00205597  0.000615526  0.000204392   0.00211481     0.733189   -0.0585839    0.0354539    -0.162314  0.000884836  -4.2961e-05   0.00275215    8.439e-05  -0.00027492    0.0015814 -0.000307642      -0.0004  0.000530565 -0.000122727 -0.000416667 -0.000445573 -6.61658e-05 -0.000418646   0.00282399  0.000709356    0.0055365   0.00549241 -0.000374125  -0.00042435 -0.000133415 -0.000274521 -0.000240279 -0.000240965  -0.00014661   0.00187272  0.000282285   0.00435294   0.00365769  -0.00254716  6.34372e-05  -0.00541221   0.00419048   0.00383724   0.00297794   0.00341731
  -0.0291709   -0.0160678  -0.00118366   -0.0164889   -0.0144767  -0.00896822  -0.00930902   -0.0133086   -0.0135622   0.00155468  -0.00591064   -0.0124582  -0.00450401    0.0100689   -0.0722457   -0.0281652   0.00503394   -0.0149452  -0.00751168   -0.0118131   0.00305733   0.00544124  -0.00161143  -0.00471337   0.00512732   -0.0585839     0.977061   0.00837725   -0.0271311 -0.000813184  -0.00125282  0.000420639  -0.00100473  -0.00133044  0.000142011  -0.00104348  -0.00136985 -7.11203e-05 -0.000412251  -0.00107648  -0.00139316 -0.000214413 -0.000467924 -0.000252172  -0.00101276   0.00105977   0.00090131  -0.00103103  -0.00135693 -0.000173232 -0.000371075 -0.000726651 -0.000851882 -0.000225651 -0.000517618  -0.00115615  0.000825832  0.000481186  0.000519729  -0.00231772  -0.00666878  -0.00103347  -0.00495405  -0.00366455    -0.002127
   0.0101258    0.0024992  0.000337344  -0.00683454 -0.000595831     0.014705   -0.0269007  -0.00364674    0.0256496   -0.0220478   -0.0297961  -0.00481869   0.00678496   -0.0452025    0.0470612    0.0127262  -0.00859907   0.00522242   -0.0209224    -0.002894   -0.0125883   -0.0240518  -0.00797402 -0.000656799   -0.0176881    0.0354539   0.00837725     0.985381    0.0158932 -0.000418925 -0.000282372 -0.000203404 -0.000157232 -0.000212562  0.000236242  0.000113084 -0.000141262  0.000725264  0.000530679  0.000235693 -0.000105264  0.000965315   0.00091696 -0.000787221 -0.000422607  -0.00104739  -0.00122463  0.000128608 -0.000102082  0.000597513  0.000500477  3.33913e-05 -5.70905e-05  0.000211927  -0.00061187 -0.000349292 -0.000698994 -0.000835305   -0.0155667   0.00521954   0.00527094   0.00318322  -0.00528811    -0.010744   0.00124403
  -0.0516504  -0.00272853  -0.00499072  -0.00958077   0.00441041   -0.0182882  -0.00994839   0.00555455   -0.0253986   -0.0240254  -0.00920625   0.00550604   -0.0141478   -0.0333164    -0.212807   -0.0461344    0.0122915   -0.0636031  -0.00439285   0.00635314   -0.0107654   -0.0161163 -0.000907706   0.00343978  -0.00806906    -0.162314   -0.0271311    0.0158932     0.887288   0.00116746  0.000859275   0.00180128  0.000839052  0.000770783   0.00128182  0.000657769  0.000726154  0.000810937  0.000527173  0.000639012  0.000715966  0.000552308  0.000499335   0.00176926   0.00115138   0.00290089   0.00254529  0.000574363  0.000690997  0.000295784   0.00032457  0.000388756  0.000436304  0.000162094    0.0014681  0.000992337   0.00242948   0.00190962    -0.020413 -2.08855e-06  -0.00170999    0.0025807   0.00252485 -0.000461326   0.00308521
-0.000894903  -0.00111927  2.41493e-05  -0.00156587  -0.00130876  0.000125566  -0.00145394  -0.00133252 -8.39021e-05  4.36416e-05  -0.00121809  -0.00131667  0.000191189   0.00111106   0.00196074 -0.000509205 -0.000484132  0.000281394  -0.00125499  -0.00120711   0.00104887   0.00105458  0.000511023 -0.000104222   0.00241867  0.000884836 -0.000813184 -0.000418925   0.00116746    0.0223735 -0.000270865 -0.000127822  -0.00027341 -0.000272935 -0.000120762 -0.000239764 -0.000270185 -0.000114702 -0.000170228 -0.000231785 -0.000266618 -0.000125093 -0.000168046 -0.000263824 -0.000268345 -0.000179955 -0.000233083 -0.000208841 -0.000249276   -9.111e-05 -0.000131187 -0.000137735 -0.000145925 -7.73751e-05 -0.000262391 -0.000269853 -0.000144194 -0.000205152  -0.00435557   0.00127788  0.000765716   0.00122984  0.000266706 -8.83792e-06  0.000623952
 -0.00135398  -0.00145964  1.17978e-05    -0.001884  -0.00163957  3.73936e-05   -0.0017279  -0.00165625 -0.000147295  2.45674e-05  -0.00142087  -0.00162209  0.000159375   0.00103883  0.000714518  -0.00104506 -0.000369871  0.000147857  -0.00145426  -0.00149307  0.000928062  0.000938265  0.000293746 -0.000289848   0.00206575  -4.2961e-05  -0.00125282 -0.000282372  0.000859275 -0.000270865    0.0223777 -0.000102997 -0.000267897 -0.000280563 -0.000100217 -0.000238101 -0.000278764 -9.43558e-05 -0.000151294 -0.000231412 -0.000276272 -0.000103288 -0.000147161 -0.000236354 -0.000267754 -0.000130535  -0.00017069 -0.000211954 -0.000260699 -7.63118e-05 -0.000117224 -0.000142407 -0.000155341 -7.05093e-05 -0.000245055 -0.000273554 -0.000107133 -0.000162376  -0.00364284    0.0011231  0.000522601   0.00108623 -3.90571e-05 -0.000273765  0.000467344
 0.000817234  3.60564e-05  7.77852e-05  0.000266362 -8.64791e-05 -2.53818e-06  0.000787589 -5.33688e-05 -0.000395399  0.000945813    0.0008407 -5.12778e-05  0.000138717   0.00223024   0.00376765  0.000767791 -0.000299494   0.00086297  0.000539488 -0.000103341     0.001189   0.00156562  0.000865152  0.000193846   0.00235805   0.00275215  0.000420639 -0.000203404   0.00180128 -0.000127822 -0.000102997    0.0225415 -0.000123738  -0.00010348 -0.000111265  -0.00011077 -0.000102919 -0.000111893 -0.000112593 -0.000109001 -0.000101165 -0.000117059 -0.000121669 -0.000126444 -0.000107174   -0.0001413 -0.000147252 -9.28062e-05 -9.23761e-05 -8.08243e-05 -9.00738e-05 -5.72704e-05 -5.25313e-05 -5.03877e-05 -0.000121058  -0.00010418  -0.00012271 -0.000126235   -0.0030988  0.000454573   0.00038664  0.000480889  0.000591542  0.000738217  0.000312543
 -0.00112302  -0.00118786  1.77694e-05  -0.00145346  -0.00130577 -0.000121977 -0.000945406  -0.00126871 -0.000503976  0.000446007 -0.000633365  -0.00123113  6.39904e-05   0.00197932  0.000822519 -0.000805706 -0.000317329  0.000140658 -0.000877759   -0.0011598   0.00128941   0.00151379  0.000686922 -8.31908e-05   0.00279592    8.439e-05  -0.00100473 -0.000157232  0.000839052  -0.00027341 -0.000267897 -0.000123738    0.0223802 -0.000272277 -0.000128197 -0.000248262 -0.000271408 -0.000136337 -0.000190415 -0.000243453 -0.000268627 -0.000154509 -0.000200148    -0.000233 -0.000258784 -0.000145574 -0.000180482  -0.00021601 -0.000250845 -0.000108214  -0.00014724 -0.000140685 -0.000146795 -8.38762e-05 -0.000242788 -0.000263973 -0.000123568 -0.000174279  -0.00425466   0.00116693  0.000672484   0.00113264  0.000325775  0.000145477  0.000559422
  -0.0014431  -0.00150549  1.01111e-05  -0.00188434  -0.00166788 -3.51689e-05  -0.00162004  -0.00166875 -0.000278046   0.00013505  -0.00129757  -0.00162899  0.000125087   0.00129461  0.000404695  -0.00114668 -0.000330227  0.000103787  -0.00138036  -0.00150918   0.00101193   0.00108288  0.000348819 -0.000290503   0.00221013  -0.00027492  -0.00133044 -0.000212562  0.000770783 -0.000272935 -0.000280563  -0.00010348 -0.000272277      0.02237 -0.000103763 -0.000243901 -0.000283522 -0.000101235 -0.000158273 -0.000237924 -0.000281251 -0.000112063 -0.000156736 -0.000232471 -0.000269366 -0.000123572 -0.000160549  -0.00021722 -0.000265382 -8.18743e-05 -0.000123059 -0.000145536 -0.000158159 -7.33554e-05 -0.000243928 -0.000276214 -0.000103307 -0.000157134  -0.00368869   0.00106911  0.000469372   0.00104191 -2.94221e-05 -0.000226849  0.000440209
 0.000487994 -4.72614e-05  6.90958e-05  0.000491675 -6.88661e-05 -0.000439476   0.00171752  6.88577e-05  -0.00116614   0.00169079   0.00190596  0.000110219 -7.91984e-05   0.00383503   0.00218244  0.000344834 -4.38648e-05   0.00065941   0.00124439 -9.03396e-06   0.00164836   0.00242367   0.00118451  0.000235108   0.00306664    0.0015814  0.000142011  0.000236242   0.00128182 -0.000120762 -0.000100217 -0.000111265 -0.000128197 -0.000103763    0.0225279 -0.000126185  -0.00010609 -0.000150196 -0.000147176 -0.000129455 -0.000105542 -0.000167789 -0.000175016 -0.000100188 -9.78607e-05 -0.000105677 -0.000102341 -0.000105931 -9.58721e-05  -0.00011129 -0.000118435 -6.29469e-05 -5.44157e-05 -6.23883e-05 -0.000103484 -9.83038e-05 -0.000100954 -9.83532e-05  -0.00290746  0.000306612  0.000222091  0.000397547   0.00077937   0.00109915   0.00026881
 -0.00110209  -0.00113428  2.25781e-05  -0.00112117  -0.00119505 -0.000340716 -0.000141582   -0.0010878 -0.000851758  0.000989207  0.000295617  -0.00102223 -5.19789e-05   0.00299967   0.00022115 -0.000914019 -0.000144238   0.00014007 -0.000256795  -0.00101203   0.00147645   0.00199568  0.000819429 -8.00855e-05   0.00295475 -0.000307642  -0.00104348  0.000113084  0.000657769 -0.000239764 -0.000238101  -0.00011077 -0.000248262 -0.000243901 -0.000126185    0.0224195 -0.000245459 -0.000153733 -0.000201067 -0.000236088 -0.000244152 -0.000181902 -0.000230319 -0.000196339   -0.0002269 -0.000112879 -0.000139696 -0.000204077 -0.000227879 -0.000119838 -0.000153565 -0.000130427   -0.0001339 -8.26113e-05 -0.000208366 -0.000233113   -0.0001002  -0.00014092   -0.0035925  0.000880656  0.000408498  0.000867479  0.000241135  0.000171479  0.000371949
 -0.00147148  -0.00152254   1.1327e-05   -0.0018335  -0.00167072 -0.000103376  -0.00144375  -0.00165389 -0.000400463  0.000281482  -0.00110069   -0.0016076  9.31448e-05   0.00159543  0.000234887  -0.00120017   -0.0002906  9.57356e-05  -0.00125152   -0.0015022   0.00109236   0.00124118  0.000401025 -0.000292308   0.00232424      -0.0004  -0.00136985 -0.000141262  0.000726154 -0.000270185 -0.000278764 -0.000102919 -0.000271408 -0.000283522  -0.00010609 -0.000245459    0.0223719 -0.000107627  -0.00016333 -0.000240615 -0.000280947  -0.00012056 -0.000165498 -0.000227836 -0.000266652 -0.000117901 -0.000153591 -0.000218739  -0.00026515 -8.66529e-05 -0.000127164 -0.000146075 -0.000158188 -7.48711e-05 -0.000240185 -0.000273963 -9.97658e-05 -0.000152085  -0.00363244  0.000977779  0.000382608  0.000964104 -3.52741e-05 -0.000185473  0.000391645
  0.00021215  -6.9434e-05  6.68639e-05  0.000858623  3.30362e-05 -0.000890903   0.00307082  0.000320712  -0.00192502   0.00270237   0.00356745  0.000420049 -0.000333721   0.00603469  0.000818783 -7.16264e-07  0.000231558  0.000507349   0.00225551  0.000199142   0.00222345   0.00357182    0.0016264  0.000328214   0.00395106  0.000530565 -7.11203e-05  0.000725264  0.000810937 -0.000114702 -9.43558e-05 -0.000111893 -0.000136337 -0.000101235 -0.000150196 -0.000153733 -0.000107627    0.0224368 -0.000219961  -0.00016654 -0.000108643 -0.000263567 -0.000291921 -8.13798e-05 -8.75256e-05 -7.89186e-05 -7.39399e-05 -0.000125259 -9.67803e-05 -0.000162228 -0.000168823 -6.87472e-05   -5.382e-05 -7.99632e-05   -8.941e-05 -9.00495e-05 -8.42219e-05 -8.00787e-05  -0.00261529  0.000222903  0.000108626  0.000310069  0.000846667   0.00121682  0.000168032
-0.000426827 -0.000399943  4.08162e-05  0.000130129 -0.000299288 -0.000694377   0.00202822 -4.22385e-05  -0.00148517   0.00209098   0.00262086  5.41083e-05 -0.000286228   0.00509518  0.000216937 -0.000355896  0.000116644  0.000228985    0.0014059 -9.60494e-05   0.00197378   0.00307747   0.00143637  0.000289333    0.0037148 -0.000122727 -0.000412251  0.000530679  0.000527173 -0.000170228 -0.000151294 -0.000112593 -0.000190415 -0.000158273 -0.000147176 -0.000201067  -0.00016333 -0.000219961    0.0223997 -0.000212027  -0.00016306 -0.000274984 -0.000333341 -0.000128224 -0.000142684 -9.43784e-05 -0.000105746 -0.000163387 -0.000146872 -0.000166272 -0.000187718 -9.31411e-05 -8.17498e-05 -8.84896e-05 -0.000138785 -0.000146497 -9.12409e-05 -0.000111581  -0.00306256  0.000698525  0.000475175  0.000643745  0.000603766  0.000587943   0.00029637
 -0.00109805  -0.00113853  2.74921e-05 -0.000991347  -0.00117821  -0.00044738  0.000236326  -0.00103564  -0.00103379   0.00128258  0.000743314 -0.000955303  -0.00010163   0.00357826  6.50457e-05 -0.000964732 -7.48173e-05  0.000170985  3.00665e-05 -0.000974213   0.00161372   0.00228928  0.000907737 -8.19042e-05   0.00312358 -0.000416667  -0.00107648  0.000235693  0.000639012 -0.000231785 -0.000231412 -0.000109001 -0.000243453 -0.000237924 -0.000129455 -0.000236088 -0.000240615  -0.00016654 -0.000212027    0.0224152 -0.000239955 -0.000200077 -0.000251381 -0.000187479 -0.000219412 -0.000103957 -0.000129017 -0.000204515 -0.000223926 -0.000128694 -0.000160957 -0.000129493 -0.000131877 -8.43803e-05      -0.0002 -0.000225991 -9.43012e-05 -0.000132034  -0.00338869  0.000762753  0.000288744  0.000758192  0.000199705  0.000180203   0.00028844
 -0.00147958  -0.00153763  1.26892e-05    -0.001809  -0.00168089 -0.000134485  -0.00136274  -0.00165644 -0.000453288  0.000354072  -0.00101172  -0.00160682  8.02955e-05   0.00172971  0.000171912  -0.00122803 -0.000269542  0.000102705  -0.00119244  -0.00150863   0.00111894   0.00130574  0.000410719 -0.000304356    0.0023443 -0.000445573  -0.00139316 -0.000105264  0.000715966 -0.000266618 -0.000276272 -0.000101165 -0.000268627 -0.000281251 -0.000105542 -0.000244152 -0.000280947 -0.000108643  -0.00016306 -0.000239955    0.0223755 -0.000122158   -0.0001667 -0.000224237   -0.0002638 -0.000113728 -0.000148804 -0.000217991 -0.000263796 -8.72521e-05 -0.000127116 -0.000145551  -0.00015767 -7.45433e-05 -0.000236747   -0.0002713 -9.67121e-05 -0.000147918  -0.00354253  0.000897463  0.000305954  0.000892738 -6.46519e-05 -0.000182252  0.000345503
-1.03302e-05 -0.000115447  6.37473e-05  0.000977584  5.70877e-05  -0.00111565     0.003734  0.000429682  -0.00229514   0.00322117   0.00443634  0.000562177 -0.000468844   0.00723972  9.71052e-05 -0.000209359   0.00035887  0.000401015   0.00273791  0.000290136   0.00256015   0.00421781   0.00189512  0.000395936   0.00452173 -6.61658e-05 -0.000214413  0.000965315  0.000552308 -0.000125093 -0.000103288 -0.000117059 -0.000154509 -0.000112063 -0.000167789 -0.000181902  -0.00012056 -0.000263567 -0.000274984 -0.000200077 -0.000122158    0.0223265 -0.000375856 -8.35645e-05 -9.40702e-05 -7.29841e-05 -7.04915e-05  -0.00014587 -0.000107841 -0.000196619 -0.000205895 -7.76819e-05 -5.91415e-05 -9.36879e-05 -9.41503e-05 -9.76874e-05 -8.13987e-05 -8.09769e-05  -0.00266013   0.00028865  0.000141301  0.000339756  0.000858477   0.00117728  0.000144104
-0.000432458 -0.000368864  5.66294e-05   0.00056925 -0.000181151  -0.00104037    0.0034187  0.000216835  -0.00207643   0.00314132   0.00435705  0.000369056 -0.000457492    0.0073128 -0.000158532 -0.000462877  0.000319487  0.000316543   0.00245458  0.000113008   0.00257977   0.00426752   0.00189912  0.000382054   0.00464291 -0.000418646 -0.000467924   0.00091696  0.000499335 -0.000168046 -0.000147161 -0.000121669 -0.000200148 -0.000156736 -0.000175016 -0.000230319 -0.000165498 -0.000291921 -0.000333341 -0.000251381   -0.0001667 -0.000375856    0.0221933 -0.000118435 -0.000136147 -8.43211e-05 -9.26271e-05 -0.000183287 -0.000148352 -0.000217207  -0.00023881 -9.90491e-05 -8.17909e-05 -0.000105202 -0.000131343 -0.000140915 -8.79021e-05 -0.000103841  -0.00292934  0.000640281  0.000386349  0.000528377  0.000494933  0.000455821  0.000136142
-0.000132693 -0.000767041   5.3399e-05  -0.00132197  -0.00111709  0.000489292  -0.00158309  -0.00120834  0.000488186 -0.000189804  -0.00138594  -0.00121043  0.000372448  0.000409895   0.00488097  0.000320746 -0.000776955  0.000665234   -0.0012989  -0.00109251  0.000729291  0.000614988  0.000240712 -0.000149947    0.0016939   0.00282399 -0.000252172 -0.000787221   0.00176926 -0.000263824 -0.000236354 -0.000126444    -0.000233 -0.000232471 -0.000100188 -0.000196339 -0.000227836 -8.13798e-05 -0.000128224 -0.000187479 -0.000224237 -8.35645e-05 -0.000118435    0.0222929 -0.000260279 -0.000277616 -0.000438381 -0.000171251 -0.000210327 -6.26128e-05 -9.68758e-05 -0.000114338 -0.000123837 -5.85225e-05 -0.000302785 -0.000246084 -0.000193315  -0.00030287  -0.00361964    0.0010548  0.000414491   0.00114029  0.000126694 -0.000194648  0.000601609
 -0.00105396   -0.0013105  2.27258e-05  -0.00178417  -0.00153634  0.000175252  -0.00176853  -0.00157642  7.42768e-05 -7.11051e-05  -0.00148152  -0.00155094  0.000226914  0.000773842   0.00177285  -0.00071671 -0.000469866   0.00031404  -0.00147067  -0.00141714    0.0008342  0.000784623  0.000238021 -0.000270989   0.00188354  0.000709356  -0.00101276 -0.000422607   0.00115138 -0.000268345 -0.000267754 -0.000107174 -0.000258784 -0.000269366 -9.78607e-05   -0.0002269 -0.000266652 -8.75256e-05 -0.000142684 -0.000219412   -0.0002638 -9.40702e-05 -0.000136147 -0.000260279     0.022389 -0.000161688  -0.00022254 -0.000201239 -0.000248732 -7.00017e-05 -0.000109562 -0.000135361 -0.000147988 -6.62608e-05  -0.00025578 -0.000267267 -0.000125535 -0.000189919  -0.00354041   0.00117944  0.000569324    0.0011484 -1.96201e-05 -0.000301864  0.000516243
  0.00153878  0.000257508  0.000105214 -6.72977e-05 -9.72596e-05  0.000783346  -0.00055799 -0.000223419  0.000910989 -9.76446e-05 -0.000621401 -0.000276962  0.000510633  0.000116593   0.00793458   0.00180729 -0.000889717    0.0013289 -0.000496513 -0.000233325   0.00061996  0.000460532  0.000467287  0.000176346   0.00153588    0.0055365   0.00105977  -0.00104739   0.00290089 -0.000179955 -0.000130535   -0.0001413 -0.000145574 -0.000123572 -0.000105677 -0.000112879 -0.000117901 -7.89186e-05 -9.43784e-05 -0.000103957 -0.000113728 -7.29841e-05 -8.43211e-05 -0.000277616 -0.000161688    0.0223613 -0.000395012 -9.17755e-05 -0.000103754 -5.35858e-05 -6.99886e-05 -5.86347e-05 -5.81868e-05 -4.19948e-05 -0.000221304  -0.00014311 -0.000214999 -0.000273946  -0.00371862  0.000823493  0.000638188  0.000813678  0.000425308  0.000212958  0.000519725
  0.00121155  0.000124559  9.30979e-05 -0.000494274 -0.000330812  0.000887032   -0.0011315 -0.000482246   0.00102032 -0.000351437  -0.00112607 -0.000529926  0.000538561 -0.000150376   0.00857557   0.00177924  -0.00111155   0.00110339 -0.000924147 -0.000447881  0.000557469  0.000338767  0.000314478  0.000109802   0.00143073   0.00549241   0.00090131  -0.00122463   0.00254529 -0.000233083  -0.00017069 -0.000147252 -0.000180482 -0.000160549 -0.000102341 -0.000139696 -0.000153591 -7.39399e-05 -0.000105746 -0.000129017 -0.000148804 -7.04915e-05 -9.26271e-05 -0.000438381  -0.00022254 -0.000395012    0.0220085 -0.000115418 -0.000136708 -5.32398e-05 -7.75863e-05  -7.4665e-05 -7.70492e-05 -4.63412e-05 -0.000324324 -0.000191273 -0.000263988 -0.000409198  -0.00370508  0.000896088  0.000369287   0.00107977  0.000445908  8.28462e-05  0.000717015
