    58    58     1
    0.944099   0.00199346   0.00917781  -0.00372143    0.0201458 -0.000432679  -0.00220342  -0.00810104 -0.000799545   -0.0070384  -0.00564574  -0.00110799  -0.00246978  -0.00100049  0.000151072   -0.0449076   -0.0257698   -0.0111896   -0.0227073  -0.00881749   -0.0341459    -0.124518   -0.0192995 -0.000657543   -0.0370286   -0.0151956   -0.0241442   -0.0156185  -0.00848472  -0.00392108   -0.0247263   -0.0198841  -0.00206992  0.000472068   -0.0308517  -0.00105703    -0.038603  -0.00165032    0.0118433   -0.0972735   0.00148934   -0.0212118  -0.00430235  -0.00147428  0.000125119 -0.000745984  -0.00123123   0.00129201  -0.00103803  -0.00214929  3.39746e-05  -0.00096552  -0.00257791  0.000711695  -0.00254904  -0.00211761 -0.000985764  -0.00111536
  0.00199346     0.183477   0.00293451   -0.0050283   0.00392822   0.00115893   -0.0318395   -0.0223295   0.00129491   -0.0434619  -0.00935949   0.00102842  0.000727764 -0.000274564   -0.0556355  0.000262816   -0.0143726  -0.00589259  -0.00114684 -0.000866564  -0.00474486    0.0112366  -0.00326159   0.00127799  -0.00169012    -0.010799  -0.00692042  -0.00745002   0.00496495 -2.35913e-05  -0.00623812  -0.00079169   0.00073948  0.000875868   0.00173785   0.00577771   0.00686587  0.000903791   0.00679633   0.00210788  0.000876867  -0.00129532   0.00580093  0.000922803  0.000924548   0.00106039   0.00123207  0.000765769  0.000934925  0.000352836   0.00101298  0.000761616   0.00124278  0.000761789  0.000956207   0.00122475 -1.39599e-05   0.00084986
  0.00917781   0.00293451     0.991648 -0.000117754   -0.0111468  0.000163766   0.00136273     0.001836  0.000361672   0.00265347   0.00119159  0.000125891  0.000395606   0.00025095   0.00302672   0.00839124  -0.00826337    0.0149274  -0.00239538   0.00895949    0.0059221    0.0335823  -0.00378658   -0.0121813    0.0147711    0.0283509  -0.00946264  -0.00124269  -0.00677102   -0.0057268   0.00186227   0.00531858   0.00045285 -0.000631729   -0.0125409   -0.0169162  -0.00508439  -0.00624425   -0.0140986    0.0277803 -0.000725904  -0.00384778   -0.0124693 -0.000322546 -0.000173527  0.000125178  0.000160796 -0.000598385  0.000559199  0.000343999 -0.000556501  2.76833e-05 -0.000136324 -0.000395816   0.00020338 -0.000325601  0.000195007 -0.000360321
 -0.00372143   -0.0050283 -0.000117754     0.996643   0.00466365  0.000370092  -0.00300412  -0.00349175  0.000430751  -0.00497101  -0.00243651  0.000226575 -0.000318436 -0.000404175  -0.00490105  -0.00320431   -0.0109098 -0.000487287   -0.0056467  0.000226202  -0.00462575   0.00488661  -0.00648019  -0.00271149   0.00338003  -0.00103948   -0.0075383  -0.00654711  -0.00184389  -0.00325366  -0.00578805   0.00178789  0.000184994  1.29585e-05  -0.00817726  -0.00383347  -0.00508517  -0.00125068  0.000478027   0.00117389  7.24651e-05  -0.00616987  -0.00211739 -0.000423634  0.000234157   0.00032052  0.000248895  9.89796e-05  0.000250171 -0.000404609  3.18103e-05  6.16666e-05 -0.000319442  0.000141442 -0.000299125  -0.00037505 -0.000269807 -0.000423882
   0.0201458   0.00392822   -0.0111468   0.00466365    0.0154337  -0.00219218  0.000109919 -0.000624214  -0.00203231     0.004795   0.00166433   -0.0010569   -0.0017786 -0.000621713   0.00471178  0.000255838   0.00388501    0.0100573   0.00113303   0.00830452   0.00577102   -0.0136916  -0.00504535     0.052714    -0.021043   0.00710989   0.00827193  -0.00175326    -0.022136    0.0188993   0.00850267   -0.0198602  -0.00173473  -0.00205304  -0.00144911    -0.036061    0.0110531    0.0128456   -0.0207928   0.00817419  -0.00240002  -0.00290665  -5.2168e-05  -0.00193305  -0.00251457  -0.00117268   -0.0016073   -0.0025488  -0.00203192  -0.00139271  -0.00171331  -0.00092952  -0.00204476  -0.00271503   -0.0018481  -0.00210846 -0.000641035  -0.00199177
-0.000432679   0.00115893  0.000163766  0.000370092  -0.00219218    0.0222135 -0.000158183 -0.000756351 -0.000508022  0.000392801 -0.000124609 -0.000342388 -0.000300198  2.66218e-05   0.00108253  -0.00125455   0.00672756    0.0004688  -0.00157101  0.000193619 -0.000538053 -0.000788101 -0.000527566   0.00333955    0.0032918  0.000936433   0.00304683 -3.61846e-05   0.00365355   0.00154399 -0.000783809    0.0022661  6.15148e-05 -0.000130284   0.00330375   0.00770701   -0.0011255   0.00228525 -0.000268927   0.00102914 -0.000107994  -0.00107035   0.00363077 -0.000132857 -0.000300064 -0.000367324 -0.000395357 -0.000127268 -0.000400241 -0.000182825  -0.00014924 -0.000199047 -0.000271064 -0.000194425 -0.000304324 -0.000200224 -3.91984e-05  -0.00012269
 -0.00220342   -0.0318395   0.00136273  -0.00300412  0.000109919 -0.000158183     0.213601   -0.0267542   -0.0002623   -0.0295761   -0.0164344 -0.000104525 -0.000272874 -0.000130733   -0.0319947  -0.00460018  -0.00187831   0.00322449  -0.00705307   0.00249596  -0.00515316   0.00110124  -0.00638547  -0.00142586   0.00796338   0.00916707  -0.00568366  -0.00680105   0.00429796  0.000737069  -0.00726971   0.00473321  0.000533735  0.000450315  -0.00220138    0.0101273  -0.00512513  0.000459562  8.49951e-05   0.00298294  0.000578715  -0.00660026   0.00370859   0.00034949  0.000105688 -0.000138674 -8.40329e-05  0.000450936  -0.00018826  -0.00021905  0.000464493  5.74295e-05  0.000154378  0.000286479 -0.000148793  0.000364668 -0.000103063  0.000350495
 -0.00810104   -0.0223295     0.001836  -0.00349175 -0.000624214 -0.000756351   -0.0267542     0.196617  -0.00108974   -0.0260507   -0.0335472  -0.00068578  -0.00125902 -0.000376758   -0.0212391   -0.0083684  -0.00996925   0.00746048   -0.0129721   0.00192961  -0.00672857 -0.000851649   -0.0120776  -0.00739962    0.0156787    0.0184194   -0.0143389   -0.0104021  -0.00610815 -0.000240676   -0.0107905   0.00937007  0.000313045 -0.000144516   -0.0162687  -0.00328834   -0.0174414  -0.00417702   -0.0024783   0.00555332  0.000303312    -0.013093  -0.00482608 -0.000421675 -8.72302e-05 -0.000698504 -0.000831662  0.000324208  -0.00095136 -0.000926343  1.50962e-05 -0.000362153 -0.000662311  0.000246676  -0.00111277 -0.000357672  -0.00037339 -0.000553935
-0.000799545   0.00129491  0.000361672  0.000430751  -0.00203231 -0.000508022   -0.0002623  -0.00108974    0.0220605  0.000408685 -0.000412475 -0.000396543 -0.000353335  2.78709e-05   0.00123346  -0.00163182   0.00763361  0.000319992  -0.00174043  3.67986e-06 -0.000732874  -0.00178619 -0.000530675   0.00374104   0.00333436  0.000710498   0.00347239 -4.68921e-06   0.00403879   0.00179458 -0.000929927   0.00240714  5.07238e-05 -0.000143962   0.00377948   0.00870998  -0.00132139    0.0025285 -6.35081e-05  0.000456022 -0.000107719   -0.0011502   0.00410123 -0.000145408 -0.000330837  -0.00042449 -0.000461318 -0.000127883 -0.000479111  -0.00021416 -0.000161634 -0.000228214 -0.000303186 -0.000204142 -0.000352594 -0.000217711 -4.65825e-05 -0.000137849
  -0.0070384   -0.0434619   0.00265347  -0.00497101     0.004795  0.000392801   -0.0295761   -0.0260507  0.000408685     0.194656   -0.0111309  0.000267918 -0.000420471 -0.000582371   -0.0466768   -0.0071626   -0.0105446  -0.00539704  -0.00853486 -0.000129035   -0.0100405  -0.00110722  -0.00861984   0.00770226   0.00104136  -0.00891582  -0.00756057   -0.0108783   0.00886257   0.00240008   -0.0107715  0.000421892  0.000698037 -2.91267e-05  -0.00227006     0.020546  -0.00418614    0.0058022   0.00656204   -0.0059994  0.000571908  -0.00811042    0.0122158 -0.000172055  0.000390113  0.000346886  0.000387475  0.000546049  0.000210551 -0.000572703  0.000317785  0.000222156 -8.60383e-06  0.000451186 -0.000251058  7.40259e-05 -0.000393537 -0.000380248
 -0.00564574  -0.00935949   0.00119159  -0.00243651   0.00166433 -0.000124609   -0.0164344   -0.0335472 -0.000412475   -0.0111309     0.205993 -0.000179702 -0.000638146 -0.000237835   -0.0065596  -0.00391861   -0.0190387    0.0074165  -0.00673043  0.000415301  -0.00240585 -0.000687338   -0.0077619   -0.0163534   0.00739156    0.0175183   -0.0171955  -0.00636429   -0.0173908  -0.00380804  -0.00551285   0.00433967 -0.000158482  -0.00010493   -0.0217435   -0.0270677   -0.0137826   -0.0110094  -0.00340344   0.00393473  0.000236467  -0.00791062   -0.0165028 -0.000198126  0.000380726 -0.000161225 -0.000340754   0.00036229 -0.000519185 -0.000417087  9.21452e-05 -6.84711e-05 -0.000133544  0.000500656 -0.000504775  9.62255e-07 -0.000169637 -0.000373306
 -0.00110799   0.00102842  0.000125891  0.000226575   -0.0010569 -0.000342388 -0.000104525  -0.00068578 -0.000396543  0.000267918 -0.000179702    0.0223733 -0.000269266  6.76835e-06  0.000940241  -0.00146301   0.00437339  0.000435256  -0.00164493  0.000132834 -0.000821321  -0.00163676 -0.000815052   0.00225826   0.00246344  0.000937831   0.00163598 -0.000323478   0.00249741  0.000990407 -0.000993304   0.00166875  3.09737e-05 -0.000110485   0.00164305   0.00552668  -0.00170131   0.00158026 -0.000251061 -3.86472e-05 -7.75162e-05  -0.00126727   0.00242795 -0.000141173 -0.000230982  -0.00029303 -0.000323806 -9.04189e-05 -0.000314694 -0.000174127 -0.000131085 -0.000171367 -0.000261192  -0.00014511 -0.000278104 -0.000203874 -4.47058e-05 -0.000128536
 -0.00246978  0.000727764  0.000395606 -0.000318436   -0.0017786 -0.000300198 -0.000272874  -0.00125902 -0.000353335 -0.000420471 -0.000638146 -0.000269266    0.0222132 -0.000133417  0.000584764  -0.00227354  0.000924614 -0.000775958  -0.00270013 -0.000558995  -0.00187987  -0.00134629  -0.00216115   0.00337632   0.00260521  -0.00184469 -7.60868e-05  -0.00174871   0.00150535  0.000951869  -0.00220224   0.00170516  2.85732e-05 -0.000187619 -0.000520307   0.00426729   -0.0028931   0.00182538  0.000556724 -0.000615481 -0.000119645  -0.00248914    0.0023541 -0.000340736 -0.000210323 -0.000247844 -0.000326731 -0.000111274 -0.000345622 -0.000351812 -0.000187961 -0.000195313 -0.000427944  -0.00014709 -0.000440599 -0.000388237 -0.000148808 -0.000339642
 -0.00100049 -0.000274564   0.00025095 -0.000404175 -0.000621713  2.66218e-05 -0.000130733 -0.000376758  2.78709e-05 -0.000582371 -0.000237835  6.76835e-06 -0.000133417    0.0225466 -0.000340352 -0.000622811  -0.00235345  -0.00104382 -0.000764061 -0.000566731 -0.000812023  0.000172057 -0.000964358    0.0011068  7.63705e-05  -0.00236773  -0.00108601  -0.00105397 -0.000544027  7.67686e-05 -0.000903354  3.06223e-05  1.32037e-06 -5.74257e-05  -0.00136293 -0.000538493 -0.000768449  0.000344649  0.000717845 -0.000486839 -3.12006e-05 -0.000871668  0.000215053 -0.000150215  1.05935e-05  3.06104e-05 -3.24134e-06 -1.65453e-05   -2.562e-05 -0.000138056 -4.16541e-05  -1.9578e-05 -0.000126556  -4.7096e-06 -0.000124922 -0.000138667 -8.08844e-05 -0.000159149
 0.000151072   -0.0556355   0.00302672  -0.00490105   0.00471178   0.00108253   -0.0319947   -0.0212391   0.00123346   -0.0466768   -0.0065596  0.000940241  0.000584764 -0.000340352     0.181158  -0.00113211   -0.0125935  -0.00757807  -0.00195233  -0.00103388  -0.00613744   0.00783866  -0.00358945   0.00545716  -0.00312089   -0.0142105  -0.00551585  -0.00784176   0.00837074   0.00140336  -0.00691771  -0.00175564  0.000783125   0.00062056   0.00344164    0.0136144   0.00628724   0.00377948   0.00803301  -0.00151223  0.000822694  -0.00181736    0.0102311   0.00071208   0.00082763   0.00098462    0.0011667  0.000730173  0.000903876  0.000204404  0.000858254  0.000694488   0.00104971  0.000698112   0.00079954   0.00103299 -8.73679e-05  0.000577477
  -0.0449076  0.000262816   0.00839124  -0.00320431  0.000255838  -0.00125455  -0.00460018   -0.0083684  -0.00163182   -0.0071626  -0.00391861  -0.00146301  -0.00227354 -0.000622811  -0.00113211     0.955522   0.00828467  -0.00628281   -0.0222787  -0.00336617   -0.0323402    -0.122359   -0.0162714   0.00830415   -0.0302474  -0.00454985  -0.00527156   -0.0126425   0.00875186  0.000464038   -0.0224948   -0.0150065  -0.00162965   0.00122444  -0.00765872    0.0275515   -0.0288437   0.00621783   0.00857652   -0.0881408    0.0018077   -0.0192133    0.0103008 -0.000595299 -0.000522572  -0.00130836  -0.00159881    0.0012593  -0.00148961  -0.00183378  0.000529654 -0.000991385  -0.00216935  0.000293876  -0.00231855  -0.00147122 -0.000755636 -2.28239e-05
  -0.0257698   -0.0143726  -0.00826337   -0.0109098   0.00388501   0.00672756  -0.00187831  -0.00996925   0.00763361   -0.0105446   -0.0190387   0.00437339  0.000924614  -0.00235345   -0.0125935   0.00828467      0.78723  -0.00106888  -0.00309442  -0.00802744  -0.00418841     0.027637   -0.0267677    -0.063659   -0.0286386   -0.0113077    -0.118784   -0.0268946    -0.114918    -0.034828   -0.0100668   -0.0287484  -0.00157558  -0.00101652     -0.14524    -0.213999   -0.0388485     -0.05484  -0.00659522  -0.00750641 -0.000369024   -0.0171387     -0.10499  -0.00277491   0.00437286   0.00544922   0.00469645   0.00067337    0.0051613  -0.00051757 -0.000388441   0.00166745  -0.00038809   0.00236346  0.000734686  -0.00181838  -0.00104545  -0.00314737
  -0.0111896  -0.00589259    0.0149274 -0.000487287    0.0100573    0.0004688   0.00322449   0.00746048  0.000319992  -0.00539704    0.0074165  0.000435256 -0.000775958  -0.00104382  -0.00757807  -0.00628281  -0.00106888     0.958929   0.00880952   -0.0219762   -0.0073249   -0.0290881   0.00820424    0.0389688    -0.028351   -0.0851641    0.0176747  0.000942029    0.0110285    0.0140163 -0.000981169   -0.0112417 -0.000636133 -7.49341e-05    0.0226045    0.0270668    0.0179642    0.0178359    0.0328201   -0.0371048  0.000146829    0.0101613    0.0289989 -0.000587691  0.000498771  0.000617921  0.000320857  0.000281646  -0.00070186 -0.000943156  0.000224418  0.000216604 -4.61538e-06  0.000392722 -0.000380489 -0.000144682 -0.000686352 -0.000839011
  -0.0227073  -0.00114684  -0.00239538   -0.0056467   0.00113303  -0.00157101  -0.00705307   -0.0129721  -0.00174043  -0.00853486  -0.00673043  -0.00164493  -0.00270013 -0.000764061  -0.00195233   -0.0222787  -0.00309442   0.00880952     0.970205   0.00582972   -0.0194234   -0.0119516   -0.0254876    0.0030721    0.0256842    0.0189665   -0.0154578   -0.0194204   0.00866801  -0.00385427   -0.0231597    0.0144463  0.000427826 -0.000726487   -0.0206358    0.0211752   -0.0350574   0.00491873  -0.00687276  -0.00418738 -0.000356356   -0.0286535   0.00441118  -0.00221535  -0.00123408  -0.00144183   -0.0018844 -0.000446471  -0.00145736   -0.0021971  -0.00105865  -0.00123836  -0.00312627 -0.000833749   -0.0029034  -0.00283947 -0.000903755  -0.00193659
 -0.00881749 -0.000866564   0.00895949  0.000226202   0.00830452  0.000193619   0.00249596   0.00192961  3.67986e-06 -0.000129035  0.000415301  0.000132834 -0.000558995 -0.000566731  -0.00103388  -0.00336617  -0.00802744   -0.0219762   0.00582972     0.985455  -0.00313613   -0.0198764   0.00481299    0.0157093    -0.017933   -0.0457454   0.00473343   0.00109765  -0.00244824   0.00642966  5.61368e-05  -0.00736838 -0.000649767 -0.000298241   0.00602884   0.00112115   0.00717125    0.0049059    0.0178845   -0.0229997  5.58131e-07   0.00608574   0.00810603 -0.000425363  0.000392177  0.000229783  3.57825e-05  0.000193274 -0.000540527 -0.000575182 -9.87113e-06  1.07845e-05 -1.73407e-05  0.000371815 -0.000314423 -7.90055e-05   -0.0003792 -0.000678446
  -0.0341459  -0.00474486    0.0059221  -0.00462575   0.00577102 -0.000538053  -0.00515316  -0.00672857 -0.000732874   -0.0100405  -0.00240585 -0.000821321  -0.00187987 -0.000812023  -0.00613744   -0.0323402  -0.00418841   -0.0073249   -0.0194234  -0.00313613     0.974158   -0.0771456   -0.0159647   0.00728009   -0.0176803  -0.00988314  -0.00905105   -0.0138534    0.0062597   -0.0011317   -0.0200525  -0.00868624 -0.000894105  0.000679512   -0.0109244    0.0192643   -0.0232788   0.00528539   0.00797037   -0.0590588   0.00115952   -0.0176502    0.0081202 -0.000926959 -0.000203702 -0.000605768 -0.000909338  0.000841635 -0.000859821  -0.00166237  0.000250245 -0.000643811  -0.00186438  0.000244261  -0.00190009  -0.00147509 -0.000784249  -0.00055723
   -0.124518    0.0112366    0.0335823   0.00488661   -0.0136916 -0.000788101   0.00110124 -0.000851649  -0.00178619  -0.00110722 -0.000687338  -0.00163676  -0.00134629  0.000172057   0.00783866    -0.122359     0.027637   -0.0290881   -0.0119516   -0.0198764   -0.0771456     0.515332  9.40064e-05   0.00160019    -0.195868   -0.0269054   0.00285864   0.00306062  -0.00569246   0.00453753   -0.0266652    -0.106035  -0.00834176   0.00729053   0.00103316    0.0211243   -0.0366911  -0.00200019    0.0368009    -0.353663   0.00864629  -0.00394781   0.00493562   0.00406731   0.00121002  -0.00158818  -0.00146311    0.0065294   -0.0015237 -0.000869319   0.00505663 -0.000794372 -0.000375601   0.00351427  -0.00126111   0.00179346 -0.000193232    0.0059012
  -0.0192995  -0.00326159  -0.00378658  -0.00648019  -0.00504535 -0.000527566  -0.00638547   -0.0120776 -0.000530675  -0.00861984   -0.0077619 -0.000815052  -0.00216115 -0.000964358  -0.00358945   -0.0162714   -0.0267677   0.00820424   -0.0254876   0.00481299   -0.0159647  9.40064e-05     0.974977  -0.00387194    0.0203173    0.0158484   -0.0262325   -0.0200672  -0.00598498  -0.00725728   -0.0203938   0.00974159  0.000281146 -0.000806467   -0.0335117  -0.00758984   -0.0325133  -0.00187375  -0.00769235   0.00109404 -0.000464461   -0.0263908  -0.00820156   -0.0022436 -0.000571994 -0.000529995 -0.000977308 -0.000410524 -0.000581808   -0.0019265 -0.000971312 -0.000818571  -0.00266115 -0.000512176  -0.00234545  -0.00261546 -0.000906168  -0.00207693
-0.000657543   0.00127799   -0.0121813  -0.00271149     0.052714   0.00333955  -0.00142586  -0.00739962   0.00374104   0.00770226   -0.0163534   0.00225826   0.00337632    0.0011068   0.00545716   0.00830415    -0.063659    0.0389688    0.0030721    0.0157093   0.00728009   0.00160019  -0.00387194     0.908528   -0.0101685    0.0862103    -0.053623  0.000369359   -0.0532616     -0.03427   0.00468728   -0.0118898 -0.000701596   0.00153735   -0.0622247    -0.109968   -0.0198165    -0.050166   -0.0282833   0.00258188   0.00150648  -0.00201625   -0.0758611   0.00218695   0.00269181   0.00226927   0.00283499   0.00164728   0.00398669   0.00271211   0.00137959   0.00137696   0.00264801   0.00217252   0.00305577   0.00236873   0.00121977   0.00228647
  -0.0370286  -0.00169012    0.0147711   0.00338003    -0.021043    0.0032918   0.00796338    0.0156787   0.00333436   0.00104136   0.00739156   0.00246344   0.00260521  7.63705e-05  -0.00312089   -0.0302474   -0.0286386    -0.028351    0.0256842    -0.017933   -0.0176803    -0.195868    0.0203173   -0.0101685     0.863608   -0.0460588  -0.00426805    0.0135507    -0.033998  -0.00136439   0.00962775   -0.0778517  -0.00493444   0.00268326  -0.00370376   -0.0549154    0.0183847   -0.0148197    0.0249364      -0.1616    0.0034373    0.0247837   -0.0195858   0.00286678   0.00304965   0.00253422   0.00291046   0.00314419   0.00234723   0.00178231   0.00277701   0.00161445   0.00322754   0.00295618   0.00288242    0.0032646  0.000507932   0.00285971
  -0.0151956    -0.010799    0.0283509  -0.00103948   0.00710989  0.000936433   0.00916707    0.0184194  0.000710498  -0.00891582    0.0175183  0.000937831  -0.00184469  -0.00236773   -0.0142105  -0.00454985   -0.0113077   -0.0851641    0.0189665   -0.0457454  -0.00988314   -0.0269054    0.0158484    0.0862103   -0.0460588     0.818619    0.0341238  0.000782701    0.0188614    0.0300104 -0.000241865   -0.0170385 -0.000871625 -0.000990932    0.0426017      0.04703    0.0390252    0.0379459    0.0656263   -0.0526276 -0.000563635    0.0205982    0.0582462  -0.00193395  0.000786548   0.00137025   0.00061136 -0.000109336  -0.00156216  -0.00219718 -0.000163022  0.000367801 -0.000388189  0.000348676  -0.00104163 -0.000870785  -0.00156898  -0.00260119
  -0.0241442  -0.00692042  -0.00946264   -0.0075383   0.00827193   0.00304683  -0.00568366   -0.0143389   0.00347239  -0.00756057   -0.0171955   0.00163598 -7.60868e-05  -0.00108601  -0.00551585  -0.00527156    -0.118784    0.0176747   -0.0154578   0.00473343  -0.00905105   0.00285864   -0.0262325    -0.053623  -0.00426805    0.0341238     0.920381   -0.0213588   -0.0662973   -0.0270038   -0.0142456   -0.0108428 -0.000833809  -0.00051371   -0.0975499    -0.122445   -0.0430947   -0.0377489    -0.016946  -0.00635867  1.35229e-05   -0.0229571   -0.0697656  -0.00182436   0.00199592   0.00222597   0.00181248   0.00047843     0.002648 -0.000617148 -0.000446759   0.00040127   -0.0011722   0.00117504 -0.000394834  -0.00172127 -0.000575428  -0.00181001
  -0.0156185  -0.00745002  -0.00124269  -0.00654711  -0.00175326 -3.61846e-05  -0.00680105   -0.0104021 -4.68921e-06   -0.0108783  -0.00636429 -0.000323478  -0.00174871  -0.00105397  -0.00784176   -0.0126425   -0.0268946  0.000942029   -0.0194204   0.00109765   -0.0138534   0.00306062   -0.0200672  0.000369359    0.0135507  0.000782701   -0.0213588     0.982276  -0.00488558  -0.00516442   -0.0172188   0.00665128  0.000298141 -0.000572117   -0.0260747  -0.00599056   -0.0227379 -0.000183488  -0.00156318 -0.000298197 -0.000278197   -0.0204039   -0.0040471  -0.00186413 -0.000171669 -4.85811e-05 -0.000427617 -0.000204483 -0.000279538  -0.00167733 -0.000616525 -0.000475537  -0.00199209 -0.000220854  -0.00181104  -0.00201974 -0.000875733   -0.0017907
 -0.00848472   0.00496495  -0.00677102  -0.00184389    -0.022136   0.00365355   0.00429796  -0.00610815   0.00403879   0.00886257   -0.0173908   0.00249741   0.00150535 -0.000544027   0.00837074   0.00875186    -0.114918    0.0110285   0.00866801  -0.00244824    0.0062597  -0.00569246  -0.00598498   -0.0532616    -0.033998    0.0188614   -0.0662973  -0.00488558     0.917006   -0.0218926   0.00556059   -0.0273588  -0.00203539 -0.000480927    -0.083697    -0.153841   -0.0165906   -0.0437505   -0.0128403   -0.0125266 -7.58553e-05 -0.000245435    -0.078919 -0.000463688   0.00264452   0.00287256   0.00270193  0.000551674   0.00304362   0.00078688   2.5979e-05   0.00105676  0.000943592   0.00161258   0.00139301  0.000224869  3.63416e-05 -0.000814516
 -0.00392108 -2.35913e-05   -0.0057268  -0.00325366    0.0188993   0.00154399  0.000737069 -0.000240676   0.00179458   0.00240008  -0.00380804  0.000990407  0.000951869  7.67686e-05   0.00140336  0.000464038    -0.034828    0.0140163  -0.00385427   0.00642966   -0.0011317   0.00453753  -0.00725728     -0.03427  -0.00136439    0.0300104   -0.0270038  -0.00516442   -0.0218926     0.984448  -0.00286629   -0.0037122 -0.000180393  0.000413511   -0.0318729   -0.0460296   -0.0127316   -0.0190044   -0.0111937   0.00140066   0.00041512  -0.00632648   -0.0305771  0.000227121   0.00106581    0.0011141   0.00119704  0.000499776   0.00169148  0.000630145  0.000323289  0.000496818  0.000465467  0.000736955  0.000783628  0.000258321  0.000214047  0.000307993
  -0.0247263  -0.00623812   0.00186227  -0.00578805   0.00850267 -0.000783809  -0.00726971   -0.0107905 -0.000929927   -0.0107715  -0.00551285 -0.000993304  -0.00220224 -0.000903354  -0.00691771   -0.0224948   -0.0100668 -0.000981169   -0.0231597  5.61368e-05   -0.0200525   -0.0266652   -0.0203938   0.00468728   0.00962775 -0.000241865   -0.0142456   -0.0172188   0.00556059  -0.00286629     0.979081   0.00616487  6.35049e-05 -0.000136811   -0.0172877    0.0157012   -0.0268294   0.00430266   0.00175291   -0.0201715  0.000215348   -0.0222124   0.00502999  -0.00165651 -0.000543382 -0.000759314  -0.00114685  0.000100322 -0.000980142  -0.00191548 -0.000437454 -0.000817295  -0.00234888 -0.000245264  -0.00227237  -0.00210826 -0.000883635  -0.00140292
  -0.0198841  -0.00079169   0.00531858   0.00178789   -0.0198602    0.0022661   0.00473321   0.00937007   0.00240714  0.000421892   0.00433967   0.00166875   0.00170516  3.06223e-05  -0.00175564   -0.0150065   -0.0287484   -0.0112417    0.0144463  -0.00736838  -0.00868624    -0.106035   0.00974159   -0.0118898   -0.0778517   -0.0170385   -0.0108428   0.00665128   -0.0273588   -0.0037122   0.00616487     0.953586  -0.00284552   0.00146567   -0.0127307   -0.0469673   0.00753593   -0.0128104   0.00922992   -0.0879373   0.00185955    0.0127892   -0.0199462   0.00153486    0.0018954   0.00175523   0.00196293   0.00172269   0.00179939   0.00113757   0.00151011   0.00102606   0.00181798   0.00169513   0.00178701   0.00174392  0.000317185   0.00155946
 -0.00206992   0.00073948   0.00045285  0.000184994  -0.00173473  6.15148e-05  0.000533735  0.000313045  5.07238e-05  0.000698037 -0.000158482  3.09737e-05  2.85732e-05  1.32037e-06  0.000783125  -0.00162965  -0.00157558 -0.000636133  0.000427826 -0.000649767 -0.000894105  -0.00834176  0.000281146 -0.000701596  -0.00493444 -0.000871625 -0.000833809  0.000298141  -0.00203539 -0.000180393  6.35049e-05  -0.00284552     0.999767  4.62406e-05  -0.00124844  -0.00322426 -0.000420289 -0.000891102  0.000514902  -0.00647371  8.52064e-05  0.000367742  -0.00152837  3.85736e-05  7.34067e-05  3.62066e-05  3.44762e-05   8.3919e-05  2.84361e-05  2.15012e-05  4.59417e-05  1.33101e-05  3.49399e-05  8.02892e-05  3.00704e-05   4.0629e-05  6.91085e-06  3.89506e-05
 0.000472068  0.000875868 -0.000631729  1.29585e-05  -0.00205304 -0.000130284  0.000450315 -0.000144516 -0.000143962 -2.91267e-05  -0.00010493 -0.000110485 -0.000187619 -5.74257e-05   0.00062056   0.00122444  -0.00101652 -7.49341e-05 -0.000726487 -0.000298241  0.000679512   0.00729053 -0.000806467   0.00153735   0.00268326 -0.000990932  -0.00051371 -0.000572117 -0.000480927  0.000413511 -0.000136811   0.00146567  4.62406e-05    0.0220971  -0.00110285 -0.000267773  -0.00100172  0.000533198 -0.000517488   0.00481456 -0.000386223 -0.000858551  0.000203003 -0.000395817 -0.000121303  -9.9325e-05 -0.000144408 -0.000262052 -0.000144795 -0.000148789 -0.000374874 -9.82988e-05 -0.000222163 -0.000149577 -0.000194765 -0.000284063 -6.23686e-05 -0.000537391
  -0.0308517   0.00173785   -0.0125409  -0.00817726  -0.00144911   0.00330375  -0.00220138   -0.0162687   0.00377948  -0.00227006   -0.0217435   0.00164305 -0.000520307  -0.00136293   0.00344164  -0.00765872     -0.14524    0.0226045   -0.0206358   0.00602884   -0.0109244   0.00103316   -0.0335117   -0.0622247  -0.00370376    0.0426017   -0.0975499   -0.0260747    -0.083697   -0.0318729   -0.0172877   -0.0127307  -0.00124844  -0.00110285     0.877148    -0.153255   -0.0566539   -0.0453192   -0.0227717  -0.00754303 -0.000404711   -0.0299904   -0.0866437  -0.00275967   0.00206955   0.00238654   0.00174016  0.000216754   0.00278395  -0.00104314  -0.00100473  0.000222657  -0.00201223   0.00108474 -0.000968622  -0.00270061 -0.000794226  -0.00275457
 -0.00105703   0.00577771   -0.0169162  -0.00383347    -0.036061   0.00770701    0.0101273  -0.00328834   0.00870998     0.020546   -0.0270677   0.00552668   0.00426729 -0.000538493    0.0136144    0.0275515    -0.213999    0.0270668    0.0211752   0.00112115    0.0192643    0.0211243  -0.00758984    -0.109968   -0.0549154      0.04703    -0.122445  -0.00599056    -0.153841   -0.0460296    0.0157012   -0.0469673  -0.00322426 -0.000267773    -0.153255     0.703792   -0.0219102   -0.0858479   -0.0301674    0.0002861 -0.000107178   0.00387633    -0.153302  7.78287e-05   0.00532314    0.0061825   0.00603862  0.000982741   0.00680246   0.00263906  0.000494531   0.00260155   0.00293313   0.00306884   0.00398185   0.00138094   0.00057522 -0.000438369
   -0.038603   0.00686587  -0.00508439  -0.00508517    0.0110531   -0.0011255  -0.00512513   -0.0174414  -0.00132139  -0.00418614   -0.0137826  -0.00170131   -0.0028931 -0.000768449   0.00628724   -0.0288437   -0.0388485    0.0179642   -0.0350574   0.00717125   -0.0232788   -0.0366911   -0.0325133   -0.0198165    0.0183847    0.0390252   -0.0430947   -0.0227379   -0.0165906   -0.0127316   -0.0268294   0.00753593 -0.000420289  -0.00100172   -0.0566539   -0.0219102     0.943238   -0.0104153   -0.0143484   -0.0222376 -0.000242226   -0.0357567   -0.0233824  -0.00276387 -0.000813297  -0.00133531  -0.00193578 -0.000182379  -0.00104043  -0.00235134    -0.001408  -0.00145812  -0.00381025 -0.000442965  -0.00329589   -0.0035517  -0.00093515  -0.00243056
 -0.00165032  0.000903791  -0.00624425  -0.00125068    0.0128456   0.00228525  0.000459562  -0.00417702    0.0025285    0.0058022   -0.0110094   0.00158026   0.00182538  0.000344649   0.00377948   0.00621783     -0.05484    0.0178359   0.00491873    0.0049059   0.00528539  -0.00200019  -0.00187375    -0.050166   -0.0148197    0.0379459   -0.0377489 -0.000183488   -0.0437505   -0.0190044   0.00430266   -0.0128104 -0.000891102  0.000533198   -0.0453192   -0.0858479   -0.0104153      0.96817   -0.0141927   -0.0029889  0.000596975  0.000537531   -0.0513668  0.000876562   0.00179201   0.00166697   0.00185421  0.000816343   0.00235053   0.00137577  0.000611425  0.000854984   0.00144902   0.00131419   0.00168945   0.00115367   0.00054001  0.000813933
   0.0118433   0.00679633   -0.0140986  0.000478027   -0.0207928 -0.000268927  8.49951e-05   -0.0024783 -6.35081e-05   0.00656204  -0.00340344 -0.000251061  0.000556724  0.000717845   0.00803301   0.00857652  -0.00659522    0.0328201  -0.00687276    0.0178845   0.00797037    0.0368009  -0.00769235   -0.0282833    0.0249364    0.0656263    -0.016946  -0.00156318   -0.0128403   -0.0111937   0.00175291   0.00922992  0.000514902 -0.000517488   -0.0227717   -0.0301674   -0.0143484   -0.0141927     0.971704    0.0385102 -0.000714006  -0.00879209   -0.0258102 -5.56608e-05 -0.000507244  -0.00034377 -0.000204645 -0.000688824  0.000624761  0.000653081 -0.000635587  -0.00018881 -0.000266843 -0.000604498  0.000195119 -0.000324791  0.000473109  6.09717e-05
  -0.0972735   0.00210788    0.0277803   0.00117389   0.00817419   0.00102914   0.00298294   0.00555332  0.000456022   -0.0059994   0.00393473 -3.86472e-05 -0.000615481 -0.000486839  -0.00151223   -0.0881408  -0.00750641   -0.0371048  -0.00418738   -0.0229997   -0.0590588    -0.353663   0.00109404   0.00258188      -0.1616   -0.0526276  -0.00635867 -0.000298197   -0.0125266   0.00140066   -0.0201715   -0.0879373  -0.00647371   0.00481456  -0.00754303    0.0002861   -0.0222376   -0.0029889    0.0385102     0.727596   0.00616421  0.000399813   0.00112436   0.00240741   0.00200575  0.000216447  0.000191786   0.00496909  -0.00012567  -0.00068096     0.003627  1.22944e-05  0.000116469   0.00323888 -0.000440888   0.00128939 -0.000401177   0.00340879
  0.00148934  0.000876867 -0.000725904  7.24651e-05  -0.00240002 -0.000107994  0.000578715  0.000303312 -0.000107719  0.000571908  0.000236467 -7.75162e-05 -0.000119645 -3.12006e-05  0.000822694    0.0018077 -0.000369024  0.000146829 -0.000356356  5.58131e-07   0.00115952   0.00864629 -0.000464461   0.00150648    0.0034373 -0.000563635  1.35229e-05 -0.000278197 -7.58553e-05   0.00041512  0.000215348   0.00185955  8.52064e-05 -0.000386223 -0.000404711 -0.000107178 -0.000242226  0.000596975 -0.000714006   0.00616421    0.0223167 -0.000487895   0.00030015 -0.000286618 -0.000121759 -7.17173e-05  -0.00010781 -0.000249935 -0.000107876 -9.18899e-05 -0.000283944 -6.89132e-05 -0.000162769 -0.000159994 -0.000129288 -0.000219776 -3.69511e-05 -0.000369164
  -0.0212118  -0.00129532  -0.00384778  -0.00616987  -0.00290665  -0.00107035  -0.00660026    -0.013093   -0.0011502  -0.00811042  -0.00791062  -0.00126727  -0.00248914 -0.000871668  -0.00181736   -0.0192133   -0.0171387    0.0101613   -0.0286535   0.00608574   -0.0176502  -0.00394781   -0.0263908  -0.00201625    0.0247837    0.0205982   -0.0229571   -0.0204039 -0.000245435  -0.00632648   -0.0222124    0.0127892  0.000367742 -0.000858551   -0.0299904   0.00387633   -0.0357567  0.000537531  -0.00879209  0.000399813 -0.000487895     0.971273  -0.00394283  -0.00234207  -0.00093629  -0.00101395  -0.00147536 -0.000488156  -0.00101332  -0.00210639  -0.00110538  -0.00106996  -0.00301093 -0.000715643  -0.00270638  -0.00285426 -0.000919058  -0.00211938
 -0.00430235   0.00580093   -0.0124693  -0.00211739  -5.2168e-05   0.00363077   0.00370859  -0.00482608   0.00410123    0.0122158   -0.0165028   0.00242795    0.0023541  0.000215053    0.0102311    0.0103008     -0.10499    0.0289989   0.00441118   0.00810603    0.0081202   0.00493562  -0.00820156   -0.0758611   -0.0195858    0.0582462   -0.0697656   -0.0040471    -0.078919   -0.0305771   0.00502999   -0.0199462  -0.00152837  0.000203003   -0.0866437    -0.153302   -0.0233824   -0.0513668   -0.0258102   0.00112436   0.00030015  -0.00394283     0.911709  0.000414128   0.00260161   0.00269916   0.00275418  0.000754942   0.00361913   0.00165924  0.000338208   0.00113736   0.00140395   0.00166213   0.00204262  0.000785907  0.000580408  0.000329835
 -0.00147428  0.000922803 -0.000322546 -0.000423634  -0.00193305 -0.000132857   0.00034949 -0.000421675 -0.000145408 -0.000172055 -0.000198126 -0.000141173 -0.000340736 -0.000150215   0.00071208 -0.000595299  -0.00277491 -0.000587691  -0.00221535 -0.000425363 -0.000926959   0.00406731   -0.0022436   0.00218695   0.00286678  -0.00193395  -0.00182436  -0.00186413 -0.000463688  0.000227121  -0.00165651   0.00153486  3.85736e-05 -0.000395817  -0.00275967  7.78287e-05  -0.00276387  0.000876562 -5.56608e-05   0.00240741 -0.000286618  -0.00234207  0.000414128    0.0221937 -0.000133313 -0.000103419 -0.000184715 -0.000207772 -0.000180647 -0.000296813 -0.000311584 -0.000136899 -0.000392884 -0.000149568 -0.000352762  -0.00043002 -0.000140606 -0.000524259
 0.000125119  0.000924548 -0.000173527  0.000234157  -0.00251457 -0.000300064  0.000105688 -8.72302e-05 -0.000330837  0.000390113  0.000380726 -0.000230982 -0.000210323  1.05935e-05   0.00082763 -0.000522572   0.00437286  0.000498771  -0.00123408  0.000392177 -0.000203702   0.00121002 -0.000571994   0.00269181   0.00304965  0.000786548   0.00199592 -0.000171669   0.00264452   0.00106581 -0.000543382    0.0018954  7.34067e-05 -0.000121303   0.00206955   0.00532314 -0.000813297   0.00179201 -0.000507244   0.00200575 -0.000121759  -0.00093629   0.00260161 -0.000133313    0.0224232 -0.000244309 -0.000266671 -0.000132453 -0.000256463 -0.000135502 -0.000137466 -0.000140982 -0.000221624 -0.000173722 -0.000222048 -0.000185452 -3.36378e-05 -0.000122267
-0.000745984   0.00106039  0.000125178   0.00032052  -0.00117268 -0.000367324 -0.000138674 -0.000698504  -0.00042449  0.000346886 -0.000161225  -0.00029303 -0.000247844  3.06104e-05   0.00098462  -0.00130836   0.00544922  0.000617921  -0.00144183  0.000229783 -0.000605768  -0.00158818 -0.000529995   0.00226927   0.00253422   0.00137025   0.00222597 -4.85811e-05   0.00287256    0.0011141 -0.000759314   0.00175523  3.62066e-05  -9.9325e-05   0.00238654    0.0061825  -0.00133531   0.00166697  -0.00034377  0.000216447 -7.17173e-05  -0.00101395   0.00269916 -0.000103419 -0.000244309    0.0223406 -0.000332796 -8.92344e-05 -0.000322499  -0.00014858  -0.00011996 -0.000171725 -0.000230322 -0.000149377 -0.000255401  -0.00016614 -2.82913e-05 -9.16631e-05
 -0.00123123   0.00123207  0.000160796  0.000248895   -0.0016073 -0.000395357 -8.40329e-05 -0.000831662 -0.000461318  0.000387475 -0.000340754 -0.000323806 -0.000326731 -3.24134e-06    0.0011667  -0.00159881   0.00469645  0.000320857   -0.0018844  3.57825e-05 -0.000909338  -0.00146311 -0.000977308   0.00283499   0.00291046   0.00061136   0.00181248 -0.000427617   0.00270193   0.00119704  -0.00114685   0.00196293  3.44762e-05 -0.000144408   0.00174016   0.00603862  -0.00193578   0.00185421 -0.000204645  0.000191786  -0.00010781  -0.00147536   0.00275418 -0.000184715 -0.000266671 -0.000332796    0.0222725 -0.000117691 -0.000386857 -0.000213662 -0.000163949 -0.000197385 -0.000313382 -0.000173907  -0.00033401 -0.000252359 -5.88904e-05 -0.000173402
  0.00129201  0.000765769 -0.000598385  9.89796e-05   -0.0025488 -0.000127268  0.000450936  0.000324208 -0.000127883  0.000546049   0.00036229 -9.04189e-05 -0.000111274 -1.65453e-05  0.000730173    0.0012593   0.00067337  0.000281646 -0.000446471  0.000193274  0.000841635    0.0065294 -0.000410524   0.00164728   0.00314419 -0.000109336   0.00047843 -0.000204483  0.000551674  0.000499776  0.000100322   0.00172269   8.3919e-05 -0.000262052  0.000216754  0.000982741 -0.000182379  0.000816343 -0.000688824   0.00496909 -0.000249935 -0.000488156  0.000754942 -0.000207772 -0.000132453 -8.92344e-05 -0.000117691    0.0224555 -0.000114685 -8.08409e-05 -0.000208461 -6.91214e-05 -0.000148876 -0.000151058  -0.00012181 -0.000181104 -2.86931e-05 -0.000251371
 -0.00103803  0.000934925  0.000559199  0.000250171  -0.00203192 -0.000400241  -0.00018826  -0.00095136 -0.000479111  0.000210551 -0.000519185 -0.000314694 -0.000345622   -2.562e-05  0.000903876  -0.00148961    0.0051613  -0.00070186  -0.00145736 -0.000540527 -0.000859821   -0.0015237 -0.000581808   0.00398669   0.00234723  -0.00156216     0.002648 -0.000279538   0.00304362   0.00169148 -0.000980142   0.00179939  2.84361e-05 -0.000144795   0.00278395   0.00680246  -0.00104043   0.00235053  0.000624761  -0.00012567 -0.000107876  -0.00101332   0.00361913 -0.000180647 -0.000256463 -0.000322499 -0.000386857 -0.000114685    0.0222116 -0.000229321 -0.000149294  -0.00018448 -0.000287745 -0.000165698 -0.000334193 -0.000228004 -7.13191e-05  -0.00018145
 -0.00214929  0.000352836  0.000343999 -0.000404609  -0.00139271 -0.000182825  -0.00021905 -0.000926343  -0.00021416 -0.000572703 -0.000417087 -0.000174127 -0.000351812 -0.000138056  0.000204404  -0.00183378  -0.00051757 -0.000943156   -0.0021971 -0.000575182  -0.00166237 -0.000869319   -0.0019265   0.00271211   0.00178231  -0.00219718 -0.000617148  -0.00167733   0.00078688  0.000630145  -0.00191548   0.00113757  2.15012e-05 -0.000148789  -0.00104314   0.00263906  -0.00235134   0.00137577  0.000653081  -0.00068096 -9.18899e-05  -0.00210639   0.00165924 -0.000296813 -0.000135502  -0.00014858 -0.000213662 -8.08409e-05 -0.000229321     0.022358 -0.000144333 -0.000139301 -0.000346619 -0.000100927 -0.000349753 -0.000326141 -0.000136158 -0.000297883
 3.39746e-05   0.00101298 -0.000556501  3.18103e-05  -0.00171331  -0.00014924  0.000464493  1.50962e-05 -0.000161634  0.000317785  9.21452e-05 -0.000131085 -0.000187961 -4.16541e-05  0.000858254  0.000529654 -0.000388441  0.000224418  -0.00105865 -9.87113e-06  0.000250245   0.00505663 -0.000971312   0.00137959   0.00277701 -0.000163022 -0.000446759 -0.000616525   2.5979e-05  0.000323289 -0.000437454   0.00151011  4.59417e-05 -0.000374874  -0.00100473  0.000494531    -0.001408  0.000611425 -0.000635587     0.003627 -0.000283944  -0.00110538  0.000338208 -0.000311584 -0.000137466  -0.00011996 -0.000163949 -0.000208461 -0.000149294 -0.000144333    0.0223717 -0.000105969 -0.000235931 -0.000147021 -0.000202999 -0.000269982  -5.5551e-05 -0.000383877
 -0.00096552  0.000761616  2.76833e-05  6.16666e-05  -0.00092952 -0.000199047  5.74295e-05 -0.000362153 -0.000228214  0.000222156 -6.84711e-05 -0.000171367 -0.000195313  -1.9578e-05  0.000694488 -0.000991385   0.00166745  0.000216604  -0.00123836  1.07845e-05 -0.000643811 -0.000794372 -0.000818571   0.00137696   0.00161445  0.000367801   0.00040127 -0.000475537   0.00105676  0.000496818 -0.000817295   0.00102606  1.33101e-05 -9.82988e-05  0.000222657   0.00260155  -0.00145812  0.000854984  -0.00018881  1.22944e-05 -6.89132e-05  -0.00106996   0.00113736 -0.000136899 -0.000140982 -0.000171725 -0.000197385 -6.91214e-05  -0.00018448 -0.000139301 -0.000105969    0.0225395 -0.000202487 -9.52777e-05 -0.000203757 -0.000173736 -4.58958e-05 -0.000132193
 -0.00257791   0.00124278 -0.000136324 -0.000319442  -0.00204476 -0.000271064  0.000154378 -0.000662311 -0.000303186 -8.60383e-06 -0.000133544 -0.000261192 -0.000427944 -0.000126556   0.00104971  -0.00216935  -0.00038809 -4.61538e-06  -0.00312627 -1.73407e-05  -0.00186438 -0.000375601  -0.00266115   0.00264801   0.00322754 -0.000388189   -0.0011722  -0.00199209  0.000943592  0.000465467  -0.00234888   0.00181798  3.49399e-05 -0.000222163  -0.00201223   0.00293313  -0.00381025   0.00144902 -0.000266843  0.000116469 -0.000162769  -0.00301093   0.00140395 -0.000392884 -0.000221624 -0.000230322 -0.000313382 -0.000148876 -0.000287745 -0.000346619 -0.000235931 -0.000202487    0.0221725 -0.000177024 -0.000449907 -0.000459008 -0.000145558 -0.000379891
