    49    49     1
    0.967354 -0.000137983 -0.000783797    -0.010306    0.0104184  6.72423e-05  -0.00816378   -0.0122297 -0.000112842    -0.010399  -0.00557788  -0.00306667  -0.00316187   -0.0224238   -0.0560324  -0.00369426    -0.026194   0.00266156   -0.0237902   -0.0319597   -0.0236673   0.00761591  -0.00126083  -0.00230971   -0.0345082   -0.0213458  -0.00550883  -0.00864426   -0.0257248  -0.00491021 -0.000265022 -0.000427462   -0.0437164  -0.00557671   -0.0335078   0.00530047   0.00224642   -0.0326373 -0.000140785   -0.0259347    0.0026923  -0.00187782 -0.000415925   -0.0042132 -4.91942e-05  -0.00253155 -0.000654093  -0.00197509  -0.00224124
-0.000137983      0.22295   0.00305615  -0.00102142 -0.000869634  2.86588e-05   -0.0234566   -0.0118907 -3.38322e-05   -0.0198261  -0.00329397   0.00025827   -0.0222507  -0.00212963    0.0127339  9.39903e-06 -0.000568596   -0.0103878  -0.00169152  -0.00845122  0.000472832  -0.00396986  0.000238832  -0.00771154   0.00374964 -0.000894312   0.00611384   0.00168846  -0.00157288   0.00215604 -6.71823e-05  0.000881915   0.00944126    0.0154313   0.00248819  -0.00165239   0.00296408  -0.00368208  0.000909969  0.000419031   0.00398155   0.00211604  9.38287e-05 -0.000380845  0.000665582  -0.00107162  0.000512862  0.000420347   0.00427657
-0.000783797   0.00305615     0.991062 -0.000535331  -0.00426524  0.000297901   0.00429705 -2.69165e-05  0.000276056   0.00336284  -0.00284925  0.000245411   0.00508965   0.00207498   -0.0184486    0.0057953  -0.00149882  -0.00085531  0.000697373    0.0160711  -0.00271825  -0.00886191  0.000278445   0.00899145   -0.0124993  -0.00172779   -0.0139766  -0.00485681 -0.000487096  -0.00647587  0.000637579  -0.00192969   -0.0136775   -0.0210163  -0.00573118  -0.00675106  -0.00906245   0.00736937  -0.00150536  -0.00251354   -0.0156983    0.0022331  0.000162934 -8.99904e-05 -0.000841962  -3.2737e-06 -0.000877343  0.000102684 -0.000892271
   -0.010306  -0.00102142 -0.000535331     0.995052   0.00314229  0.000169974   -0.0014581  -0.00074074  0.000207114  -0.00288638 -0.000858706 -0.000495156   -0.0018449  -0.00831472   -0.0131907  0.000595039  -0.00959756  -0.00462821  -0.00888547  -0.00910125  -0.00861499  -0.00305862  0.000211469  -0.00298684   -0.0120709  -0.00846074  -0.00178091  -0.00564976  -0.00942056 -0.000797287  0.000240826 -0.000114897   -0.0106677 -0.000287411   -0.0100483  -0.00210816 -6.23309e-05   -0.0102493  9.04863e-05  -0.00917494  -0.00455016  0.000849381  9.91795e-05  -0.00133602  0.000116504 -0.000942743 -0.000146041 -0.000316622  0.000822539
   0.0104184 -0.000869634  -0.00426524   0.00314229    0.0368905 -0.000111478  -0.00695627  -0.00760814  0.000435467  0.000465473  -0.00703846  0.000961011 -0.000594519   0.00772157   -0.0251042    0.0139477   0.00474339  -0.00113613    0.0080313    0.0158005 -0.000252672  -0.00351087 -0.000967746    0.0151054   -0.0162893  0.000747272   -0.0354077   0.00111282   0.00713643   0.00110381  0.000243284 -0.000681422   -0.0163609   -0.0434979  -0.00124711  -0.00780348   -0.0145191     0.016712  -0.00164779   0.00237919   -0.0277214  -0.00768373  0.000515719   -0.0011973  -0.00157757  0.000741823 -0.000632448  0.000619765   -0.0132024
 6.72423e-05  2.86588e-05  0.000297901  0.000169974 -0.000111478    0.0225209  0.000123205  0.000218566 -0.000184048  0.000217768   7.5299e-05 -0.000322066  0.000162118 -5.81912e-05   0.00243291 -0.000342768   0.00014144 -0.000457969  2.01911e-05 -0.000576611  0.000302855   0.00157057 -8.08286e-06 -0.000715776    0.0011527  0.000230481   0.00159582  0.000580796  0.000100143  0.000159449 -3.15737e-05  1.31408e-05   0.00155215   0.00290024  0.000454215  0.000986061  0.000437357 -0.000286849  1.59428e-05  0.000259797   0.00187531 -0.000766501 -0.000108981 -0.000619879 -2.46351e-06 -0.000718627  7.78389e-07 -0.000122567 -0.000384128
 -0.00816378   -0.0234566   0.00429705   -0.0014581  -0.00695627  0.000123205     0.185855    -0.041456 -8.30533e-05   -0.0475449   -0.0138887 -1.49907e-05   -0.0389625  -0.00716272   -0.0049535  -0.00551811  -0.00567591   0.00127422  -0.00664699   -0.0219789  -0.00351213    0.0032125   0.00055649  -0.00551069   0.00256882  -0.00373799    0.0124429    0.0081545  -0.00720449 -0.000650605 -0.000519437  0.000960795  -0.00365022    0.0243897  -0.00559501   0.00699851   0.00776812   -0.0133931   0.00104298  -0.00485034    0.0216968   0.00270917 -6.22522e-05   0.00115345  0.000825096  0.000565935  0.000532665  0.000205799   0.00526231
  -0.0122297   -0.0118907 -2.69165e-05  -0.00074074  -0.00760814  0.000218566    -0.041456     0.190048 -0.000239909   -0.0350447   -0.0206905  -0.00053067   -0.0217012  -0.00668359    -0.040296  -0.00631989  -0.00794521     0.026094   -0.0065782   -0.0166894  -0.00759765    0.0105538  0.000449497    0.0150326  -0.00760779  -0.00472939   0.00305549   0.00805691   -0.0079516  -0.00532416  -0.00124244 -6.50618e-06   -0.0307763  -0.00303928    -0.015809    0.0122053   0.00379582   -0.0119409 -7.74123e-05  -0.00912202    0.0213906   0.00248007 -0.000420704   0.00312977  8.22845e-05   0.00255563 -4.29722e-05 -0.000424853   0.00180629
-0.000112842 -3.38322e-05  0.000276056  0.000207114  0.000435467 -0.000184048 -8.30533e-05 -0.000239909    0.0223628  0.000275772 -0.000215192 -0.000502651  0.000242757 -8.00407e-05   0.00195193 -0.000279043  6.91854e-05 -0.000146578 -1.26449e-05 -0.000722403  0.000222204   0.00215186  -2.0883e-05 -6.20042e-05   0.00100166  0.000216736   0.00175186  0.000709651  3.69988e-05  0.000104247 -5.94028e-05  2.03193e-05   0.00103308   0.00294627   0.00016671   0.00137259  0.000384352 -0.000407696   2.4124e-05  0.000154488   0.00243773 -0.000846962 -0.000184854 -0.000857277  6.20018e-06  -0.00110256  3.10703e-06  -0.00019155 -0.000333749
   -0.010399   -0.0198261   0.00336284  -0.00288638  0.000465473  0.000217768   -0.0475449   -0.0350447  0.000275772     0.186246  -0.00687979  0.000111629   -0.0390356   -0.0102134   -0.0038109   -0.0108366   -0.0084366   0.00635705  -0.00979339    -0.022141  -0.00521885    0.0122203   0.00024905   -0.0115168    0.0076344  -0.00575303    0.0197919    0.0100244  -0.00983164  -0.00256597  0.000269673  3.38813e-05  -0.00232045    0.0333304  -0.00624467    0.0131555    0.0111967   -0.0164914  0.000489688  -0.00703525    0.0341592  0.000553189 -2.56816e-05   0.00285146  0.000461994   0.00356755   0.00013328 -0.000121761   0.00236862
 -0.00557788  -0.00329397  -0.00284925 -0.000858706  -0.00703846   7.5299e-05   -0.0138887   -0.0206905 -0.000215192  -0.00687979     0.223627 -0.000494193  -0.00274686   -0.0019493    -0.020664   0.00439999  -0.00418901  -0.00125531  -0.00250538  -0.00173537  -0.00460966  -0.00814502  0.000262148   0.00824736   -0.0139972  -0.00319103   -0.0101151  -0.00257171  -0.00373001  -0.00316808 -0.000279165 -0.000374962   -0.0162558   -0.0125658  -0.00916977  -0.00464965  -0.00428159   -0.0022553 -0.000133845  -0.00497616   -0.0112594   0.00301873  -1.7046e-05  -0.00176647  5.15426e-05  -0.00265324 -0.000192138  2.03938e-05   0.00279045
 -0.00306667   0.00025827  0.000245411 -0.000495156  0.000961011 -0.000322066 -1.49907e-05  -0.00053067 -0.000502651  0.000111629 -0.000494193     0.021473    0.0005897  -0.00204327  -0.00142741  -0.00068027  -0.00216333 -0.000870359  -0.00207614  -0.00374943  -0.00166721   0.00441323 -3.09004e-05 -0.000939646  -0.00161656  -0.00150494   0.00197234  0.000333192  -0.00216343 -0.000366644 -7.43001e-05 -7.21716e-05    -0.001874   0.00431087  -0.00265438   0.00259862  0.000683353  -0.00348765 -1.85872e-05   -0.0019718   0.00384795  -0.00189381 -0.000347557  -0.00204271 -3.10698e-05  -0.00219748 -9.26096e-05 -0.000536572  -0.00108707
 -0.00316187   -0.0222507   0.00508965   -0.0018449 -0.000594519  0.000162118   -0.0389625   -0.0217012  0.000242757   -0.0390356  -0.00274686    0.0005897     0.202071  -0.00575326    0.0138066  -0.00589123  -0.00298528  -0.00568445  -0.00497878   -0.0171128  -0.00065615   0.00337905  0.000301658   -0.0138565   0.00986939  -0.00240295    0.0157569   0.00658483  -0.00459676   0.00171891  2.87053e-05  0.000971527    0.0108686    0.0299865   0.00173931   0.00515128   0.00859058  -0.00985682   0.00107503   -0.0013579    0.0205511   0.00156027  0.000142377   0.00168762  0.000782731   0.00170769  0.000588614  0.000389987   0.00412047
  -0.0224238  -0.00212963   0.00207498  -0.00831472   0.00772157 -5.81912e-05  -0.00716272  -0.00668359 -8.00407e-05   -0.0102134   -0.0019493  -0.00204327  -0.00575326     0.982157   -0.0247347  -0.00496651   -0.0189469  -0.00159063   -0.0182939   -0.0269949   -0.0161785   0.00743055   -0.0010061  -0.00913331   -0.0174716    -0.015549   0.00492733  -0.00514983   -0.0189682   -0.0012008 -0.000111859  8.41711e-05   -0.0202021    0.0109198   -0.0200417   0.00549398   0.00520102   -0.0255031  0.000301567   -0.0178333   0.00808062  -0.00227087 -0.000229782  -0.00311354  0.000197851  -0.00192343 -0.000236429  -0.00128135  -0.00134849
  -0.0560324    0.0127339   -0.0184486   -0.0131907   -0.0251042   0.00243291   -0.0049535    -0.040296   0.00195193   -0.0038109    -0.020664  -0.00142741    0.0138066   -0.0247347      0.77019   0.00824583   -0.0423469    0.0630972   -0.0297833   -0.0204247   -0.0481656  -0.00167292  0.000430399    0.0699577    -0.106949   -0.0356479   -0.0791682   -0.0216847   -0.0374003   -0.0219291  -0.00128091  -0.00270234    -0.170192    -0.148962   -0.0849304  -0.00167475   -0.0214489   -0.0339045  -0.00294258   -0.0503477   -0.0381973    0.0103982 -0.000186873   0.00704191  -0.00167277     0.010689  -0.00220599  -0.00268259  -0.00384988
 -0.00369426  9.39903e-06    0.0057953  0.000595039    0.0139477 -0.000342768  -0.00551811  -0.00631989 -0.000279043   -0.0108366   0.00439999  -0.00068027  -0.00589123  -0.00496651   0.00824583     0.983357  -0.00145179    0.0222425  -0.00357598     -0.01578  0.000709934    0.0289146 -0.000952747   -0.0094294    0.0194705  0.000705004    0.0258766    0.0118378  -0.00225027  0.000856062 -0.000955474  0.000388128   0.00621245    0.0298961   0.00186819    0.0219068    0.0132784   -0.0104619 -4.22344e-05 -0.000394717    0.0416233  -0.00630133 -0.000510283   0.00304244 -0.000223887   0.00411697  8.33686e-05 -0.000857024  -0.00597526
   -0.026194 -0.000568596  -0.00149882  -0.00959756   0.00474339   0.00014144  -0.00567591  -0.00794521  6.91854e-05   -0.0084366  -0.00418901  -0.00216333  -0.00298528   -0.0189469   -0.0423469  -0.00145179     0.977752  -0.00164941   -0.0201782   -0.0237909   -0.0201271   0.00231825  0.000260794  -0.00301832   -0.0289057   -0.0186182   -0.0048725  -0.00908373   -0.0217016  -0.00392325  8.89916e-05  -0.00053369   -0.0334274   -0.0038835   -0.0268631   0.00156779  0.000714471   -0.0256277  -0.00017016    -0.021819  -0.00194169 -0.000726364 -0.000174789    -0.003499 -4.27861e-05   -0.0022031 -0.000573075  -0.00138452  -0.00114561
  0.00266156   -0.0103878  -0.00085531  -0.00462821  -0.00113613 -0.000457969   0.00127422     0.026094 -0.000146578   0.00635705  -0.00125531 -0.000870359  -0.00568445  -0.00159063    0.0630972    0.0222425  -0.00164941     0.902244   -0.0030755   0.00417021   0.00151922   -0.0505685 -0.000142522   -0.0467518   -0.0154344  -0.00450719   -0.0160081   -0.0207463  -0.00326112   0.00568891   0.00296696  8.01678e-05    0.0471087    0.0265931    0.0107023   -0.0405347  -0.00924037  0.000991835   0.00163211   0.00224918   -0.0630772   0.00366638   0.00113937   -0.0164539   0.00132196   -0.0176139  0.000206823   0.00127946    0.0106917
  -0.0237902  -0.00169152  0.000697373  -0.00888547    0.0080313  2.01911e-05  -0.00664699   -0.0065782 -1.26449e-05  -0.00979339  -0.00250538  -0.00207614  -0.00497878   -0.0182939   -0.0297833  -0.00357598   -0.0201782   -0.0030755     0.980905   -0.0256439   -0.0175263   0.00495803 -0.000552187  -0.00799872   -0.0215264   -0.0167251   0.00167672  -0.00681427   -0.0200769   -0.0021694  5.44587e-05 -0.000165973   -0.0239227   0.00670716   -0.0222172    0.0036172   0.00360588   -0.0255994  0.000143062   -0.0192191   0.00402477  -0.00157664 -0.000188708  -0.00340572  0.000128537  -0.00219779 -0.000362511  -0.00129456  -0.00105206
  -0.0319597  -0.00845122    0.0160711  -0.00910125    0.0158005 -0.000576611   -0.0219789   -0.0166894 -0.000722403    -0.022141  -0.00173537  -0.00374943   -0.0171128   -0.0269949   -0.0204247     -0.01578   -0.0237909   0.00417021   -0.0256439     0.935839   -0.0186066    0.0264687   -0.0056369   -0.0210738   -0.0098714   -0.0181931    0.0228629   0.00217487    -0.025362   0.00650859  -0.00153624   0.00303765   -0.0173429     0.038513   -0.0230537    0.0197885    0.0202273   -0.0477298   0.00259984    -0.021431    0.0361862  -0.00687863 -0.000778554  -0.00437039   0.00147376   -0.0027131  0.000919632  -0.00226478  -0.00115062
  -0.0236673  0.000472832  -0.00271825  -0.00861499 -0.000252672  0.000302855  -0.00351213  -0.00759765  0.000222204  -0.00521885  -0.00460966  -0.00166721  -0.00065615   -0.0161785   -0.0481656  0.000709934   -0.0201271   0.00151922   -0.0175263   -0.0186066     0.980938 -0.000539935  0.000307902   0.00318585   -0.0308293   -0.0170986   -0.0106712   -0.0096605    -0.019258  -0.00430555  3.10869e-05 -0.000583079   -0.0374054   -0.0151152   -0.0265053 -0.000608811  -0.00188239   -0.0213002  -0.00031456   -0.0203785  -0.00733152  0.000577246 -9.65168e-05  -0.00237048 -0.000128301  -0.00121537 -0.000579219  -0.00116583 -0.000770835
  0.00761591  -0.00396986  -0.00886191  -0.00305862  -0.00351087   0.00157057    0.0032125    0.0105538   0.00215186    0.0122203  -0.00814502   0.00441323   0.00337905   0.00743055  -0.00167292    0.0289146   0.00231825   -0.0505685   0.00495803    0.0264687 -0.000539935     0.931002   0.00054863   0.00348129   -0.0321656  -0.00202619   -0.0441173   -0.0250691   0.00290142  0.000221905     0.001991 -0.000184647  0.000643549   -0.0459935    0.0013619   -0.0485292   -0.0213533    0.0177156  0.000664437   0.00140952   -0.0851963    0.0171352   0.00222092  -0.00184625  0.000897233  -0.00295134  0.000213401    0.0031145    0.0158952
 -0.00126083  0.000238832  0.000278445  0.000211469 -0.000967746 -8.08286e-06   0.00055649  0.000449497  -2.0883e-05   0.00024905  0.000262148 -3.09004e-05  0.000301658   -0.0010061  0.000430399 -0.000952747  0.000260794 -0.000142522 -0.000552187   -0.0056369  0.000307902   0.00054863  9.18568e-05  -0.00118003  0.000453882  0.000311913 -0.000153557  0.000263808  6.99655e-05  -0.00218789 -0.000187541  5.08831e-05  0.000252922 -8.42176e-05 -2.72778e-05  0.000213511  0.000730805  -0.00424231  8.68146e-05  0.000310501  0.000356305  0.000161367 -1.70978e-05  6.20198e-06  7.26822e-05 -1.01119e-05  3.18941e-05 -1.85118e-05  0.000467209
 -0.00230971  -0.00771154   0.00899145  -0.00298684    0.0151054 -0.000715776  -0.00551069    0.0150326 -6.20042e-05   -0.0115168   0.00824736 -0.000939646   -0.0138565  -0.00913331    0.0699577   -0.0094294  -0.00301832   -0.0467518  -0.00799872   -0.0210738   0.00318585   0.00348129  -0.00118003     0.941163    0.0207593  -0.00229952    0.0286585   0.00171562  -0.00572383   0.00671551   0.00108086  0.000637436    0.0533074    0.0713831    0.0142405  0.000669435    0.0145314   -0.0152417    0.0011913   0.00217543     0.013349  -0.00727189  0.000481232  -0.00755675  0.000631594  -0.00608074  0.000279558  1.14535e-05  -0.00171988
  -0.0345082   0.00374964   -0.0124993   -0.0120709   -0.0162893    0.0011527   0.00256882  -0.00760779   0.00100166    0.0076344   -0.0139972  -0.00161656   0.00986939   -0.0174716    -0.106949    0.0194705   -0.0289057   -0.0154344   -0.0215264   -0.0098714   -0.0308293   -0.0321656  0.000453882    0.0207593     0.921955   -0.0263534   -0.0575603   -0.0279342   -0.0264451   -0.0101342  0.000738153  -0.00162666   -0.0802521     -0.07772   -0.0482438   -0.0255597   -0.0200425   -0.0208004 -0.000935394   -0.0316662   -0.0632872   0.00836307  0.000503349  -0.00579899 -0.000311504  -0.00440704  -0.00126953  -0.00100819   0.00362124
  -0.0213458 -0.000894312  -0.00172779  -0.00846074  0.000747272  0.000230481  -0.00373799  -0.00472939  0.000216736  -0.00575303  -0.00319103  -0.00150494  -0.00240295    -0.015549   -0.0356479  0.000705004   -0.0186182  -0.00450719   -0.0167251   -0.0181931   -0.0170986  -0.00202619  0.000311913  -0.00229952   -0.0263534     0.983998  -0.00707671  -0.00941384   -0.0180898   -0.0029786  0.000233518 -0.000427428   -0.0279701  -0.00680773   -0.0223667  -0.00175762 -0.000815058   -0.0203123 -9.93266e-05   -0.0183096  -0.00713694  0.000373393  -6.0853e-06  -0.00292219  9.64745e-06  -0.00188435 -0.000456241 -0.000968211 -0.000174017
 -0.00550883   0.00611384   -0.0139766  -0.00178091   -0.0354077   0.00159582    0.0124429   0.00305549   0.00175186    0.0197919   -0.0101151   0.00197234    0.0157569   0.00492733   -0.0791682    0.0258766   -0.0048725   -0.0160081   0.00167672    0.0228629   -0.0106712   -0.0441173 -0.000153557    0.0286585   -0.0575603  -0.00707671     0.930007   -0.0223612  -0.00221606  -0.00749254  0.000961162  -0.00146411   -0.0559757   -0.0996681   -0.0227173   -0.0350898   -0.0264198    0.0111768  -0.00113122  -0.00911991   -0.0788118    0.0121481   0.00118895  -0.00029325 -0.000482557   0.00042185 -0.000869469   0.00096227   0.00537775
 -0.00864426   0.00168846  -0.00485681  -0.00564976   0.00111282  0.000580796    0.0081545   0.00805691  0.000709651    0.0100244  -0.00257171  0.000333192   0.00658483  -0.00514983   -0.0216847    0.0118378  -0.00908373   -0.0207463  -0.00681427   0.00217487   -0.0096605   -0.0250691  0.000263808   0.00171562   -0.0279342  -0.00941384   -0.0223612     0.984285  -0.00830394  -0.00151694  0.000851388 -0.000433929   -0.0164988   -0.0253611   -0.0121265   -0.0189671  -0.00960295  -0.00348258  1.90987e-05  -0.00943553   -0.0377461   0.00560365   0.00065297  -0.00307376  0.000191848  -0.00299372 -0.000274474  0.000358673   0.00458156
  -0.0257248  -0.00157288 -0.000487096  -0.00942056   0.00713643  0.000100143  -0.00720449   -0.0079516  3.69988e-05  -0.00983164  -0.00373001  -0.00216343  -0.00459676   -0.0189682   -0.0374003  -0.00225027   -0.0217016  -0.00326112   -0.0200769    -0.025362    -0.019258   0.00290142  6.99655e-05  -0.00572383   -0.0264451   -0.0180898  -0.00221606  -0.00830394     0.978561  -0.00317485  8.84039e-05 -0.000337163   -0.0296129   0.00107702   -0.0252849   0.00211699    0.0020171   -0.0262727  1.35105e-05   -0.0210087   0.00023498 -0.000900183 -0.000173519   -0.0036297  7.09927e-05  -0.00238865 -0.000469174  -0.00134899 -0.000810085
 -0.00491021   0.00215604  -0.00647587 -0.000797287   0.00110381  0.000159449 -0.000650605  -0.00532416  0.000104247  -0.00256597  -0.00316808 -0.000366644   0.00171891   -0.0012008   -0.0219291  0.000856062  -0.00392325   0.00568891   -0.0021694   0.00650859  -0.00430555  0.000221905  -0.00218789   0.00671551   -0.0101342   -0.0029786  -0.00749254  -0.00151694  -0.00317485     0.993584  0.000250591  -0.00166909   -0.0164327   -0.0129453  -0.00842546  0.000218841  -0.00456217  0.000623926  -0.00131042  -0.00467934  -0.00298236  0.000270845 -6.64226e-05  0.000142574 -0.000763309  0.000660009 -0.000819958 -0.000365067  -0.00221242
-0.000265022 -6.71823e-05  0.000637579  0.000240826  0.000243284 -3.15737e-05 -0.000519437  -0.00124244 -5.94028e-05  0.000269673 -0.000279165 -7.43001e-05  2.87053e-05 -0.000111859  -0.00128091 -0.000955474  8.89916e-05   0.00296696  5.44587e-05  -0.00153624  3.10869e-05     0.001991 -0.000187541   0.00108086  0.000738153  0.000233518  0.000961162  0.000851388  8.84039e-05  0.000250591     0.999724  0.000177257  -0.00107991  1.06277e-05 -0.000272796   0.00158454  0.000665648 -0.000620453   4.1878e-05  6.21218e-06   0.00245578 -0.000376404 -6.64641e-05  0.000285123  7.92787e-07  0.000281791  5.62003e-05 -7.04451e-05 -0.000411725
-0.000427462  0.000881915  -0.00192969 -0.000114897 -0.000681422  1.31408e-05  0.000960795 -6.50618e-06  2.03193e-05  3.38813e-05 -0.000374962 -7.21716e-05  0.000971527  8.41711e-05  -0.00270234  0.000388128  -0.00053369  8.01678e-05 -0.000165973   0.00303765 -0.000583079 -0.000184647  5.08831e-05  0.000637436  -0.00162666 -0.000427428  -0.00146411 -0.000433929 -0.000337163  -0.00166909  0.000177257     0.022102   -0.0020172  -0.00199684   -0.0010981 -0.000293175  -0.00132819   0.00107808 -0.000405068 -0.000622378  -0.00117775 -0.000154823  2.27236e-06 -0.000157957 -0.000240694 -2.57433e-05  -0.00025205 -5.97847e-05 -0.000779239
  -0.0437164   0.00944126   -0.0136775   -0.0106677   -0.0163609   0.00155215  -0.00365022   -0.0307763   0.00103308  -0.00232045   -0.0162558    -0.001874    0.0108686   -0.0202021    -0.170192   0.00621245   -0.0334274    0.0471087   -0.0239227   -0.0173429   -0.0374054  0.000643549  0.000252922    0.0533074   -0.0802521   -0.0279701   -0.0559757   -0.0164988   -0.0296129   -0.0164327  -0.00107991   -0.0020172      0.87266    -0.106343   -0.0649956  0.000268915   -0.0158148   -0.0273019  -0.00216076   -0.0392058   -0.0258113   0.00675645 -0.000401364   0.00379692  -0.00122034   0.00614884  -0.00166029  -0.00231651  -0.00304728
 -0.00557671    0.0154313   -0.0210163 -0.000287411   -0.0434979   0.00290024    0.0243897  -0.00303928   0.00294627    0.0333304   -0.0125658   0.00431087    0.0299865    0.0109198    -0.148962    0.0298961   -0.0038835    0.0265931   0.00670716     0.038513   -0.0151152   -0.0459935 -8.42176e-05    0.0713831     -0.07772  -0.00680773   -0.0996681   -0.0253611   0.00107702   -0.0129453  1.06277e-05  -0.00199684    -0.106343     0.828484   -0.0364551   -0.0360844   -0.0369038    0.0213749  -0.00235449   -0.0126108   -0.0930921    0.0194736   0.00136416   0.00969133  -0.00122869    0.0106168  -0.00120176   0.00126602   0.00518358
  -0.0335078   0.00248819  -0.00573118   -0.0100483  -0.00124711  0.000454215  -0.00559501    -0.015809   0.00016671  -0.00624467  -0.00916977  -0.00265438   0.00173931   -0.0200417   -0.0849304   0.00186819   -0.0268631    0.0107023   -0.0222172   -0.0230537   -0.0265053    0.0013619 -2.72778e-05    0.0142405   -0.0482438   -0.0223667   -0.0227173   -0.0121265   -0.0252849  -0.00842546 -0.000272796   -0.0010981   -0.0649956   -0.0364551     0.959157   0.00049817  -0.00519765   -0.0276012 -0.000820156   -0.0283698   -0.0113472   0.00106831 -0.000355707  -0.00269759 -0.000423063  -0.00107774 -0.000999511  -0.00190379  -0.00191753
  0.00530047  -0.00165239  -0.00675106  -0.00210816  -0.00780348  0.000986061   0.00699851    0.0122053   0.00137259    0.0131555  -0.00464965   0.00259862   0.00515128   0.00549398  -0.00167475    0.0219068   0.00156779   -0.0405347    0.0036172    0.0197885 -0.000608811   -0.0485292  0.000213511  0.000669435   -0.0255597  -0.00175762   -0.0350898   -0.0189671   0.00211699  0.000218841   0.00158454 -0.000293175  0.000268915   -0.0360844   0.00049817     0.964047   -0.0164312    0.0128463  0.000364374  0.000935486   -0.0646333    0.0110417   0.00148486  -0.00281671  0.000534025  -0.00348605  3.00539e-05   0.00196358    0.0101659
  0.00224642   0.00296408  -0.00906245 -6.23309e-05   -0.0145191  0.000437357   0.00776812   0.00379582  0.000384352    0.0111967  -0.00428159  0.000683353   0.00859058   0.00520102   -0.0214489    0.0132784  0.000714471  -0.00924037   0.00360588    0.0202273  -0.00188239   -0.0213533  0.000730805    0.0145314   -0.0200425 -0.000815058   -0.0264198  -0.00960295    0.0020171  -0.00456217  0.000665648  -0.00132819   -0.0158148   -0.0369038  -0.00519765   -0.0164312     0.985882    0.0119204  -0.00101999  -0.00094782   -0.0346878    0.0049609  0.000383046  -0.00108692 -0.000502487  -0.00155919 -0.000591394  0.000552496   0.00210949
  -0.0326373  -0.00368208   0.00736937   -0.0102493     0.016712 -0.000286849   -0.0133931   -0.0119409 -0.000407696   -0.0164914   -0.0022553  -0.00348765  -0.00985682   -0.0255031   -0.0339045   -0.0104619   -0.0256277  0.000991835   -0.0255994   -0.0477298   -0.0213002    0.0177156  -0.00424231   -0.0152417   -0.0208004   -0.0203123    0.0111768  -0.00348258   -0.0262727  0.000623926 -0.000620453   0.00107808   -0.0273019    0.0213749   -0.0276012    0.0128463    0.0119204     0.959178   0.00114298    -0.023959    0.0208174   -0.0048081 -0.000580974  -0.00464535  0.000667431  -0.00287212  4.59977e-05  -0.00216214  -0.00197707
-0.000140785  0.000909969  -0.00150536  9.04863e-05  -0.00164779  1.59428e-05   0.00104298 -7.74123e-05   2.4124e-05  0.000489688 -0.000133845 -1.85872e-05   0.00107503  0.000301567  -0.00294258 -4.22344e-05  -0.00017016   0.00163211  0.000143062   0.00259984  -0.00031456  0.000664437  8.68146e-05    0.0011913 -0.000935394 -9.93266e-05  -0.00113122  1.90987e-05  1.35105e-05  -0.00131042   4.1878e-05 -0.000405068  -0.00216076  -0.00235449 -0.000820156  0.000364374  -0.00101999   0.00114298    0.0222878 -0.000318241 -0.000155097 -0.000294473 -1.04034e-05  0.000155382  -0.00023636  0.000299473 -0.000198079  -5.5263e-05  -0.00100493
  -0.0259347  0.000419031  -0.00251354  -0.00917494   0.00237919  0.000259797  -0.00485034  -0.00912202  0.000154488  -0.00703525  -0.00497616   -0.0019718   -0.0013579   -0.0178333   -0.0503477 -0.000394717    -0.021819   0.00224918   -0.0192191    -0.021431   -0.0203785   0.00140952  0.000310501   0.00217543   -0.0316662   -0.0183096  -0.00911991  -0.00943553   -0.0210087  -0.00467934  6.21218e-06 -0.000622378   -0.0392058   -0.0126108   -0.0283698  0.000935486  -0.00094782    -0.023959 -0.000318241     0.978051  -0.00458637  0.000105021 -0.000169396  -0.00268649 -0.000128986  -0.00142388 -0.000622812  -0.00134935  -0.00107546
   0.0026923   0.00398155   -0.0156983  -0.00455016   -0.0277214   0.00187531    0.0216968    0.0213906   0.00243773    0.0341592   -0.0112594   0.00384795    0.0205511   0.00808062   -0.0381973    0.0416233  -0.00194169   -0.0630772   0.00402477    0.0361862  -0.00733152   -0.0851963  0.000356305     0.013349   -0.0632872  -0.00713694   -0.0788118   -0.0377461   0.00023498  -0.00298236   0.00245578  -0.00117775   -0.0258113   -0.0930921   -0.0113472   -0.0646333   -0.0346878    0.0208174 -0.000155097  -0.00458637     0.874494    0.0190834   0.00246625  -0.00552889  0.000378874  -0.00614962 -0.000473162   0.00286022    0.0148622
 -0.00187782   0.00211604    0.0022331  0.000849381  -0.00768373 -0.000766501   0.00270917   0.00248007 -0.000846962  0.000553189   0.00301873  -0.00189381   0.00156027  -0.00227087    0.0103982  -0.00630133 -0.000726364   0.00366638  -0.00157664  -0.00687863  0.000577246    0.0171352  0.000161367  -0.00727189   0.00836307  0.000373393    0.0121481   0.00560365 -0.000900183  0.000270845 -0.000376404 -0.000154823   0.00675645    0.0194736   0.00106831    0.0110417    0.0049609   -0.0048081 -0.000294473  0.000105021    0.0190834    0.0153576 -0.000614997  -0.00261184 -0.000374391  -0.00197344 -0.000208356  -0.00102062  -0.00612003
-0.000415925  9.38287e-05  0.000162934  9.91795e-05  0.000515719 -0.000108981 -6.22522e-05 -0.000420704 -0.000184854 -2.56816e-05  -1.7046e-05 -0.000347557  0.000142377 -0.000229782 -0.000186873 -0.000510283 -0.000174789   0.00113937 -0.000188708 -0.000778554 -9.65168e-05   0.00222092 -1.70978e-05  0.000481232  0.000503349  -6.0853e-06   0.00118895   0.00065297 -0.000173519 -6.64226e-05 -6.64641e-05  2.27236e-06 -0.000401364   0.00136416 -0.000355707   0.00148486  0.000383046 -0.000580974 -1.04034e-05 -0.000169396   0.00246625 -0.000614997    0.0225129 -0.000362539 -1.58625e-05 -0.000477508 -9.80522e-06 -0.000166964 -0.000392356
  -0.0042132 -0.000380845 -8.99904e-05  -0.00133602   -0.0011973 -0.000619879   0.00115345   0.00312977 -0.000857277   0.00285146  -0.00176647  -0.00204271   0.00168762  -0.00311354   0.00704191   0.00304244    -0.003499   -0.0164539  -0.00340572  -0.00437039  -0.00237048  -0.00184625  6.20198e-06  -0.00755675  -0.00579899  -0.00292219  -0.00029325  -0.00307376   -0.0036297  0.000142574  0.000285123 -0.000157957   0.00379692   0.00969133  -0.00269759  -0.00281671  -0.00108692  -0.00464535  0.000155382  -0.00268649  -0.00552889  -0.00261184 -0.000362539    0.0165324  0.000104998  -0.00657373 -0.000150266 -0.000636105 -0.000311412
-4.91942e-05  0.000665582 -0.000841962  0.000116504  -0.00157757 -2.46351e-06  0.000825096  8.22845e-05  6.20018e-06  0.000461994  5.15426e-05 -3.10698e-05  0.000782731  0.000197851  -0.00167277 -0.000223887 -4.27861e-05   0.00132196  0.000128537   0.00147376 -0.000128301  0.000897233  7.26822e-05  0.000631594 -0.000311504  9.64745e-06 -0.000482557  0.000191848  7.09927e-05 -0.000763309  7.92787e-07 -0.000240694  -0.00122034  -0.00122869 -0.000423063  0.000534025 -0.000502487  0.000667431  -0.00023636 -0.000128986  0.000378874 -0.000374391 -1.58625e-05  0.000104998    0.0224943  0.000226793 -0.000123639 -5.19326e-05 -0.000831552
 -0.00253155  -0.00107162  -3.2737e-06 -0.000942743  0.000741823 -0.000718627  0.000565935   0.00255563  -0.00110256   0.00356755  -0.00265324  -0.00219748   0.00170769  -0.00192343     0.010689   0.00411697   -0.0022031   -0.0176139  -0.00219779   -0.0027131  -0.00121537  -0.00295134 -1.01119e-05  -0.00608074  -0.00440704  -0.00188435   0.00042185  -0.00299372  -0.00238865  0.000660009  0.000281791 -2.57433e-05   0.00614884    0.0106168  -0.00107774  -0.00348605  -0.00155919  -0.00287212  0.000299473  -0.00142388  -0.00614962  -0.00197344 -0.000477508  -0.00657373  0.000226793    0.0149319 -4.15661e-05 -0.000571989  0.000870785
-0.000654093  0.000512862 -0.000877343 -0.000146041 -0.000632448  7.78389e-07  0.000532665 -4.29722e-05  3.10703e-06   0.00013328 -0.000192138 -9.26096e-05  0.000588614 -0.000236429  -0.00220599  8.33686e-05 -0.000573075  0.000206823 -0.000362511  0.000919632 -0.000579219  0.000213401  3.18941e-05  0.000279558  -0.00126953 -0.000456241 -0.000869469 -0.000274474 -0.000469174 -0.000819958  5.62003e-05  -0.00025205  -0.00166029  -0.00120176 -0.000999511  3.00539e-05 -0.000591394  4.59977e-05 -0.000198079 -0.000622812 -0.000473162 -0.000208356 -9.80522e-06 -0.000150266 -0.000123639 -4.15661e-05    0.0225269 -6.78314e-05  -0.00053359
 -0.00197509  0.000420347  0.000102684 -0.000316622  0.000619765 -0.000122567  0.000205799 -0.000424853  -0.00019155 -0.000121761  2.03938e-05 -0.000536572  0.000389987  -0.00128135  -0.00268259 -0.000857024  -0.00138452   0.00127946  -0.00129456  -0.00226478  -0.00116583    0.0031145 -1.85118e-05  1.14535e-05  -0.00100819 -0.000968211   0.00096227  0.000358673  -0.00134899 -0.000365067 -7.04451e-05 -5.97847e-05  -0.00231651   0.00126602  -0.00190379   0.00196358  0.000552496  -0.00216214  -5.5263e-05  -0.00134935   0.00286022  -0.00102062 -0.000166964 -0.000636105 -5.19326e-05 -0.000571989 -6.78314e-05    0.0223556 -0.000849597
 -0.00224124   0.00427657 -0.000892271  0.000822539   -0.0132024 -0.000384128   0.00526231   0.00180629 -0.000333749   0.00236862   0.00279045  -0.00108707   0.00412047  -0.00134849  -0.00384988  -0.00597526  -0.00114561    0.0106917  -0.00105206  -0.00115062 -0.000770835    0.0158952  0.000467209  -0.00171988   0.00362124 -0.000174017   0.00537775   0.00458156 -0.000810085  -0.00221242 -0.000411725 -0.000779239  -0.00304728   0.00518358  -0.00191753    0.0101659   0.00210949  -0.00197707  -0.00100493  -0.00107546    0.0148622  -0.00612003 -0.000392356 -0.000311412 -0.000831552  0.000870785  -0.00053359 -0.000849597    0.0151299
* row and column names
hk_i:12_j:12_zone:1.0
wel2
hk_i:2_j:2_zone:1.0
hk_i:37_j:17_zone:1.0
strinf
rch_i:22_j:2_zone:1.0
wel5
wel3
rch_i:27_j:2_zone:1.0
wel1
wel4
rch_i:32_j:7_zone:1.0
wel0
hk_i:2_j:17_zone:1.0
hk_i:27_j:12_zone:1.0
hk_i:17_j:2_zone:1.0
hk_i:17_j:17_zone:1.0
hk_i:27_j:2_zone:1.0
hk_i:7_j:17_zone:1.0
hk_i:2_j:12_zone:1.0
hk_i:27_j:17_zone:1.0
hk_i:37_j:7_zone:1.0
hk_i:7_j:7_zone:1.0
hk_i:22_j:2_zone:1.0
hk_i:32_j:12_zone:1.0
hk_i:32_j:17_zone:1.0
hk_i:22_j:7_zone:1.0
hk_i:37_j:12_zone:1.0
hk_i:12_j:17_zone:1.0
hk_i:2_j:7_zone:1.0
hk_i:12_j:2_zone:1.0
rch_i:2_j:7_zone:1.0
hk_i:22_j:12_zone:1.0
hk_i:27_j:7_zone:1.0
hk_i:17_j:12_zone:1.0
hk_i:32_j:2_zone:1.0
hk_i:7_j:2_zone:1.0
hk_i:7_j:12_zone:1.0
rch_i:2_j:2_zone:1.0
hk_i:22_j:17_zone:1.0
hk_i:32_j:7_zone:1.0
rch_i:17_j:2_zone:1.0
rch_i:32_j:2_zone:1.0
rch_i:22_j:7_zone:1.0
rch_i:7_j:2_zone:1.0
rch_i:27_j:7_zone:1.0
rch_i:7_j:7_zone:1.0
rch_i:37_j:7_zone:1.0
rch_i:12_j:2_zone:1.0
