    65    65     1
    0.946139  0.000244692   0.00830217  -0.00286011    0.0176799 -0.000178805  -0.00339037  -0.00188485  -0.00910764 -0.000588312  -0.00183295  -0.00829942  -0.00817664 -0.000905012  -0.00168655  -0.00101542  -0.00122343     -0.04169   -0.0261722   -0.0129911   -0.0191098  -0.00878331   -0.0323405    -0.120089   -0.0161863   0.00123249   -0.0436258   -0.0178103   -0.0232307   -0.0136182  -0.00830907   -0.0026228   -0.0221908   -0.0247483  -0.00217664  0.000509675   -0.0288541 -1.53534e-05   -0.0346581 -0.000848181    0.0127557   -0.0978935   0.00131568   -0.0176453  -0.00238754  -0.00107152  0.000333041 -0.000477969  -0.00198518  -0.00113654   0.00120204  -0.00119014  -0.00148881  -0.00197775  4.58707e-05 -0.000682776  -0.00176711  -0.00200051  -0.00161342  0.000773894  -0.00170616  -0.00177609  -0.00151124 -0.000950615 -0.000781001
 0.000244692     0.183672   0.00207925  -0.00539911   0.00374901  0.000599135   -0.0330876  0.000506357   -0.0254696  0.000720005  0.000133774   -0.0441702   -0.0112459  0.000610453  0.000461477 -2.08267e-05   -0.0556989  -0.00378067  -0.00551145  -0.00225413  -0.00652276   0.00091632  -0.00678586   0.00653988  -0.00681352 -0.000385803   0.00429825  -0.00345415  -0.00459861  -0.00883121   0.00847137 -0.000895284  -0.00886194   0.00331495  0.000703473  0.000959902   0.00256618    0.0106494    0.0012985   0.00124722   0.00351269   0.00291342  0.000821825  -0.00608879   0.00602016  0.000730806  0.000495691  0.000553036  0.000265188   0.00082672  0.000627324  0.000748229  0.000287979  0.000444152  0.000920934  0.000462908  0.000771861  0.000359533  0.000626568  0.000489315  0.000570214  0.000567972  0.000831938  9.97018e-05  0.000739709
  0.00830217   0.00207925     0.994654 -0.000553474   -0.0102921  0.000333532   0.00108807 -0.000147977 -0.000588877  0.000488594 -4.95954e-05   0.00241651  -0.00189626   0.00026999  0.000131384 -3.70187e-05   0.00260303   0.00912793   -0.0155239   0.00863244 -0.000248766   0.00414569   0.00608374    0.0344719  -0.00280256  -0.00872721    0.0124396    0.0145507   -0.0104584  -0.00173637   -0.0109768   -0.0041109   0.00197233   0.00495282  0.000362632 -0.000863671    -0.013494   -0.0227709   -0.0025347  -0.00621591  -0.00873281    0.0263563 -0.000763737  -0.00210614   -0.0124881 -0.000398306  4.00692e-05  0.000298104 -4.58027e-05  0.000298901  -0.00053588  0.000515021  6.73977e-05 -0.000103739 -0.000575742  7.42241e-05 -7.99269e-05 -6.44396e-05 -0.000250506 -0.000221382  6.69888e-05 -0.000195813 -0.000245562  1.34826e-05 -0.000536384
 -0.00286011  -0.00539911 -0.000553474     0.996903   0.00648965  0.000312082  -0.00349701 -0.000255314  -0.00371797  0.000384581 -0.000293101   -0.0050574     -0.00239   0.00020267 -5.98046e-05 -0.000207973  -0.00533449  -0.00352166  -0.00597293     0.001714  -0.00558069   0.00149336  -0.00433093   0.00227435  -0.00581492  -0.00542615   0.00302745   0.00412647  -0.00575178  -0.00549921 -0.000270157  -0.00388445   -0.0052115   0.00176698  0.000152211  0.000128468  -0.00596241  -0.00200811  -0.00480019   -0.0019415  -0.00100889  0.000523031   0.00015827   -0.0058209    -0.002421 -0.000116805  0.000203247  0.000242345 -0.000273375  0.000273026  0.000151624   0.00036881 -0.000123844 -0.000259148  0.000118036  9.21836e-05 -7.93162e-05  -0.00026142  -0.00022805  0.000157286 -6.28934e-05 -0.000248391 -9.73333e-05 -0.000128199 -0.000103747
   0.0176799   0.00374901   -0.0102921   0.00648965    0.0184071  -0.00223071  0.000783451  -0.00146087  0.000624523   -0.0021162  -0.00123745   0.00630468   0.00224686   -0.0012484  -0.00158799  -0.00081662    0.0049543   0.00238135  -0.00246906    0.0075145   0.00387343   0.00590747   0.00680908    -0.011165  -0.00270982     0.056611   -0.0222407   0.00211782   0.00444803 -0.000409402   -0.0241797    0.0213161   0.00918272   -0.0212298  -0.00174606  -0.00248995  -0.00358943   -0.0358982    0.0106082    0.0137947   -0.0183793   0.00674231  -0.00267206 -0.000140131   0.00143189  -0.00178435   -0.0025369  -0.00127849  -0.00133128  -0.00180287   -0.0026844  -0.00217823  -0.00131235  -0.00145683  -0.00206661  -0.00100178  -0.00186633  -0.00140189  -0.00140208  -0.00274702   -0.0016412  -0.00142622  -0.00192883 -0.000836779  -0.00183036
-0.000178805  0.000599135  0.000333532  0.000312082  -0.00223071    0.0223652   0.00010275 -0.000114471  0.000188033 -0.000355748 -0.000101411  0.000182169  0.000435358 -0.000225177 -0.000209949 -5.05705e-05  0.000558034 -0.000334188   0.00400636    -0.001037 -0.000446655 -0.000527766 -0.000247638  0.000775915  9.69984e-05   0.00422183    0.0015612  -0.00231829   0.00244934  3.84208e-05    0.0028338   0.00172232 -0.000343694    0.0010726  6.32331e-05 -0.000125158   0.00296392   0.00636221  0.000228067   0.00237441  0.000802911  0.000717029 -0.000113613 -0.000113838   0.00370657  -0.00012213 -0.000188538 -0.000217816 -0.000120662 -0.000299912 -0.000111482 -0.000391216 -0.000148389  -0.00011873 -0.000124076 -0.000120467 -0.000171165 -0.000123296 -0.000115572 -0.000137808 -0.000195155 -0.000114627 -0.000145946 -7.39301e-05 -0.000120087
 -0.00339037   -0.0330876   0.00108807  -0.00349701  0.000783451   0.00010275     0.214545 -0.000122791   -0.0250652  3.47034e-05 -0.000326946   -0.0304005   -0.0159326  8.38218e-05 -0.000198467 -0.000255534   -0.0333776  -0.00418419  -0.00801573 -0.000646986  -0.00735621     0.001085  -0.00586917   0.00473978  -0.00729776   0.00137819   0.00617547  0.000208402  -0.00724879  -0.00793952   0.00345216   0.00055406  -0.00791688   0.00332268  0.000491498  0.000420565  -0.00476995   0.00740759  -0.00532578   0.00142798   0.00186421    0.0024218  0.000401313  -0.00719855   0.00402961  9.15503e-05  0.000211901  0.000134931 -0.000280201  3.81353e-05  0.000320493 -0.000181137 -0.000196256 -0.000168119  0.000374331  0.000132722  4.22923e-05 -0.000224642 -3.58082e-05   0.00024493 -0.000109339 -8.17976e-05   0.00010717 -0.000162289  0.000119582
 -0.00188485  0.000506357 -0.000147977 -0.000255314  -0.00146087 -0.000114471 -0.000122791    0.0224013 -0.000731847 -0.000133959 -0.000226825 -0.000329068 -0.000497736 -0.000135256 -0.000222466 -0.000128359  0.000421602  -0.00122995   -0.0018173 -0.000206989    -0.001908 -2.88759e-05  -0.00129502   0.00038884  -0.00178956   0.00180464   0.00158254 -0.000574319  -0.00164898   -0.0015078  9.47629e-05  0.000291155  -0.00161417  0.000707054  2.39376e-05 -0.000178412  -0.00215558   0.00125482  -0.00255411  0.000874702 -1.05224e-05 -8.22598e-05 -0.000122212  -0.00190841  0.000782641 -0.000232402 -0.000101144 -9.66783e-05 -0.000246302  -0.00017538 -9.66266e-05 -0.000175398 -0.000194808 -0.000254804 -0.000170713 -0.000102008 -0.000254946 -0.000251509 -0.000250036 -9.38889e-05 -0.000229304  -0.00025325 -0.000255297 -0.000123762 -0.000228162
 -0.00910764   -0.0254696 -0.000588877  -0.00371797  0.000624523  0.000188033   -0.0250652 -0.000731847     0.201257 -5.23577e-06  -0.00083871    -0.027653   -0.0324694 -2.87614e-05 -0.000656289 -0.000556074   -0.0243283  -0.00553336   -0.0245643   0.00340372   -0.0111872   0.00272136  -0.00701625   0.00664231   -0.0120053   -0.0054532   0.00868286   0.00954603   -0.0201991   -0.0111424  -0.00831779  -0.00182753   -0.0102745    0.0031443  0.000300502 -7.01911e-05   -0.0232286   -0.0102342   -0.0166389  -0.00355911  -0.00148799   0.00323942  0.000136749    -0.012052  -0.00571226 -0.000502127  0.000377222  0.000182885 -0.000833941 -0.000284868  0.000222751 -0.000599077 -0.000562904 -0.000761135 -3.63921e-05  4.09097e-05 -0.000488161 -0.000795614 -0.000671102  0.000322046 -0.000583311  -0.00070865 -0.000475802 -0.000398055 -0.000501335
-0.000588312  0.000720005  0.000488594  0.000384581   -0.0021162 -0.000355748  3.47034e-05 -0.000133959 -5.23577e-06    0.0222057 -0.000119554  0.000212456  0.000188776 -0.000281288 -0.000261651 -5.85353e-05  0.000719909 -0.000639683    0.0047727  -0.00128037 -0.000556272 -0.000744017 -0.000446858 -1.50911e-05  0.000133733   0.00479333   0.00145694  -0.00273717   0.00282268  6.88782e-05   0.00325445   0.00200691 -0.000480121   0.00107194  5.60866e-05 -0.000139955   0.00342863   0.00750048  8.49222e-05   0.00268491   0.00105927  0.000100384 -0.000118918 -0.000134826     0.004278 -0.000141012 -0.000214598 -0.000269723   -0.0001436 -0.000381601 -0.000115521 -0.000507623 -0.000180547 -0.000139761 -0.000140392 -0.000146689 -0.000204414  -0.00014637 -0.000134806 -0.000147467  -0.00024065 -0.000133922 -0.000170121 -8.75468e-05 -0.000138434
 -0.00183295  0.000133774 -4.95954e-05 -0.000293101  -0.00123745 -0.000101411 -0.000326946 -0.000226825  -0.00083871 -0.000119554    0.0224463 -0.000624713 -0.000510119  -0.00011933 -0.000201727 -0.000119786  3.15437e-05   -0.0013249  -0.00148587 -0.000294295  -0.00180568 -5.72575e-05  -0.00135117 -0.000222236   -0.0016741   0.00171269   0.00123773 -0.000683792  -0.00139949  -0.00144838  0.000266686  0.000285799  -0.00157912  0.000557875  2.08657e-05 -0.000136178  -0.00178401   0.00148819  -0.00228179  0.000870469   0.00012001  -0.00050431  -8.7141e-05  -0.00178452  0.000901467 -0.000198846  -8.6486e-05 -8.54224e-05 -0.000224647 -0.000153351 -7.05514e-05 -0.000156499 -0.000177857 -0.000229573 -0.000133996 -8.87648e-05 -0.000224666 -0.000228086 -0.000220059 -7.56153e-05 -0.000205879 -0.000224957 -0.000221298 -0.000114083 -0.000192329
 -0.00829942   -0.0441702   0.00241651   -0.0050574   0.00630468  0.000182169   -0.0304005 -0.000329068    -0.027653  0.000212456 -0.000624713     0.193279   -0.0118995  0.000104084 -0.000303139 -0.000453494   -0.0478655  -0.00906919  -0.00808396    -0.005125   -0.0111853  7.11407e-05    -0.011152  -0.00311517   -0.0104073   0.00790912   0.00370648  -0.00877598  -0.00671922   -0.0115826    0.0105561    0.0022397    -0.012118   0.00232647  0.000660034 -2.88537e-05  -0.00256965    0.0224488  -0.00718972   0.00642034   0.00580963  -0.00611427  0.000485082   -0.0104934    0.0125903 -0.000132332  0.000192775  0.000153453 -0.000562214   0.00023527  0.000436046  0.000177409 -0.000388551 -0.000401977  0.000227059  0.000107342  -7.8136e-05 -0.000483844 -0.000222969  0.000298658 -0.000213583 -0.000272376 -6.94274e-06 -0.000329783 -0.000242978
 -0.00817664   -0.0112459  -0.00189626     -0.00239   0.00224686  0.000435358   -0.0159326 -0.000497736   -0.0324694  0.000188776 -0.000510119   -0.0118995      0.20313  0.000141018  -0.00039708 -0.000339326  -0.00771185  -0.00288661   -0.0287578   0.00746511  -0.00717773   0.00313402  -0.00343619   0.00409271  -0.00894397   -0.0165816   0.00353014    0.0180592   -0.0233401  -0.00740166   -0.0186618  -0.00572663  -0.00613826 -0.000128867 -0.000153493 -0.000128687   -0.0291867   -0.0311041    -0.016584   -0.0109607  -0.00507339   0.00188622  7.21013e-05  -0.00874681   -0.0177618 -0.000389844  0.000651412  0.000369011 -0.000511986 -0.000203496  0.000246447 -0.000560596 -0.000277103 -0.000493184 -6.97264e-05   0.00014438 -0.000275558 -0.000496949 -0.000496975  0.000500353 -0.000346552 -0.000504568 -0.000320082 -0.000190324 -0.000415747
-0.000905012  0.000610453   0.00026999   0.00020267   -0.0012484 -0.000225177  8.38218e-05 -0.000135256 -2.87614e-05 -0.000281288  -0.00011933  0.000104084  0.000141018    0.0224628 -0.000198082 -6.09042e-05  0.000562951 -0.000679361   0.00214485 -0.000839694 -0.000718776 -0.000480601 -0.000564713 -0.000214247 -0.000294475   0.00312941   0.00108054  -0.00181181   0.00115075 -0.000259322   0.00182422   0.00121319  -0.00062873   0.00070457  3.18954e-05 -0.000120787   0.00136206   0.00450101 -0.000610596   0.00171547  0.000653428  -0.00021868 -9.34683e-05 -0.000476122   0.00257436  -0.00013438 -0.000144192 -0.000175846 -0.000138292 -0.000255331 -8.53506e-05 -0.000320338 -0.000146752 -0.000138918 -0.000121299  -0.00010935 -0.000177668 -0.000141538 -0.000134721 -0.000103623 -0.000189363 -0.000135045 -0.000158267 -7.75589e-05 -0.000130933
 -0.00168655  0.000461477  0.000131384 -5.98046e-05  -0.00158799 -0.000209949 -0.000198467 -0.000222466 -0.000656289 -0.000261651 -0.000201727 -0.000303139  -0.00039708 -0.000198082    0.0224022 -0.000111315  0.000404559  -0.00123962  0.000476851 -0.000647941  -0.00156471 -0.000335205  -0.00117585 -0.000254989   -0.0012162   0.00292268   0.00143338  -0.00142148 -0.000150326  -0.00105339    0.0012472  0.000915337  -0.00136404  0.000781367  3.13151e-05 -0.000158738 -0.000257045   0.00364615  -0.00179832   0.00154743  0.000447498 -0.000416689 -0.000111507  -0.00140007   0.00209323 -0.000205205 -0.000142293 -0.000166694 -0.000223687 -0.000264327 -9.55469e-05 -0.000315677 -0.000202332 -0.000226491 -0.000157063  -0.00012346 -0.000248504 -0.000227635 -0.000218331 -0.000109019 -0.000247966 -0.000221366 -0.000233192 -0.000118308 -0.000199582
 -0.00101542 -2.08267e-05 -3.70187e-05 -0.000207973  -0.00081662 -5.05705e-05 -0.000255534 -0.000128359 -0.000556074 -5.85353e-05 -0.000119786 -0.000453494 -0.000339326 -6.09042e-05 -0.000111315    0.0225846 -8.25272e-05 -0.000782106 -0.000888292   -0.0001411  -0.00106352  8.27638e-07 -0.000803535 -0.000128554  -0.00100323  0.000922435  0.000677181 -0.000329012 -0.000826484 -0.000879427  0.000133421  0.000127011 -0.000931285  0.000299476  1.23454e-05 -7.21477e-05  -0.00104534   0.00078183  -0.00128583  0.000473278  4.82632e-05 -0.000281389 -4.51004e-05  -0.00105985  0.000485907 -0.000110449 -4.51518e-05 -4.22022e-05 -0.000127959 -7.78918e-05 -3.68153e-05 -7.83763e-05 -9.97865e-05 -0.000130082 -7.04545e-05 -4.64084e-05 -0.000123719  -0.00012946 -0.000123811 -4.01219e-05 -0.000113438 -0.000127002 -0.000122116 -6.52377e-05  -0.00010682
 -0.00122343   -0.0556989   0.00260303  -0.00533449    0.0049543  0.000558034   -0.0333776  0.000421602   -0.0243283  0.000719909  3.15437e-05   -0.0478655  -0.00771185  0.000562951  0.000404559 -8.25272e-05     0.180546  -0.00511649  -0.00422093  -0.00439565  -0.00702575  0.000293505  -0.00802572   0.00256729  -0.00695443   0.00370206   0.00282462  -0.00798029  -0.00301307  -0.00914774    0.0115259  0.000643033  -0.00936273    0.0025524  0.000744155  0.000722059    0.0044924     0.017779   0.00125932   0.00398055   0.00523695 -0.000774217  0.000808343   -0.0063599    0.0102344  0.000619136  0.000416735  0.000495803  0.000160989  0.000853126  0.000627048  0.000858397  0.000202489  0.000349877  0.000808945  0.000413726  0.000687412  0.000258718  0.000544786  0.000453779  0.000505383  0.000488046  0.000752935  3.37387e-05  0.000571648
    -0.04169  -0.00378067   0.00912793  -0.00352166   0.00238135 -0.000334188  -0.00418419  -0.00122995  -0.00553336 -0.000639683   -0.0013249  -0.00906919  -0.00288661 -0.000679361  -0.00123962 -0.000782106  -0.00511649     0.960977  -0.00177927   -0.0139826   -0.0154492  -0.00719077   -0.0296949    -0.114741    -0.011804   0.00929686   -0.0424148   -0.0204853  -0.00571818   -0.0108517   0.00429882  0.000630427   -0.0187351    -0.022557  -0.00184956   0.00139868  -0.00689748    0.0184457   -0.0199996   0.00520043    0.0137272   -0.0898912   0.00170844   -0.0131882   0.00928053  -0.00030861   0.00013744  -0.00045261   -0.0014012 -0.000801681   0.00130844 -0.000994819  -0.00110662  -0.00133755  0.000773569 -0.000443448  -0.00109293  -0.00138812 -0.000901968  0.000639567  -0.00119165  -0.00109445  -0.00076051 -0.000724974  6.01362e-05
  -0.0261722  -0.00551145   -0.0155239  -0.00597293  -0.00246906   0.00400636  -0.00801573   -0.0018173   -0.0245643    0.0047727  -0.00148587  -0.00808396   -0.0287578   0.00214485  0.000476851 -0.000888292  -0.00422093  -0.00177927     0.842974    0.0307788   -0.0164738    0.0105571  -0.00544284   0.00563637    -0.030767   -0.0747623  -0.00459627    0.0598561    -0.106651   -0.0225075   -0.0937972   -0.0343263   -0.0125935   -0.0151345  -0.00134227  -0.00115391    -0.133122    -0.174244   -0.0578769   -0.0526004   -0.0293894  -0.00212574 -0.000359812   -0.0268294   -0.0985023  -0.00161028   0.00238928    0.0027964   -0.0014861   0.00261289  0.000310098   0.00432382 -0.000115003  -0.00172923 -0.000952095   0.00058832 -0.000943925  -0.00155495   -0.0018052    0.0012851  2.32623e-05  -0.00183548  -0.00152313 -0.000383424  -0.00162325
  -0.0129911  -0.00225413   0.00863244     0.001714    0.0075145    -0.001037 -0.000646986 -0.000206989   0.00340372  -0.00128037 -0.000294295    -0.005125   0.00746511 -0.000839694 -0.000647941   -0.0001411  -0.00439565   -0.0139826    0.0307788     0.982112 -0.000955901  -0.00773143   -0.0098651   -0.0464333   0.00400714    0.0278542   -0.0151661   -0.0330803    0.0217553   0.00221045    0.0247013    0.0115495  -0.00389991  -0.00506772  -0.00039207  0.000462681    0.0272148    0.0520586   0.00445983    0.0176181    0.0161134   -0.0369732  0.000524821   0.00255188    0.0305878  2.13587e-05 -0.000590861  -0.00086007 -0.000342807 -0.000931566  0.000289855   -0.0012647 -0.000494821 -0.000271601  0.000214846 -0.000405554 -0.000407252 -0.000326041 -9.74321e-05 -0.000158541 -0.000562242 -0.000151935 -0.000185613 -0.000258327  0.000144452
  -0.0191098  -0.00652276 -0.000248766  -0.00558069   0.00387343 -0.000446655  -0.00735621    -0.001908   -0.0111872 -0.000556272  -0.00180568   -0.0111853  -0.00717773 -0.000718776  -0.00156471  -0.00106352  -0.00702575   -0.0154492   -0.0164738 -0.000955901     0.979957  0.000671048   -0.0160313  -0.00482824   -0.0188027   0.00560459    0.0109506 -0.000996441   -0.0166123   -0.0167195   0.00274486  -0.00244444   -0.0182594   0.00552672  0.000254046 -0.000682629   -0.0193293    0.0109172   -0.0232891   0.00407007  0.000768966  -0.00772012 -0.000325077   -0.0198273   0.00431639  -0.00151031 -0.000371456 -0.000415883  -0.00191316 -0.000924641 -0.000234696 -0.000889911  -0.00142994  -0.00193446 -0.000759714 -0.000568376  -0.00172326  -0.00192763  -0.00182077 -0.000298956  -0.00159084  -0.00188478  -0.00169107 -0.000952452  -0.00141343
 -0.00878331   0.00091632   0.00414569   0.00149336   0.00590747 -0.000527766     0.001085 -2.88759e-05   0.00272136 -0.000744017 -5.72575e-05  7.11407e-05   0.00313402 -0.000480601 -0.000335205  8.27638e-07  0.000293505  -0.00719077    0.0105571  -0.00773143  0.000671048     0.995088  -0.00450982   -0.0292327   0.00274744   0.00894034   -0.0117623   -0.0139744   0.00726969   0.00214548   0.00671909   0.00429433  -0.00111112  -0.00527859 -0.000450609  0.000195442   0.00917618    0.0164687  0.000454548   0.00499154   0.00714564   -0.0232295  0.000295793   0.00214837   0.00921854  4.22691e-05 -0.000177389 -0.000469968 -9.38302e-05 -0.000597846  0.000226841  -0.00082722 -0.000207535  -6.0104e-05  8.52114e-05  -0.00023257 -0.000178948 -8.90767e-05  1.32954e-05  5.58954e-05 -0.000285476  -6.0707e-06 -5.61392e-05 -7.55089e-05  9.01641e-05
  -0.0323405  -0.00678586   0.00608374  -0.00433093   0.00680908 -0.000247638  -0.00586917  -0.00129502  -0.00701625 -0.000446858  -0.00135117    -0.011152  -0.00343619 -0.000564713  -0.00117585 -0.000803535  -0.00802572   -0.0296949  -0.00544284   -0.0098651   -0.0160313  -0.00450982     0.975797   -0.0741041   -0.0132183   0.00719289    -0.023671   -0.0145175  -0.00811117   -0.0122277   0.00508005 -0.000646001    -0.017861   -0.0123654  -0.00104064  0.000707315  -0.00899965    0.0171929   -0.0191557   0.00479832   0.00974491   -0.0598521   0.00105319   -0.0143965   0.00822577 -0.000594622  4.30511e-05 -0.000339372  -0.00141953 -0.000656437  0.000825916 -0.000739261  -0.00108173  -0.00137382  0.000319337 -0.000400279  -0.00112298  -0.00140867  -0.00106073  0.000381484  -0.00115044  -0.00120107 -0.000907645 -0.000725002 -0.000350807
   -0.120089   0.00653988    0.0344719   0.00227435    -0.011165  0.000775915   0.00473978   0.00038884   0.00664231 -1.50911e-05 -0.000222236  -0.00311517   0.00409271 -0.000214247 -0.000254989 -0.000128554   0.00256729    -0.114741   0.00563637   -0.0464333  -0.00482824   -0.0292327   -0.0741041     0.533386    0.0028108   0.00409105    -0.213806   -0.0653897   0.00199671   0.00262791   -0.0157798   0.00289454   -0.0227098    -0.116713  -0.00893248   0.00787039  -0.00177623  -0.00236677   -0.0248595   -0.0041131    0.0462735    -0.352863   0.00812704   0.00119137  -0.00017095   0.00310385   0.00219022 -6.35039e-05 -0.000223321 -2.57204e-05    0.0062696   -0.0005644  -0.00021558  3.83845e-05   0.00543776 -1.59105e-05  0.000521789 -0.000150141   0.00151809   0.00383868  -8.4525e-05  0.000890052   0.00171629 -0.000142604   0.00440464
  -0.0161863  -0.00681352  -0.00280256  -0.00581492  -0.00270982  9.69984e-05  -0.00729776  -0.00178956   -0.0120053  0.000133733   -0.0016741   -0.0104073  -0.00894397 -0.000294475   -0.0012162  -0.00100323  -0.00695443    -0.011804    -0.030767   0.00400714   -0.0188027   0.00274744   -0.0132183    0.0028108     0.980276  -0.00367074    0.0107434   0.00801858    -0.025469   -0.0170702  -0.00828489  -0.00621219   -0.0164746   0.00395103  0.000155222 -0.000760364   -0.0305994   -0.0115519     -0.02474  -0.00255032  -0.00409606  -0.00147281 -0.000410527   -0.0200042  -0.00775356  -0.00145429 -7.96276e-05  1.29894e-05  -0.00175255 -0.000396619 -0.000256657 -0.000160725  -0.00118897  -0.00179741 -0.000763547 -0.000375038  -0.00151062  -0.00177035  -0.00172277 -0.000179774  -0.00128877  -0.00177599  -0.00156727 -0.000838728   -0.0013913
  0.00123249 -0.000385803  -0.00872721  -0.00542615     0.056611   0.00422183   0.00137819   0.00180464   -0.0054532   0.00479333   0.00171269   0.00790912   -0.0165816   0.00312941   0.00292268  0.000922435   0.00370206   0.00929686   -0.0747623    0.0278542   0.00560459   0.00894034   0.00719289   0.00409105  -0.00367074     0.909192   -0.0165583    0.0603879   -0.0521753  -0.00109634    -0.059471   -0.0358897   0.00529072   -0.0133942 -0.000968567   0.00166229   -0.0627946     -0.12648    -0.012992   -0.0518479   -0.0208331  0.000944745   0.00156853 -0.000554194   -0.0794712   0.00177368   0.00327344   0.00312265   0.00195054   0.00383705   0.00178343   0.00481967   0.00226447   0.00190045   0.00170144   0.00174987   0.00256703   0.00197313   0.00171563   0.00250317   0.00275815   0.00175233   0.00220123   0.00124841   0.00168228
  -0.0436258   0.00429825    0.0124396   0.00302745   -0.0222407    0.0015612   0.00617547   0.00158254   0.00868286   0.00145694   0.00123773   0.00370648   0.00353014   0.00108054   0.00143338  0.000677181   0.00282462   -0.0424148  -0.00459627   -0.0151661    0.0109506   -0.0117623    -0.023671    -0.213806    0.0107434   -0.0165583     0.880186   -0.0178377 -0.000346966     0.010045   -0.0254449  -0.00381407   0.00216146   -0.0669387  -0.00503404   0.00292575   -0.0034754   -0.0405871   0.00102487   -0.0148795     0.014625     -0.16199   0.00341333     0.011728   -0.0203062   0.00214589   0.00183235  0.000945218   0.00137092   0.00148106   0.00286952   0.00146418   0.00118752   0.00148589   0.00251004   0.00070366   0.00173757   0.00142041   0.00189128   0.00225339   0.00148156   0.00173278   0.00203329  0.000706748   0.00233435
  -0.0178103  -0.00345415    0.0145507   0.00412647   0.00211782  -0.00231829  0.000208402 -0.000574319   0.00954603  -0.00273717 -0.000683792  -0.00877598    0.0180592  -0.00181181  -0.00142148 -0.000329012  -0.00798029   -0.0204853    0.0598561   -0.0330803 -0.000996441   -0.0139744   -0.0145175   -0.0653897   0.00801858    0.0603879   -0.0178377     0.935739    0.0435198   0.00462078    0.0488523     0.024634  -0.00554133  -0.00395974 -0.000293263  0.000223242    0.0540878     0.102087    0.0109926    0.0368601    0.0285339   -0.0521676   0.00038396   0.00538849    0.0615129 -0.000297652  -0.00154768  -0.00185578 -0.000798695  -0.00203043  1.25609e-05  -0.00263965  -0.00109857 -0.000686751 -9.18834e-05 -0.000937276  -0.00104264 -0.000779158 -0.000407883 -0.000776159    -0.001277 -0.000485688 -0.000663661  -0.00058002 -0.000128829
  -0.0232307  -0.00459861   -0.0104584  -0.00575178   0.00444803   0.00244934  -0.00724879  -0.00164898   -0.0201991   0.00282268  -0.00139949  -0.00671922   -0.0233401   0.00115075 -0.000150326 -0.000826484  -0.00301307  -0.00571818    -0.106651    0.0217553   -0.0166123   0.00726969  -0.00811117   0.00199671    -0.025469   -0.0521753 -0.000346966    0.0435198     0.924486     -0.01934   -0.0620211   -0.0248418   -0.0135751  -0.00847669 -0.000858154 -0.000911232   -0.0934588    -0.113555   -0.0453856   -0.0357618   -0.0200254  -0.00390599 -0.000275933   -0.0232813   -0.0661069  -0.00142185    0.0015576   0.00166797   -0.0014349   0.00132134   0.00021798   0.00234315  -0.00044499  -0.00159536 -0.000794228  0.000230363  -0.00104255  -0.00148366  -0.00163411  0.000878861 -0.000432002  -0.00166343  -0.00139629 -0.000473424  -0.00141622
  -0.0136182  -0.00883121  -0.00173637  -0.00549921 -0.000409402  3.84208e-05  -0.00793952   -0.0015078   -0.0111424  6.88782e-05  -0.00144838   -0.0115826  -0.00740166 -0.000259322  -0.00105339 -0.000879427  -0.00914774   -0.0108517   -0.0225075   0.00221045   -0.0167195   0.00214548   -0.0122277   0.00262791   -0.0170702  -0.00109634     0.010045   0.00462078     -0.01934     0.984834  -0.00341634  -0.00465942   -0.0149653     0.004348  0.000244668 -0.000551128   -0.0225561  -0.00334966   -0.0199762 -0.000401402  -0.00220208  -0.00128051 -0.000266582   -0.0174074  -0.00304268  -0.00118849  -9.1546e-05 -1.22165e-05  -0.00150551  -0.00033044 -0.000168768 -0.000161375  -0.00103502  -0.00152289  -0.00056134 -0.000306202  -0.00125253  -0.00151095  -0.00143736 -0.000146321  -0.00109715  -0.00148953  -0.00128148 -0.000734241  -0.00113182
 -0.00830907   0.00847137   -0.0109768 -0.000270157   -0.0241797    0.0028338   0.00345216  9.47629e-05  -0.00831779   0.00325445  0.000266686    0.0105561   -0.0186618   0.00182422    0.0012472  0.000133421    0.0115259   0.00429882   -0.0937972    0.0247013   0.00274486   0.00671909   0.00508005   -0.0157798  -0.00828489    -0.059471   -0.0254449    0.0488523   -0.0620211  -0.00341634     0.926175   -0.0235636   0.00437944   -0.0229961  -0.00192141 -0.000250771   -0.0800396    -0.139753   -0.0243442   -0.0432494   -0.0234434   -0.0117382  6.96278e-05  -0.00481116   -0.0775816 -2.86127e-05   0.00193786   0.00205842  0.000332118   0.00209698    0.0004656   0.00297844  0.000866937  0.000176654 -5.05773e-05  0.000751305  0.000537749  0.000288905  4.31017e-05   0.00118653  0.000997332   6.3073e-05  0.000164676   0.00040293 -0.000107919
  -0.0026228 -0.000895284   -0.0041109  -0.00388445    0.0213161   0.00172232   0.00055406  0.000291155  -0.00182753   0.00200691  0.000285799    0.0022397  -0.00572663   0.00121319  0.000915337  0.000127011  0.000643033  0.000630427   -0.0343263    0.0115495  -0.00244444   0.00429433 -0.000646001   0.00289454  -0.00621219   -0.0358897  -0.00381407     0.024634   -0.0248418  -0.00465942   -0.0235636     0.984086   -0.0020369  -0.00393334 -0.000319286  0.000466918   -0.0297674   -0.0504314  -0.00975088   -0.0202717  -0.00904722  0.000382933  0.000505413  -0.00504979   -0.0318661  0.000358211   0.00123998    0.0012685   0.00036609    0.0015133  0.000613473   0.00200971  0.000633216  0.000329929  0.000491581  0.000615565  0.000675661  0.000369295  0.000270777  0.000901578  0.000824093  0.000272588  0.000507068  0.000297213  0.000333611
  -0.0221908  -0.00886194   0.00197233   -0.0052115   0.00918272 -0.000343694  -0.00791688  -0.00161417   -0.0102745 -0.000480121  -0.00157912    -0.012118  -0.00613826  -0.00062873  -0.00136404 -0.000931285  -0.00936273   -0.0187351   -0.0125935  -0.00389991   -0.0182594  -0.00111112    -0.017861   -0.0227098   -0.0164746   0.00529072   0.00216146  -0.00554133   -0.0135751   -0.0149653   0.00437944   -0.0020369       0.9821   0.00132576 -3.40099e-05 -0.000127116   -0.0149897    0.0137758    -0.021083   0.00411409   0.00396042   -0.0213142  0.000156275   -0.0175094   0.00577793  -0.00111918 -0.000198518 -0.000358933  -0.00166692 -0.000786858  0.000135321 -0.000794564   -0.0012498  -0.00165828 -0.000338616  -0.00047795  -0.00143617  -0.00166869  -0.00148015 -4.68364e-05  -0.00136787  -0.00156793  -0.00134415 -0.000833915 -0.000963626
  -0.0247483   0.00331495   0.00495282   0.00176698   -0.0212298    0.0010726   0.00332268  0.000707054    0.0031443   0.00107194  0.000557875   0.00232647 -0.000128867   0.00070457  0.000781367  0.000299476    0.0025524    -0.022557   -0.0151345  -0.00506772   0.00552672  -0.00527859   -0.0123654    -0.116713   0.00395103   -0.0133942   -0.0669387  -0.00395974  -0.00847669     0.004348   -0.0229961  -0.00393334   0.00132576     0.961067  -0.00293259   0.00144724    -0.012788   -0.0383866  -0.00337429   -0.0121866   0.00455883   -0.0880781   0.00174872   0.00490772   -0.0195453   0.00101565    0.0010964  0.000675096   0.00062521  0.000934611   0.00149981   0.00104512  0.000616862  0.000661808   0.00123777  0.000391821  0.000827884  0.000642341   0.00087874   0.00123637   0.00076888  0.000789149  0.000946889   0.00034725    0.0011228
 -0.00217664  0.000703473  0.000362632  0.000152211  -0.00174606  6.32331e-05  0.000491498  2.39376e-05  0.000300502  5.60866e-05  2.08657e-05  0.000660034 -0.000153493  3.18954e-05  3.13151e-05  1.23454e-05  0.000744155  -0.00184956  -0.00134227  -0.00039207  0.000254046 -0.000450609  -0.00104064  -0.00893248  0.000155222 -0.000968567  -0.00503404 -0.000293263 -0.000858154  0.000244668  -0.00192141 -0.000319286 -3.40099e-05  -0.00293259     0.999761  8.24036e-05  -0.00130325  -0.00313355 -0.000607053 -0.000953604  0.000315793   -0.0068034  0.000104813  0.000208357  -0.00161202  4.45981e-05  7.14439e-05  3.55767e-05  2.22768e-05  3.84466e-05  9.38958e-05  4.25004e-05  2.57451e-05  2.17824e-05  6.39895e-05  1.46617e-05   2.9415e-05  2.18819e-05  3.41459e-05  8.07821e-05  2.90659e-05  2.85112e-05  3.62711e-05  1.48467e-05  5.38755e-05
 0.000509675  0.000959902 -0.000863671  0.000128468  -0.00248995 -0.000125158  0.000420565 -0.000178412 -7.01911e-05 -0.000139955 -0.000136178 -2.88537e-05 -0.000128687 -0.000120787 -0.000158738 -7.21477e-05  0.000722059   0.00139868  -0.00115391  0.000462681 -0.000682629  0.000195442  0.000707315   0.00787039 -0.000760364   0.00166229   0.00292575  0.000223242 -0.000911232 -0.000551128 -0.000250771  0.000466918 -0.000127116   0.00144724  8.24036e-05    0.0220045  -0.00133826  0.000362019  -0.00114792  0.000691861 -0.000859814    0.0050907 -0.000404371 -0.000801052  0.000465333 -0.000335769 -0.000123362 -9.69822e-05 -0.000153288 -0.000163117  -0.00027013 -0.000164435 -0.000130618 -0.000167194 -0.000425955 -9.20001e-05 -0.000200469 -0.000160049 -0.000234332 -0.000154785 -0.000167019  -0.00020163  -0.00024816 -7.67471e-05 -0.000447638
  -0.0288541   0.00256618    -0.013494  -0.00596241  -0.00358943   0.00296392  -0.00476995  -0.00215558   -0.0232286   0.00342863  -0.00178401  -0.00256965   -0.0291867   0.00136206 -0.000257045  -0.00104534    0.0044924  -0.00689748    -0.133122    0.0272148   -0.0193293   0.00917618  -0.00899965  -0.00177623   -0.0305994   -0.0627946   -0.0034754    0.0540878   -0.0934588   -0.0225561   -0.0800396   -0.0297674   -0.0149897    -0.012788  -0.00130325  -0.00133826     0.882241    -0.145281   -0.0565833   -0.0442079   -0.0257291  -0.00721404 -0.000507687   -0.0278929   -0.0833133   -0.0019131   0.00183111   0.00201627  -0.00184575   0.00153345  0.000130058   0.00280772  -0.00060403  -0.00207848  -0.00116337  0.000224299  -0.00143439  -0.00192273  -0.00215065  0.000968205 -0.000628673  -0.00218038  -0.00189324 -0.000615967  -0.00191302
-1.53534e-05    0.0106494   -0.0227709  -0.00200811   -0.0358982   0.00636221   0.00740759   0.00125482   -0.0102342   0.00750048   0.00148819    0.0224488   -0.0311041   0.00450101   0.00364615   0.00078183     0.017779    0.0184457    -0.174244    0.0520586    0.0109172    0.0164687    0.0171929  -0.00236677   -0.0115519     -0.12648   -0.0405871     0.102087    -0.113555  -0.00334966    -0.139753   -0.0504314    0.0137758   -0.0383866  -0.00313355  0.000362019    -0.145281     0.724041   -0.0342924   -0.0878196    -0.048551  0.000200936  0.000469831  -0.00409322    -0.154001  0.000952404   0.00421107    0.0047649   0.00173286   0.00535871   0.00110848   0.00729847   0.00265445   0.00144337  0.000674778   0.00207546   0.00227027   0.00167049    0.0011225   0.00254989   0.00315092   0.00117818   0.00145588   0.00134231  0.000804048
  -0.0346581    0.0012985   -0.0025347  -0.00480019    0.0106082  0.000228067  -0.00532578  -0.00255411   -0.0166389  8.49222e-05  -0.00228179  -0.00718972    -0.016584 -0.000610596  -0.00179832  -0.00128583   0.00125932   -0.0199996   -0.0578769   0.00445983   -0.0232891  0.000454548   -0.0191557   -0.0248595     -0.02474    -0.012992   0.00102487    0.0109926   -0.0453856   -0.0199762   -0.0243442  -0.00975088    -0.021083  -0.00337429 -0.000607053  -0.00114792   -0.0565833   -0.0342924     0.957027  -0.00994049  -0.00422847   -0.0253626 -0.000379421    -0.025253   -0.0219869  -0.00211957  0.000196579 -6.34092e-05    -0.002455 -0.000882324 -5.78853e-05 -0.000562952  -0.00166542   -0.0025625  -0.00121496 -0.000665512  -0.00230049  -0.00250822  -0.00247078  0.000116893  -0.00193767  -0.00253809  -0.00235839   -0.0011145  -0.00200967
-0.000848181   0.00124722  -0.00621591   -0.0019415    0.0137947   0.00237441   0.00142798  0.000874702  -0.00355911   0.00268491  0.000870469   0.00642034   -0.0109607   0.00171547   0.00154743  0.000473278   0.00398055   0.00520043   -0.0526004    0.0176181   0.00407007   0.00499154   0.00479832   -0.0041131  -0.00255032   -0.0518479   -0.0148795    0.0368601   -0.0357618 -0.000401402   -0.0432494   -0.0202717   0.00411409   -0.0121866 -0.000953604  0.000691861   -0.0442079   -0.0878196  -0.00994049     0.967635   -0.0144974  -0.00348926  0.000684211 -0.000317562   -0.0523672  0.000817517   0.00180991   0.00175512  0.000986851   0.00204731  0.000854713   0.00261322   0.00120147  0.000932908  0.000739051  0.000907209   0.00126561  0.000986771  0.000826857   0.00132003   0.00142934  0.000846958   0.00103629  0.000660648  0.000766823
   0.0127557   0.00351269  -0.00873281  -0.00100889   -0.0183793  0.000802911   0.00186421 -1.05224e-05  -0.00148799   0.00105927   0.00012001   0.00580963  -0.00507339  0.000653428  0.000447498  4.82632e-05   0.00523695    0.0137272   -0.0293894    0.0161134  0.000768966   0.00714564   0.00974491    0.0462735  -0.00409606   -0.0208331     0.014625    0.0285339   -0.0200254  -0.00220208   -0.0234434  -0.00904722   0.00396042   0.00455883  0.000315793 -0.000859814   -0.0257291    -0.048551  -0.00422847   -0.0144974     0.984403    0.0366926 -0.000856401  -0.00266823   -0.0270841 -0.000307104  0.000322345  0.000686637  0.000146824  0.000719396 -0.000576388   0.00106845  0.000316278  5.74085e-05  -0.00054333  0.000259857  0.000137579  0.000120064 -0.000136004 -0.000113718  0.000345705 -7.16492e-05 -0.000104745  0.000147957 -0.000456179
  -0.0978935   0.00291342    0.0263563  0.000523031   0.00674231  0.000717029    0.0024218 -8.22598e-05   0.00323942  0.000100384  -0.00050431  -0.00611427   0.00188622  -0.00021868 -0.000416689 -0.000281389 -0.000774217   -0.0898912  -0.00212574   -0.0369732  -0.00772012   -0.0232295   -0.0598521    -0.352863  -0.00147281  0.000944745     -0.16199   -0.0521676  -0.00390599  -0.00128051   -0.0117382  0.000382933   -0.0213142   -0.0880781   -0.0068034    0.0050907  -0.00721404  0.000200936   -0.0253626  -0.00348926    0.0366926     0.728751   0.00579118  -0.00297192 -0.000186883   0.00180188   0.00177516 -1.89914e-05 -0.000525844 -6.33967e-05   0.00462813 -0.000382673 -0.000392609 -0.000335512   0.00357001 -9.03695e-05  8.04221e-05 -0.000471844  0.000693799   0.00298591 -0.000307338  0.000262889  0.000900854 -0.000266843    0.0026153
  0.00131568  0.000821825 -0.000763737   0.00015827  -0.00267206 -0.000113613  0.000401313 -0.000122212  0.000136749 -0.000118918  -8.7141e-05  0.000485082  7.21013e-05 -9.34683e-05 -0.000111507 -4.51004e-05  0.000808343   0.00170844 -0.000359812  0.000524821 -0.000325077  0.000295793   0.00105319   0.00812704 -0.000410527   0.00156853   0.00341333   0.00038396 -0.000275933 -0.000266582  6.96278e-05  0.000505413  0.000156275   0.00174872  0.000104813 -0.000404371 -0.000507687  0.000469831 -0.000379421  0.000684211 -0.000856401   0.00579118    0.0223416 -0.000428399  0.000523721 -0.000223704 -0.000120897 -8.05597e-05 -9.98949e-05 -0.000127931 -0.000229284 -0.000129611 -8.94648e-05 -0.000112684 -0.000288618  -6.9132e-05 -0.000145359 -0.000105927 -0.000160564  -0.00015077 -0.000118516 -0.000138828 -0.000179664 -5.11035e-05 -0.000281627
  -0.0176453  -0.00608879  -0.00210614   -0.0058209 -0.000140131 -0.000113838  -0.00719855  -0.00190841    -0.012052 -0.000134826  -0.00178452   -0.0104934  -0.00874681 -0.000476122  -0.00140007  -0.00105985   -0.0063599   -0.0131882   -0.0268294   0.00255188   -0.0198273   0.00214837   -0.0143965   0.00119137   -0.0200042 -0.000554194     0.011728   0.00538849   -0.0232813   -0.0174074  -0.00481116  -0.00504979   -0.0175094   0.00490772  0.000208357 -0.000801052   -0.0278929  -0.00409322    -0.025253 -0.000317562  -0.00266823  -0.00297192 -0.000428399     0.979416  -0.00385749  -0.00155036 -0.000199433  -0.00015661  -0.00187968 -0.000628987 -0.000281538 -0.000459985  -0.00132633  -0.00192138 -0.000823112 -0.000469225  -0.00166077  -0.00189891  -0.00183738 -0.000242814  -0.00146005  -0.00189345   -0.0016903 -0.000911705  -0.00147708
 -0.00238754   0.00602016   -0.0124881    -0.002421   0.00143189   0.00370657   0.00402961  0.000782641  -0.00571226     0.004278  0.000901467    0.0125903   -0.0177618   0.00257436   0.00209323  0.000485907    0.0102344   0.00928053   -0.0985023    0.0305878   0.00431639   0.00921854   0.00822577  -0.00017095  -0.00775356   -0.0794712   -0.0203062    0.0615129   -0.0661069  -0.00304268   -0.0775816   -0.0318661   0.00577793   -0.0195453  -0.00161202  0.000465333   -0.0833133    -0.154001   -0.0219869   -0.0523672   -0.0270841 -0.000186883  0.000523721  -0.00385749     0.910844  0.000668572    0.0026139   0.00273608   0.00103975    0.0030504  0.000891364   0.00411659    0.0015517  0.000889014  0.000581281   0.00122781   0.00139122   0.00100985  0.000702198   0.00171776   0.00183217  0.000733645  0.000956293  0.000804876   0.00059981
 -0.00107152  0.000730806 -0.000398306 -0.000116805  -0.00178435  -0.00012213  9.15503e-05 -0.000232402 -0.000502127 -0.000141012 -0.000198846 -0.000132332 -0.000389844  -0.00013438 -0.000205205 -0.000110449  0.000619136  -0.00030861  -0.00161028  2.13587e-05  -0.00151031  4.22691e-05 -0.000594622   0.00310385  -0.00145429   0.00177368   0.00214589 -0.000297652  -0.00142185  -0.00118849 -2.86127e-05  0.000358211  -0.00111918   0.00101565  4.45981e-05 -0.000335769   -0.0019131  0.000952404  -0.00211957  0.000817517 -0.000307104   0.00180188 -0.000223704  -0.00155036  0.000668572    0.0223837 -0.000112022 -0.000100036  -0.00021818 -0.000177115 -0.000160701 -0.000178011 -0.000176169 -0.000229187 -0.000259973 -0.000101202 -0.000242047 -0.000224239 -0.000249511 -0.000118624 -0.000212832 -0.000240475 -0.000258849 -0.000109384 -0.000303726
 0.000333041  0.000495691  4.00692e-05  0.000203247   -0.0025369 -0.000188538  0.000211901 -0.000101144  0.000377222 -0.000214598  -8.6486e-05  0.000192775  0.000651412 -0.000144192 -0.000142293 -4.51518e-05  0.000416735   0.00013744   0.00238928 -0.000590861 -0.000371456 -0.000177389  4.30511e-05   0.00219022 -7.96276e-05   0.00327344   0.00183235  -0.00154768    0.0015576  -9.1546e-05   0.00193786   0.00123998 -0.000198518    0.0010964  7.14439e-05 -0.000123362   0.00183111   0.00421107  0.000196579   0.00180991  0.000322345   0.00177516 -0.000120897 -0.000199433    0.0026139 -0.000112022    0.0225048 -0.000139183 -9.98523e-05 -0.000184129 -0.000115255 -0.000221918  -0.00010881 -0.000102432 -0.000116967  -8.5261e-05 -0.000136574 -0.000102994 -0.000103942 -0.000127569 -0.000138248 -0.000102297 -0.000127603  -5.9122e-05 -0.000111945
