      32      32       1
  1.0000000E+00  3.6787944E-01  1.3533528E-01  4.9787068E-02  3.6787944E-01  2.4311673E-01  1.0687793E-01  4.2329220E-02  1.3533528E-01  5.9105747E-02  2.7172461E-02  4.9787068E-02  2.7172461E-02  1.4369596E-02  1.8315639E-02  1.1422891E-02  6.7379470E-03  6.7379470E-03  6.1027273E-03  4.5840848E-03  2.9352816E-03  2.4787522E-03  2.2818642E-03  1.7917628E-03  1.2208549E-03  9.1188197E-04  8.4932570E-04  6.8910983E-04  4.9261969E-04  3.1521433E-04  2.6225028E-04  1.9470913E-04
  3.6787944E-01  1.0000000E+00  3.6787944E-01  1.3533528E-01  2.4311673E-01  3.6787944E-01  2.4311673E-01  1.0687793E-01  1.0687793E-01  1.0687793E-01  5.9105747E-02  4.2329220E-02  4.2329220E-02  2.7172461E-02  1.6194143E-02  1.6194143E-02  1.1422891E-02  6.1027273E-03  6.7379470E-03  6.1027273E-03  4.5840848E-03  2.2818642E-03  2.4787522E-03  2.2818642E-03  1.7917628E-03  8.4932570E-04  9.1188197E-04  8.4932570E-04  6.8910983E-04  3.3546263E-04  3.1521433E-04  2.6225028E-04
  1.3533528E-01  3.6787944E-01  1.0000000E+00  3.6787944E-01  1.0687793E-01  2.4311673E-01  3.6787944E-01  2.4311673E-01  5.9105747E-02  1.3533528E-01  1.0687793E-01  2.7172461E-02  4.9787068E-02  4.2329220E-02  1.1422891E-02  1.8315639E-02  1.6194143E-02  4.5840848E-03  6.1027273E-03  6.7379470E-03  6.1027273E-03  1.7917628E-03  2.2818642E-03  2.4787522E-03  2.2818642E-03  6.8910983E-04  8.4932570E-04  9.1188197E-04  8.4932570E-04  3.1521433E-04  3.3546263E-04  3.1521433E-04
  4.9787068E-02  1.3533528E-01  3.6787944E-01  1.0000000E+00  4.2329220E-02  1.0687793E-01  2.4311673E-01  3.6787944E-01  2.7172461E-02  1.0687793E-01  1.3533528E-01  1.4369596E-02  4.2329220E-02  4.9787068E-02  6.7379470E-03  1.6194143E-02  1.8315639E-02  2.9352816E-03  4.5840848E-03  6.1027273E-03  6.7379470E-03  1.2208549E-03  1.7917628E-03  2.2818642E-03  2.4787522E-03  4.9261969E-04  6.8910983E-04  8.4932570E-04  9.1188197E-04  2.6225028E-04  3.1521433E-04  3.3546263E-04
  3.6787944E-01  2.4311673E-01  1.0687793E-01  4.2329220E-02  1.0000000E+00  3.6787944E-01  1.3533528E-01  4.9787068E-02  3.6787944E-01  1.0687793E-01  4.2329220E-02  1.3533528E-01  5.9105747E-02  2.7172461E-02  4.9787068E-02  2.7172461E-02  1.4369596E-02  1.8315639E-02  1.6194143E-02  1.1422891E-02  6.7379470E-03  6.7379470E-03  6.1027273E-03  4.5840848E-03  2.9352816E-03  2.4787522E-03  2.2818642E-03  1.7917628E-03  1.2208549E-03  8.4932570E-04  6.8910983E-04  4.9261969E-04
  2.4311673E-01  3.6787944E-01  2.4311673E-01  1.0687793E-01  3.6787944E-01  1.0000000E+00  3.6787944E-01  1.3533528E-01  2.4311673E-01  2.4311673E-01  1.0687793E-01  1.0687793E-01  1.0687793E-01  5.9105747E-02  4.2329220E-02  4.2329220E-02  2.7172461E-02  1.6194143E-02  1.8315639E-02  1.6194143E-02  1.1422891E-02  6.1027273E-03  6.7379470E-03  6.1027273E-03  4.5840848E-03  2.2818642E-03  2.4787522E-03  2.2818642E-03  1.7917628E-03  9.1188197E-04  8.4932570E-04  6.8910983E-04
  1.0687793E-01  2.4311673E-01  3.6787944E-01  2.4311673E-01  1.3533528E-01  3.6787944E-01  1.0000000E+00  3.6787944E-01  1.0687793E-01  3.6787944E-01  2.4311673E-01  5.9105747E-02  1.3533528E-01  1.0687793E-01  2.7172461E-02  4.9787068E-02  4.2329220E-02  1.1422891E-02  1.6194143E-02  1.8315639E-02  1.6194143E-02  4.5840848E-03  6.1027273E-03  6.7379470E-03  6.1027273E-03  1.7917628E-03  2.2818642E-03  2.4787522E-03  2.2818642E-03  8.4932570E-04  9.1188197E-04  8.4932570E-04
  4.2329220E-02  1.0687793E-01  2.4311673E-01  3.6787944E-01  4.9787068E-02  1.3533528E-01  3.6787944E-01  1.0000000E+00  4.2329220E-02  2.4311673E-01  3.6787944E-01  2.7172461E-02  1.0687793E-01  1.3533528E-01  1.4369596E-02  4.2329220E-02  4.9787068E-02  6.7379470E-03  1.1422891E-02  1.6194143E-02  1.8315639E-02  2.9352816E-03  4.5840848E-03  6.1027273E-03  6.7379470E-03  1.2208549E-03  1.7917628E-03  2.2818642E-03  2.4787522E-03  6.8910983E-04  8.4932570E-04  9.1188197E-04
  1.3533528E-01  1.0687793E-01  5.9105747E-02  2.7172461E-02  3.6787944E-01  2.4311673E-01  1.0687793E-01  4.2329220E-02  1.0000000E+00  1.3533528E-01  4.9787068E-02  3.6787944E-01  1.0687793E-01  4.2329220E-02  1.3533528E-01  5.9105747E-02  2.7172461E-02  4.9787068E-02  4.2329220E-02  2.7172461E-02  1.4369596E-02  1.8315639E-02  1.6194143E-02  1.1422891E-02  6.7379470E-03  6.7379470E-03  6.1027273E-03  4.5840848E-03  2.9352816E-03  2.2818642E-03  1.7917628E-03  1.2208549E-03
  5.9105747E-02  1.0687793E-01  1.3533528E-01  1.0687793E-01  1.0687793E-01  2.4311673E-01  3.6787944E-01  2.4311673E-01  1.3533528E-01  1.0000000E+00  3.6787944E-01  1.0687793E-01  3.6787944E-01  2.4311673E-01  5.9105747E-02  1.3533528E-01  1.0687793E-01  2.7172461E-02  4.2329220E-02  4.9787068E-02  4.2329220E-02  1.1422891E-02  1.6194143E-02  1.8315639E-02  1.6194143E-02  4.5840848E-03  6.1027273E-03  6.7379470E-03  6.1027273E-03  2.2818642E-03  2.4787522E-03  2.2818642E-03
  2.7172461E-02  5.9105747E-02  1.0687793E-01  1.3533528E-01  4.2329220E-02  1.0687793E-01  2.4311673E-01  3.6787944E-01  4.9787068E-02  3.6787944E-01  1.0000000E+00  4.2329220E-02  2.4311673E-01  3.6787944E-01  2.7172461E-02  1.0687793E-01  1.3533528E-01  1.4369596E-02  2.7172461E-02  4.2329220E-02  4.9787068E-02  6.7379470E-03  1.1422891E-02  1.6194143E-02  1.8315639E-02  2.9352816E-03  4.5840848E-03  6.1027273E-03  6.7379470E-03  1.7917628E-03  2.2818642E-03  2.4787522E-03
  4.9787068E-02  4.2329220E-02  2.7172461E-02  1.4369596E-02  1.3533528E-01  1.0687793E-01  5.9105747E-02  2.7172461E-02  3.6787944E-01  1.0687793E-01  4.2329220E-02  1.0000000E+00  1.3533528E-01  4.9787068E-02  3.6787944E-01  1.0687793E-01  4.2329220E-02  1.3533528E-01  1.0687793E-01  5.9105747E-02  2.7172461E-02  4.9787068E-02  4.2329220E-02  2.7172461E-02  1.4369596E-02  1.8315639E-02  1.6194143E-02  1.1422891E-02  6.7379470E-03  6.1027273E-03  4.5840848E-03  2.9352816E-03
  2.7172461E-02  4.2329220E-02  4.9787068E-02  4.2329220E-02  5.9105747E-02  1.0687793E-01  1.3533528E-01  1.0687793E-01  1.0687793E-01  3.6787944E-01  2.4311673E-01  1.3533528E-01  1.0000000E+00  3.6787944E-01  1.0687793E-01  3.6787944E-01  2.4311673E-01  5.9105747E-02  1.0687793E-01  1.3533528E-01  1.0687793E-01  2.7172461E-02  4.2329220E-02  4.9787068E-02  4.2329220E-02  1.1422891E-02  1.6194143E-02  1.8315639E-02  1.6194143E-02  6.1027273E-03  6.7379470E-03  6.1027273E-03
  1.4369596E-02  2.7172461E-02  4.2329220E-02  4.9787068E-02  2.7172461E-02  5.9105747E-02  1.0687793E-01  1.3533528E-01  4.2329220E-02  2.4311673E-01  3.6787944E-01  4.9787068E-02  3.6787944E-01  1.0000000E+00  4.2329220E-02  2.4311673E-01  3.6787944E-01  2.7172461E-02  5.9105747E-02  1.0687793E-01  1.3533528E-01  1.4369596E-02  2.7172461E-02  4.2329220E-02  4.9787068E-02  6.7379470E-03  1.1422891E-02  1.6194143E-02  1.8315639E-02  4.5840848E-03  6.1027273E-03  6.7379470E-03
  1.8315639E-02  1.6194143E-02  1.1422891E-02  6.7379470E-03  4.9787068E-02  4.2329220E-02  2.7172461E-02  1.4369596E-02  1.3533528E-01  5.9105747E-02  2.7172461E-02  3.6787944E-01  1.0687793E-01  4.2329220E-02  1.0000000E+00  1.3533528E-01  4.9787068E-02  3.6787944E-01  2.4311673E-01  1.0687793E-01  4.2329220E-02  1.3533528E-01  1.0687793E-01  5.9105747E-02  2.7172461E-02  4.9787068E-02  4.2329220E-02  2.7172461E-02  1.4369596E-02  1.6194143E-02  1.1422891E-02  6.7379470E-03
  1.1422891E-02  1.6194143E-02  1.8315639E-02  1.6194143E-02  2.7172461E-02  4.2329220E-02  4.9787068E-02  4.2329220E-02  5.9105747E-02  1.3533528E-01  1.0687793E-01  1.0687793E-01  3.6787944E-01  2.4311673E-01  1.3533528E-01  1.0000000E+00  3.6787944E-01  1.0687793E-01  2.4311673E-01  3.6787944E-01  2.4311673E-01  5.9105747E-02  1.0687793E-01  1.3533528E-01  1.0687793E-01  2.7172461E-02  4.2329220E-02  4.9787068E-02  4.2329220E-02  1.6194143E-02  1.8315639E-02  1.6194143E-02
  6.7379470E-03  1.1422891E-02  1.6194143E-02  1.8315639E-02  1.4369596E-02  2.7172461E-02  4.2329220E-02  4.9787068E-02  2.7172461E-02  1.0687793E-01  1.3533528E-01  4.2329220E-02  2.4311673E-01  3.6787944E-01  4.9787068E-02  3.6787944E-01  1.0000000E+00  4.2329220E-02  1.0687793E-01  2.4311673E-01  3.6787944E-01  2.7172461E-02  5.9105747E-02  1.0687793E-01  1.3533528E-01  1.4369596E-02  2.7172461E-02  4.2329220E-02  4.9787068E-02  1.1422891E-02  1.6194143E-02  1.8315639E-02
  6.7379470E-03  6.1027273E-03  4.5840848E-03  2.9352816E-03  1.8315639E-02  1.6194143E-02  1.1422891E-02  6.7379470E-03  4.9787068E-02  2.7172461E-02  1.4369596E-02  1.3533528E-01  5.9105747E-02  2.7172461E-02  3.6787944E-01  1.0687793E-01  4.2329220E-02  1.0000000E+00  3.6787944E-01  1.3533528E-01  4.9787068E-02  3.6787944E-01  2.4311673E-01  1.0687793E-01  4.2329220E-02  1.3533528E-01  1.0687793E-01  5.9105747E-02  2.7172461E-02  4.2329220E-02  2.7172461E-02  1.4369596E-02
  6.1027273E-03  6.7379470E-03  6.1027273E-03  4.5840848E-03  1.6194143E-02  1.8315639E-02  1.6194143E-02  1.1422891E-02  4.2329220E-02  4.2329220E-02  2.7172461E-02  1.0687793E-01  1.0687793E-01  5.9105747E-02  2.4311673E-01  2.4311673E-01  1.0687793E-01  3.6787944E-01  1.0000000E+00  3.6787944E-01  1.3533528E-01  2.4311673E-01  3.6787944E-01  2.4311673E-01  1.0687793E-01  1.0687793E-01  1.3533528E-01  1.0687793E-01  5.9105747E-02  4.9787068E-02  4.2329220E-02  2.7172461E-02
  4.5840848E-03  6.1027273E-03  6.7379470E-03  6.1027273E-03  1.1422891E-02  1.6194143E-02  1.8315639E-02  1.6194143E-02  2.7172461E-02  4.9787068E-02  4.2329220E-02  5.9105747E-02  1.3533528E-01  1.0687793E-01  1.0687793E-01  3.6787944E-01  2.4311673E-01  1.3533528E-01  3.6787944E-01  1.0000000E+00  3.6787944E-01  1.0687793E-01  2.4311673E-01  3.6787944E-01  2.4311673E-01  5.9105747E-02  1.0687793E-01  1.3533528E-01  1.0687793E-01  4.2329220E-02  4.9787068E-02  4.2329220E-02
  2.9352816E-03  4.5840848E-03  6.1027273E-03  6.7379470E-03  6.7379470E-03  1.1422891E-02  1.6194143E-02  1.8315639E-02  1.4369596E-02  4.2329220E-02  4.9787068E-02  2.7172461E-02  1.0687793E-01  1.3533528E-01  4.2329220E-02  2.4311673E-01  3.6787944E-01  4.9787068E-02  1.3533528E-01  3.6787944E-01  1.0000000E+00  4.2329220E-02  1.0687793E-01  2.4311673E-01  3.6787944E-01  2.7172461E-02  5.9105747E-02  1.0687793E-01  1.3533528E-01  2.7172461E-02  4.2329220E-02  4.9787068E-02
  2.4787522E-03  2.2818642E-03  1.7917628E-03  1.2208549E-03  6.7379470E-03  6.1027273E-03  4.5840848E-03  2.9352816E-03  1.8315639E-02  1.1422891E-02  6.7379470E-03  4.9787068E-02  2.7172461E-02  1.4369596E-02  1.3533528E-01  5.9105747E-02  2.7172461E-02  3.6787944E-01  2.4311673E-01  1.0687793E-01  4.2329220E-02  1.0000000E+00  3.6787944E-01  1.3533528E-01  4.9787068E-02  3.6787944E-01  2.4311673E-01  1.0687793E-01  4.2329220E-02  1.0687793E-01  5.9105747E-02  2.7172461E-02
  2.2818642E-03  2.4787522E-03  2.2818642E-03  1.7917628E-03  6.1027273E-03  6.7379470E-03  6.1027273E-03  4.5840848E-03  1.6194143E-02  1.6194143E-02  1.1422891E-02  4.2329220E-02  4.2329220E-02  2.7172461E-02  1.0687793E-01  1.0687793E-01  5.9105747E-02  2.4311673E-01  3.6787944E-01  2.4311673E-01  1.0687793E-01  3.6787944E-01  1.0000000E+00  3.6787944E-01  1.3533528E-01  2.4311673E-01  3.6787944E-01  2.4311673E-01  1.0687793E-01  1.3533528E-01  1.0687793E-01  5.9105747E-02
  1.7917628E-03  2.2818642E-03  2.4787522E-03  2.2818642E-03  4.5840848E-03  6.1027273E-03  6.7379470E-03  6.1027273E-03  1.1422891E-02  1.8315639E-02  1.6194143E-02  2.7172461E-02  4.9787068E-02  4.2329220E-02  5.9105747E-02  1.3533528E-01  1.0687793E-01  1.0687793E-01  2.4311673E-01  3.6787944E-01  2.4311673E-01  1.3533528E-01  3.6787944E-01  1.0000000E+00  3.6787944E-01  1.0687793E-01  2.4311673E-01  3.6787944E-01  2.4311673E-01  1.0687793E-01  1.3533528E-01  1.0687793E-01
  1.2208549E-03  1.7917628E-03  2.2818642E-03  2.4787522E-03  2.9352816E-03  4.5840848E-03  6.1027273E-03  6.7379470E-03  6.7379470E-03  1.6194143E-02  1.8315639E-02  1.4369596E-02  4.2329220E-02  4.9787068E-02  2.7172461E-02  1.0687793E-01  1.3533528E-01  4.2329220E-02  1.0687793E-01  2.4311673E-01  3.6787944E-01  4.9787068E-02  1.3533528E-01  3.6787944E-01  1.0000000E+00  4.2329220E-02  1.0687793E-01  2.4311673E-01  3.6787944E-01  5.9105747E-02  1.0687793E-01  1.3533528E-01
  9.1188197E-04  8.4932570E-04  6.8910983E-04  4.9261969E-04  2.4787522E-03  2.2818642E-03  1.7917628E-03  1.2208549E-03  6.7379470E-03  4.5840848E-03  2.9352816E-03  1.8315639E-02  1.1422891E-02  6.7379470E-03  4.9787068E-02  2.7172461E-02  1.4369596E-02  1.3533528E-01  1.0687793E-01  5.9105747E-02  2.7172461E-02  3.6787944E-01  2.4311673E-01  1.0687793E-01  4.2329220E-02  1.0000000E+00  3.6787944E-01  1.3533528E-01  4.9787068E-02  2.4311673E-01  1.0687793E-01  4.2329220E-02
  8.4932570E-04  9.1188197E-04  8.4932570E-04  6.8910983E-04  2.2818642E-03  2.4787522E-03  2.2818642E-03  1.7917628E-03  6.1027273E-03  6.1027273E-03  4.5840848E-03  1.6194143E-02  1.6194143E-02  1.1422891E-02  4.2329220E-02  4.2329220E-02  2.7172461E-02  1.0687793E-01  1.3533528E-01  1.0687793E-01  5.9105747E-02  2.4311673E-01  3.6787944E-01  2.4311673E-01  1.0687793E-01  3.6787944E-01  1.0000000E+00  3.6787944E-01  1.3533528E-01  3.6787944E-01  2.4311673E-01  1.0687793E-01
  6.8910983E-04  8.4932570E-04  9.1188197E-04  8.4932570E-04  1.7917628E-03  2.2818642E-03  2.4787522E-03  2.2818642E-03  4.5840848E-03  6.7379470E-03  6.1027273E-03  1.1422891E-02  1.8315639E-02  1.6194143E-02  2.7172461E-02  4.9787068E-02  4.2329220E-02  5.9105747E-02  1.0687793E-01  1.3533528E-01  1.0687793E-01  1.0687793E-01  2.4311673E-01  3.6787944E-01  2.4311673E-01  1.3533528E-01  3.6787944E-01  1.0000000E+00  3.6787944E-01  2.4311673E-01  3.6787944E-01  2.4311673E-01
  4.9261969E-04  6.8910983E-04  8.4932570E-04  9.1188197E-04  1.2208549E-03  1.7917628E-03  2.2818642E-03  2.4787522E-03  2.9352816E-03  6.1027273E-03  6.7379470E-03  6.7379470E-03  1.6194143E-02  1.8315639E-02  1.4369596E-02  4.2329220E-02  4.9787068E-02  2.7172461E-02  5.9105747E-02  1.0687793E-01  1.3533528E-01  4.2329220E-02  1.0687793E-01  2.4311673E-01  3.6787944E-01  4.9787068E-02  1.3533528E-01  3.6787944E-01  1.0000000E+00  1.0687793E-01  2.4311673E-01  3.6787944E-01
  3.1521433E-04  3.3546263E-04  3.1521433E-04  2.6225028E-04  8.4932570E-04  9.1188197E-04  8.4932570E-04  6.8910983E-04  2.2818642E-03  2.2818642E-03  1.7917628E-03  6.1027273E-03  6.1027273E-03  4.5840848E-03  1.6194143E-02  1.6194143E-02  1.1422891E-02  4.2329220E-02  4.9787068E-02  4.2329220E-02  2.7172461E-02  1.0687793E-01  1.3533528E-01  1.0687793E-01  5.9105747E-02  2.4311673E-01  3.6787944E-01  2.4311673E-01  1.0687793E-01  1.0000000E+00  3.6787944E-01  1.3533528E-01
  2.6225028E-04  3.1521433E-04  3.3546263E-04  3.1521433E-04  6.8910983E-04  8.4932570E-04  9.1188197E-04  8.4932570E-04  1.7917628E-03  2.4787522E-03  2.2818642E-03  4.5840848E-03  6.7379470E-03  6.1027273E-03  1.1422891E-02  1.8315639E-02  1.6194143E-02  2.7172461E-02  4.2329220E-02  4.9787068E-02  4.2329220E-02  5.9105747E-02  1.0687793E-01  1.3533528E-01  1.0687793E-01  1.0687793E-01  2.4311673E-01  3.6787944E-01  2.4311673E-01  3.6787944E-01  1.0000000E+00  3.6787944E-01
  1.9470913E-04  2.6225028E-04  3.1521433E-04  3.3546263E-04  4.9261969E-04  6.8910983E-04  8.4932570E-04  9.1188197E-04  1.2208549E-03  2.2818642E-03  2.4787522E-03  2.9352816E-03  6.1027273E-03  6.7379470E-03  6.7379470E-03  1.6194143E-02  1.8315639E-02  1.4369596E-02  2.7172461E-02  4.2329220E-02  4.9787068E-02  2.7172461E-02  5.9105747E-02  1.0687793E-01  1.3533528E-01  4.2329220E-02  1.0687793E-01  2.4311673E-01  3.6787944E-01  1.3533528E-01  3.6787944E-01  1.0000000E+00
* row and column names
pp_0000
pp_0001
pp_0002
pp_0003
pp_0004
pp_0005
pp_0006
pp_0007
pp_0008
pp_0009
pp_0010
pp_0011
pp_0012
pp_0013
pp_0014
pp_0015
pp_0016
pp_0017
pp_0018
pp_0019
pp_0020
pp_0021
pp_0022
pp_0023
pp_0024
pp_0025
pp_0026
pp_0027
pp_0028
pp_0029
pp_0030
pp_0031
