    65    65     1
    0.957601   -0.0172594  -0.00253876   -0.0224281   -0.0142279  -0.00996527   -0.0205654   -0.0133602   -0.0133004   -0.0105819   -0.0173671   -0.0127749  -0.00667329   -0.0108302    -0.116342   -0.0377571   0.00517584   -0.0307178   -0.0158433   -0.0114425  -0.00354791  -0.00559376  -0.00537138  -0.00415832  -0.00272964   -0.0935476   -0.0288968   0.00831413   -0.0525013 -0.000868526   -0.0013464  0.000815849  -0.00106998  -0.00142859  0.000528451   -0.0010388  -0.00145292  0.000319077 -0.000287323  -0.00102923  -0.00146104  0.000143759 -0.000249025  -0.00018125   -0.0010614   0.00147438   0.00112449  -0.00100288  -0.00140673  3.34825e-05 -0.000250364 -0.000712534 -0.000853619 -0.000202892 -0.000500874    -0.001231   0.00124026  0.000615694  -0.00327851   0.00517653  0.000914258    0.0054999 -0.000979113  -0.00477718   0.00327714
  -0.0172594     0.985272 -0.000264066   -0.0154238   -0.0147846  -0.00172936   -0.0134176   -0.0145145   -0.0021513 -2.22071e-05   -0.0108544   -0.0141665 -0.000636117   0.00308457   -0.0213281   -0.0164516  0.000601099  -0.00210479   -0.0116858   -0.0134126   0.00093725   0.00122523  -0.00440116  -0.00557888  0.000768517    -0.020226   -0.0157562   0.00161691  -0.00319582  -0.00115987  -0.00148972  4.17327e-05  -0.00120963  -0.00152971 -1.25479e-05  -0.00113705     -0.00154 -1.51806e-05 -0.000385683    -0.001133  -0.00155056 -5.87286e-05 -0.000348058 -0.000839881  -0.00135296  0.000196336  2.17647e-05  -0.00109998  -0.00150754  -6.0641e-05 -0.000301237 -0.000784676 -0.000940282 -0.000221041  -0.00098565  -0.00143974  0.000169598 -0.000151236   0.00198467   0.00242352  -0.00032202   0.00177804  -0.00267506  -0.00423926  0.000584759
 -0.00253876 -0.000264066     0.999745 -0.000913169 -4.03811e-05 -0.000639563  -0.00136717 -5.60404e-05 -0.000798806  -0.00166974  -0.00130916 -6.03451e-05  -0.00052398  -0.00258572  -0.00940502  -0.00216019  0.000347037  -0.00304466 -0.000833513  5.45386e-05 -0.000719856  -0.00123461 -0.000250652  8.78101e-05 -0.000656489  -0.00732567  -0.00134029  0.000436956  -0.00519493   1.7399e-05  2.42409e-06  7.59944e-05  9.65696e-06 -1.28682e-07  6.24328e-05  1.25083e-05  4.80609e-08  5.71999e-05  3.47098e-05  1.62164e-05  7.72608e-07  5.34335e-05  4.95915e-05   3.7876e-05  1.35138e-05  0.000104966  7.43365e-05  9.47269e-06  8.46954e-07  2.76641e-05  2.28299e-05  3.78982e-06  1.17257e-06  8.21242e-06   2.7931e-05  7.16985e-06  9.37636e-05  5.60855e-05  -0.00154572  0.000425924  0.000154828  0.000551991    2.663e-05 -0.000276211  0.000351953
  -0.0224281   -0.0154238 -0.000913169     0.972805   -0.0167254   0.00708342    -0.042889   -0.0187693    0.0152134   -0.0243786   -0.0420375   -0.0191874   0.00264007   -0.0448201   -0.0249866   -0.0170942  -0.00343557  -0.00879795   -0.0335853   -0.0162307   -0.0128636    -0.023746   -0.0125213   -0.0060333   -0.0182647   -0.0246869   -0.0162205  -0.00693212   -0.0103469  -0.00141011   -0.0017483  0.000343209  -0.00129034   -0.0017444   0.00058161 -0.000972376  -0.00169277  0.000971298  0.000286425 -0.000845222  -0.00167054   0.00111391  0.000738803  -0.00121116  -0.00165621  2.26006e-05 -0.000394952  -0.00094722  -0.00162362  0.000638755  0.000272527 -0.000746223 -0.000999296  1.19208e-05  -0.00130685  -0.00172541  0.000187257 -0.000437567  -0.00800869   0.00875686   0.00440929   0.00679946  -0.00891197   -0.0165567   0.00256502
  -0.0142279   -0.0147846 -4.03811e-05   -0.0167254      0.98408   0.00101965   -0.0174463   -0.0161858   0.00241035  -0.00227497   -0.0146135   -0.0159384  0.000989791  -0.00204193  -0.00586197   -0.0135999 -0.000863951   0.00160953   -0.0144435   -0.0148392 -0.000293021  -0.00138981  -0.00557095    -0.006222  -0.00138045  -0.00892027   -0.0141833 -0.000954941   0.00367831  -0.00131083  -0.00163311 -5.28807e-05  -0.00129838  -0.00165722 -1.78828e-05  -0.00117718  -0.00165464  8.57821e-05 -0.000288296  -0.00115489  -0.00166099  0.000101728 -0.000176925   -0.0011257  -0.00153607 -9.41049e-05 -0.000346881  -0.00114618  -0.00162052  3.77716e-05 -0.000217061 -0.000833661   -0.0010201 -0.000189451  -0.00120777  -0.00160234 -3.46855e-05 -0.000386266 -0.000210741   0.00398134  4.22816e-05   0.00330761  -0.00451016  -0.00673294  0.000875843
 -0.00996527  -0.00172936 -0.000639563   0.00708342   0.00101965     0.984426     0.026336   0.00378333   -0.0282669    0.0207818    0.0279669   0.00477179  -0.00735249    0.0460507   -0.0495813   -0.0123739   0.00723706  -0.00842717    0.0205244   0.00290137    0.0141842    0.0248799   0.00933207   0.00122132     0.022307   -0.0371745   -0.0080189     0.013799   -0.0194756  0.000173989  0.000107819 -2.08363e-05 -7.41662e-05  3.69817e-05 -0.000460047 -0.000310015 -3.26612e-05 -0.000940372 -0.000732471 -0.000423005 -6.32091e-05  -0.00118172  -0.00111257  0.000499016  0.000234713  0.000727976  0.000819254 -0.000290476 -4.92957e-05 -0.000761376 -0.000672579 -0.000131062 -2.69246e-05 -0.000313185  0.000361385  0.000171742  0.000441014  0.000533714   0.00407261   -0.0050651  -0.00546819  -0.00223612   0.00789698    0.0144351 -0.000308119
  -0.0205654   -0.0134176  -0.00136717    -0.042889   -0.0174463     0.026336     0.905952   -0.0242548    0.0515223   -0.0681833   -0.0993158   -0.0264894    0.0105999    -0.136759  -0.00374257  -0.00931536   -0.0121642   -0.0133467   -0.0722259   -0.0198704   -0.0404085    -0.072486   -0.0290735  -0.00733519   -0.0588811  -0.00909542   -0.0104209   -0.0250306   -0.0100017  -0.00125581  -0.00158703   0.00092056 -0.000779075  -0.00148469   0.00180393 -3.44155e-05   -0.0013183   0.00309651   0.00210003  0.000319819  -0.00124628    0.0037367   0.00343735  -0.00136549  -0.00161369 -0.000283721 -0.000813574 -0.000138108  -0.00124799    0.0022236   0.00174694 -0.000347639 -0.000774927  0.000663696  -0.00135972  -0.00163018  0.000188047 -0.000654509   -0.0179948    0.0126287   0.00935815   0.00798686   -0.0207753   -0.0368539   0.00254581
  -0.0133602   -0.0145145 -5.60404e-05   -0.0187693   -0.0161858   0.00378333   -0.0242548     0.982858   0.00739959  -0.00794269    -0.022248   -0.0171647   0.00220454   -0.0138882 -0.000364682   -0.0120824  -0.00214439   0.00177013   -0.0195669   -0.0155653  -0.00364605  -0.00755705  -0.00754302  -0.00643775  -0.00615882   -0.0048782   -0.0131619  -0.00357979   0.00498414  -0.00133236   -0.0016491 -1.82926e-05  -0.00126649  -0.00165942  0.000109506  -0.00108321  -0.00164125  0.000344433 -6.05252e-05   -0.0010297  -0.00164109   0.00043387  0.000175155  -0.00120535  -0.00157203 -0.000198454  -0.00047547  -0.00106867  -0.00160658  0.000234479 -3.50873e-05 -0.000802397  -0.00101441 -0.000112734  -0.00126455   -0.0016288 -8.71835e-05 -0.000466163   -0.0029961   0.00432732  0.000339737   0.00342139  -0.00623489   -0.0093478  0.000771531
  -0.0133004   -0.0021513 -0.000798806    0.0152134   0.00241035   -0.0282669    0.0515223   0.00739959      0.94656     0.041155    0.0532246   0.00894465   -0.0132725    0.0906022    -0.072677   -0.0182157    0.0129411  -0.00978534    0.0396353   0.00534924    0.0294954    0.0497707    0.0200195   0.00302999    0.0480499   -0.0545245   -0.0119319    0.0247542   -0.0265843  1.55949e-05  -1.0341e-05 -0.000415287  -0.00041936 -0.000140321   -0.0012025 -0.000812822 -0.000266872  -0.00205353  -0.00161397  -0.00101328 -0.000319352  -0.00248294  -0.00231096  0.000565338  0.000200098  0.000861141   0.00100164 -0.000738602 -0.000274821  -0.00162478  -0.00146728 -0.000366296 -0.000152429 -0.000711465   0.00035361  0.000100729  0.000392814  0.000583744  -0.00238339   -0.0102366   -0.0104934  -0.00439339    0.0174983    0.0311243 -7.31947e-05
  -0.0105819 -2.22071e-05  -0.00166974   -0.0243786  -0.00227497    0.0207818   -0.0681833  -0.00794269     0.041155     0.939992   -0.0739695   -0.0100719   0.00725782    -0.120656   -0.0175362  -0.00151496  -0.00918115   -0.0192198   -0.0508167  -0.00512886   -0.0357722   -0.0631806   -0.0207477  -0.00132211   -0.0503406   -0.0150056  -0.00020808   -0.0201364   -0.0225457  3.68051e-05  -3.5032e-05  0.000969354  0.000408042  6.44452e-05   0.00166158  0.000920964  0.000199548   0.00263629   0.00205904   0.00119832  0.000263419   0.00314375   0.00309024 -0.000158628 -0.000107895  5.14936e-05 -0.000206347  0.000800135  0.000223665   0.00189978   0.00169821  0.000366669  0.000138498   0.00074255 -0.000115009 -8.50675e-05   0.00037105 -8.85057e-05   -0.0223937   0.00890489   0.00847459   0.00548041   -0.0150225   -0.0280265   0.00203916
  -0.0173671   -0.0108544  -0.00130916   -0.0420375   -0.0146135    0.0279669   -0.0993158    -0.022248    0.0532246   -0.0739695      0.88982   -0.0252411    0.0107512    -0.150001   0.00263464  -0.00485672   -0.0125732   -0.0128184   -0.0774658   -0.0183265   -0.0438506   -0.0795406     -0.02968   -0.0061485   -0.0626211  -0.00366108  -0.00684421    -0.026634  -0.00863941 -0.000981376  -0.00122269  0.000953026 -0.000456462  -0.00111029     0.001927  0.000368279 -0.000931039   0.00342287   0.00251758  0.000770485 -0.000853567   0.00420074   0.00408995  -0.00112007    -0.001268 -0.000325378 -0.000782264  0.000215261 -0.000871435   0.00245086    0.0020143 -0.000126767 -0.000528196  0.000766139  -0.00110423  -0.00127066  0.000159916 -0.000623369   -0.0198684   0.00360088   0.00395285 -2.66169e-05   -0.0194942   -0.0321262 -0.000724475
  -0.0127749   -0.0141665 -6.03451e-05   -0.0191874   -0.0159384   0.00477179   -0.0264894   -0.0171647   0.00894465   -0.0100719   -0.0252411     0.982611   0.00254391   -0.0182152   0.00216165   -0.0111214  -0.00253968   0.00188525   -0.0214799   -0.0156359  -0.00461003  -0.00960154  -0.00776158  -0.00623549   -0.0069781  -0.00306286    -0.012498   -0.0045373   0.00545189  -0.00136061  -0.00165629  -4.1354e-05  -0.00127523  -0.00166294  0.000120717  -0.00106393  -0.00163959  0.000404326 -9.61096e-06 -0.000997318  -0.00163671  0.000519252  0.000272205  -0.00125491  -0.00158661 -0.000281138 -0.000573264  -0.00105001  -0.00160186  0.000278752  2.70923e-06 -0.000794312  -0.00100878 -0.000101476  -0.00130258  -0.00163878 -0.000145255 -0.000536727  -0.00626568   0.00334018 -0.000223402   0.00241794  -0.00671897  -0.00984179  0.000300113
 -0.00667329 -0.000636117  -0.00052398   0.00264007  0.000989791  -0.00735249    0.0105999   0.00220454   -0.0132725   0.00725782    0.0107512   0.00254391     0.995825    0.0173409   -0.0306433  -0.00700981   0.00358724  -0.00670166   0.00809205    0.0017888   0.00525301   0.00927377   0.00399955  0.000941798   0.00913656   -0.0234127  -0.00441915   0.00646777   -0.0138012  0.000107104  8.74804e-05  6.08082e-05 -1.79189e-05  5.16889e-05 -0.000158148 -0.000131159  1.83223e-05 -0.000416845 -0.000365352  -0.00018259  5.43643e-06 -0.000556576 -0.000551679  0.000262799  0.000151644  0.000405084  0.000392241 -0.000110969  1.61873e-05 -0.000357157 -0.000325218 -3.74689e-05  1.96303e-05  -0.00014782  0.000200286  0.000120582  0.000276527  0.000263273  0.000357011  -0.00256669  -0.00233044  -0.00108738   0.00504526   0.00786746  0.000320816
  -0.0108302   0.00308457  -0.00258572   -0.0448201  -0.00204193    0.0460507    -0.136759   -0.0138882    0.0906022    -0.120656    -0.150001   -0.0182152    0.0173409      0.75008  -0.00497411   0.00609403   -0.0203317   -0.0302622    -0.102188  -0.00847449   -0.0768373    -0.132978   -0.0463978  -0.00371501    -0.113774  -0.00570223   0.00629351   -0.0435416   -0.0307059  0.000815717  0.000672108   0.00219544   0.00164387  0.000906956   0.00372934   0.00265398   0.00119136     0.005871   0.00488219     0.003218   0.00131504   0.00703687    0.0070788  0.000181707   0.00044702  0.000203351  -0.00018136   0.00229802   0.00117605   0.00430731   0.00400453   0.00116945  0.000701895   0.00181811  0.000349785  0.000534347  0.000862575   0.00013438   -0.0204172    0.0146399    0.0166282   0.00689929   -0.0312464   -0.0574562   0.00245438
   -0.116342   -0.0213281  -0.00940502   -0.0249866  -0.00586197   -0.0495813  -0.00374257 -0.000364682    -0.072677   -0.0175362   0.00263464   0.00216165   -0.0306433  -0.00497411     0.543161     -0.11019    0.0263195    -0.125229    0.0026102   0.00235564  -0.00500228  -0.00167636  8.58419e-05   0.00068194   0.00130279    -0.344461     -0.07069    0.0424544    -0.217584    0.0018743  0.000663537   0.00358477  0.000767921  0.000358387   0.00204817  0.000170915  0.000183972  0.000730667  0.000158053  9.71927e-06  0.000119187  3.53799e-05 -0.000232089   0.00473533   0.00169688   0.00759477   0.00830162  2.62308e-05  0.000107125  -7.4445e-05 -0.000112033   4.1437e-05  7.32844e-05 -4.24817e-05   0.00330041   0.00110791    0.0058251   0.00550704   -0.0034742  -0.00220027  -0.00724197   0.00286712   0.00523689   0.00642286   0.00255144
  -0.0377571   -0.0164516  -0.00216019   -0.0170942   -0.0135999   -0.0123739  -0.00931536   -0.0120824   -0.0182157  -0.00151496  -0.00485672   -0.0111214  -0.00700981   0.00609403     -0.11019     0.963601   0.00615284   -0.0268099  -0.00665454   -0.0105679   0.00121116   0.00317415  -0.00290855  -0.00459004   0.00286744   -0.0869192   -0.0276867     0.010652   -0.0469711 -0.000619688  -0.00114057  0.000722695 -0.000885136  -0.00123527  0.000342995 -0.000964077   -0.0012824  3.96804e-05 -0.000353783  -0.00100412  -0.00130607 -0.000152866 -0.000438059  0.000142983 -0.000831721    0.0016405   0.00153659  -0.00096102   -0.0012726 -0.000132714  -0.00032915 -0.000676808 -0.000798828 -0.000217018 -0.000224996  -0.00101461   0.00128026  0.000912394  0.000582549   0.00331326  -0.00125793   0.00427428 -0.000350997  -0.00140493   0.00214227
  0.00517584  0.000601099  0.000347037  -0.00343557 -0.000863951   0.00723706   -0.0121642  -0.00214439    0.0129411  -0.00918115   -0.0125732  -0.00253968   0.00358724   -0.0203317    0.0263195   0.00615284     0.996274   0.00471023  -0.00925733  -0.00163018  -0.00591339   -0.0108263  -0.00417198 -0.000620829  -0.00917986    0.0198043   0.00393393  -0.00667722    0.0108194 -0.000217405 -0.000173403 -8.57689e-05 -8.84208e-05 -0.000136573  0.000134391  4.43072e-05 -9.93418e-05   0.00037823  0.000275147  0.000103301 -8.15802e-05  0.000497694  0.000462123  -0.00035053 -0.000239994 -0.000472505 -0.000475713  4.87568e-05 -8.05818e-05  0.000313333  0.000260998  2.38211e-06 -4.95161e-05  0.000110875 -0.000293717 -0.000207534 -0.000319412 -0.000351569   -0.0036141   0.00510835   0.00499549   0.00353605  -0.00235781  -0.00587064   0.00165327
  -0.0307178  -0.00210479  -0.00304466  -0.00879795   0.00160953  -0.00842717   -0.0133467   0.00177013  -0.00978534   -0.0192198   -0.0128184   0.00188525  -0.00670166   -0.0302622    -0.125229   -0.0268099   0.00471023     0.960336  -0.00789555   0.00292433  -0.00964166    -0.015137  -0.00325711    0.0015184   -0.0104054   -0.0943602   -0.0156891   0.00635718   -0.0663208  0.000680519   0.00045107   0.00113054   0.00049661  0.000405864  0.000895799   0.00044475  0.000395024  0.000737104  0.000504693  0.000464222  0.000397597  0.000648394  0.000598892   0.00127836  0.000658392   0.00185466   0.00197488  0.000390625  0.000382789  0.000372734  0.000362517  0.000247151  0.000243902  0.000178941  0.000965945  0.000538211   0.00151453   0.00134688   -0.0115279   0.00275959   0.00169098   0.00319043  -0.00108733  -0.00423979   0.00189004
  -0.0158433   -0.0116858 -0.000833513   -0.0335853   -0.0144435    0.0205244   -0.0722259   -0.0195669    0.0396353   -0.0508167   -0.0774658   -0.0214799   0.00809205    -0.102188    0.0026102  -0.00665454  -0.00925733  -0.00789555     0.943073   -0.0165295   -0.0301831   -0.0543447   -0.0219534  -0.00580743   -0.0435668  -0.00347535  -0.00843897   -0.0191573  -0.00386789   -0.0011222   -0.0013619  0.000622442 -0.000765024  -0.00129169   0.00129542 -0.000185585   -0.0011694    0.0022654   0.00145282  8.37596e-05  -0.00111668   0.00273217   0.00245849  -0.00117087   -0.0013716 -0.000319676 -0.000737866 -0.000243305  -0.00110603   0.00161732    0.0012177 -0.000349731 -0.000673037  0.000441587  -0.00117521  -0.00138857  5.77399e-05 -0.000618332   -0.0134541   0.00547984   0.00471807   0.00174784   -0.0157796   -0.0270845 -1.49119e-05
  -0.0114425   -0.0134126  5.45386e-05   -0.0162307   -0.0148392   0.00290137   -0.0198704   -0.0155653   0.00534924  -0.00512886   -0.0183265   -0.0156359    0.0017888  -0.00847449   0.00235564   -0.0105679  -0.00163018   0.00292433   -0.0165295     0.985622  -0.00187318  -0.00451915   -0.0058644  -0.00583263  -0.00316665  -0.00247981   -0.0119044  -0.00268629   0.00628947  -0.00125004  -0.00152947 -8.62916e-05  -0.00120076  -0.00154428   1.2257e-05  -0.00104749  -0.00153404  0.000200958 -0.000144631  -0.00100821  -0.00153765  0.000268917  3.83455e-05  -0.00113288  -0.00145542 -0.000233375 -0.000480438  -0.00102999  -0.00150462  0.000133788   -0.0001087  -0.00076338 -0.000949272 -0.000140266  -0.00118413  -0.00150787 -0.000135532 -0.000463196  -0.00386297   0.00170157  -0.00140949   0.00103985  -0.00567958  -0.00758218 -0.000351929
 -0.00354791   0.00093725 -0.000719856   -0.0128636 -0.000293021    0.0141842   -0.0404085  -0.00364605    0.0294954   -0.0357722   -0.0438506  -0.00461003   0.00525301   -0.0768373  -0.00500228   0.00121116  -0.00591339  -0.00964166   -0.0301831  -0.00187318     0.973276   -0.0431945   -0.0177377  -0.00239926   -0.0438308  -0.00408538   0.00166969   -0.0125787   -0.0105096  0.000825665  0.000694161   0.00108812   0.00105983  0.000770593    0.0015308   0.00126864  0.000847593   0.00211646   0.00184816   0.00140925  0.000873371   0.00245482   0.00246841  0.000545402  0.000615256  0.000549819  0.000441912   0.00109349  0.000794155    0.0015635   0.00152604  0.000614227  0.000464134  0.000752748  0.000613924  0.000645289  0.000698968  0.000514022    0.0167496    0.0027763   0.00396996  0.000213584   -0.0102921   -0.0184077  -0.00027911
 -0.00559376   0.00122523  -0.00123461    -0.023746  -0.00138981    0.0248799    -0.072486  -0.00755705    0.0497707   -0.0631806   -0.0795406  -0.00960154   0.00927377    -0.132978  -0.00167636   0.00317415   -0.0108263    -0.015137   -0.0543447  -0.00451915   -0.0431945     0.927166    -0.027612  -0.00309618   -0.0671759  -0.00225006   0.00321943   -0.0229221   -0.0148759  0.000771137  0.000633496   0.00142875   0.00120338   0.00076255   0.00223202   0.00168507  0.000908815   0.00334016   0.00283313   0.00196832  0.000967641   0.00395799   0.00399116  0.000378275  0.000504611  0.000404108  0.000201507   0.00145313  0.000872253   0.00245429   0.00232389  0.000771567  0.000515642    0.0010881  0.000479085  0.000554161  0.000726852  0.000355065   0.00709886   0.00742971   0.00894744   0.00338457   -0.0149646   -0.0285332   0.00157392
 -0.00537138  -0.00440116 -0.000250652   -0.0125213  -0.00557095   0.00933207   -0.0290735  -0.00754302    0.0200195   -0.0207477     -0.02968  -0.00776158   0.00399955   -0.0463978  8.58419e-05  -0.00290855  -0.00417198  -0.00325711   -0.0219534   -0.0058644   -0.0177377    -0.027612     0.984798  -0.00453251   -0.0322963  -0.00140967  -0.00311665  -0.00797993  -0.00174053  0.000312813  7.98814e-05  0.000807471  0.000471742  0.000127815   0.00110254  0.000615472  0.000177473    0.0015198   0.00127328  0.000703386  0.000188209   0.00176266   0.00171301  0.000140161  4.59527e-05   0.00047081  0.000337428  0.000477546  0.000134475   0.00112652   0.00104862   0.00021427  4.98157e-05  0.000501638  0.000171168  4.97783e-05  0.000567528  0.000370419    0.0256044    0.0058606   0.00551774   0.00370664  -0.00530529   -0.0118264   0.00219985
 -0.00415832  -0.00557888  8.78101e-05   -0.0060333    -0.006222   0.00122132  -0.00733519  -0.00643775   0.00302999  -0.00132211   -0.0061485  -0.00623549  0.000941798  -0.00371501   0.00068194  -0.00459004 -0.000620829    0.0015184  -0.00580743  -0.00583263  -0.00239926  -0.00309618  -0.00453251     0.996597  -0.00632504 -0.000824686  -0.00496061 -0.000808154   0.00288506 -0.000184962 -0.000364689  0.000182539  -0.00016647 -0.000365802  0.000221414 -0.000153109 -0.000365536  0.000300029  0.000214337 -0.000151926 -0.000374527  0.000349041  0.000291534 -0.000193568 -0.000341421  0.000167435  9.93436e-05 -0.000199074  -0.00038779  0.000229962  0.000171773 -0.000176458 -0.000267304  7.06461e-05 -0.000205233 -0.000361221   0.00017245  9.13905e-05    0.0107372  0.000373436 -0.000977124  5.97033e-05  -0.00303254  -0.00381629 -0.000448252
 -0.00272964  0.000768517 -0.000656489   -0.0182647  -0.00138045     0.022307   -0.0588811  -0.00615882    0.0480499   -0.0503406   -0.0626211   -0.0069781   0.00913656    -0.113774   0.00130279   0.00286744  -0.00917986   -0.0104054   -0.0435668  -0.00316665   -0.0438308   -0.0671759   -0.0322963  -0.00632504     0.921257  0.000999954    0.0030273   -0.0186845  -0.00942494   0.00195633   0.00161032   0.00212914    0.0023212   0.00174164   0.00281187   0.00253101   0.00185152   0.00370846   0.00340886    0.0027103   0.00187404    0.0042694   0.00435052   0.00135314   0.00145829   0.00135802   0.00121816   0.00214871   0.00169609   0.00277727   0.00280186   0.00123157  0.000967985   0.00142954   0.00150397   0.00151643   0.00153299    0.0013416       0.0609   0.00369679   0.00534613 -0.000509338   -0.0173615   -0.0299163  -0.00116123
  -0.0935476    -0.020226  -0.00732567   -0.0246869  -0.00892027   -0.0371745  -0.00909542   -0.0048782   -0.0545245   -0.0150056  -0.00366108  -0.00306286   -0.0234127  -0.00570223    -0.344461   -0.0869192    0.0198043   -0.0943602  -0.00347535  -0.00247981  -0.00408538  -0.00225006  -0.00140967 -0.000824686  0.000999954     0.735875   -0.0577692    0.0317413    -0.165344   0.00082355 -0.000103268   0.00265271  5.45969e-05 -0.000329396   0.00153179 -0.000320436 -0.000453352  0.000556368 -6.74372e-05 -0.000424495 -0.000498828  9.18747e-06  -0.00032529   0.00269678   0.00063166   0.00532749   0.00528757 -0.000393513  -0.00048127 -8.49884e-05 -0.000223281 -0.000258025 -0.000281288 -0.000133768   0.00177727  0.000213527   0.00419587   0.00353922   -0.0038236  0.000118247  -0.00551126   0.00448619   0.00467982   0.00392488   0.00384298
  -0.0288968   -0.0157562  -0.00134029   -0.0162205   -0.0141833   -0.0080189   -0.0104209   -0.0131619   -0.0119319  -0.00020808  -0.00684421    -0.012498  -0.00441915   0.00629351     -0.07069   -0.0276867   0.00393393   -0.0156891  -0.00843897   -0.0119044   0.00166969   0.00321943  -0.00311665  -0.00496061    0.0030273   -0.0577692     0.977386     0.006986    -0.027789 -0.000896868  -0.00132423  0.000398421  -0.00106556  -0.00139609  0.000154236  -0.00107918  -0.00142886 -2.94893e-05 -0.000412432  -0.00110228  -0.00144762 -0.000164941 -0.000453697 -0.000375078  -0.00109744  0.000951837  0.000740208  -0.00105719  -0.00140764  -0.00013718 -0.000355652 -0.000745479 -0.000879317 -0.000239513 -0.000618377  -0.00123333  0.000758091   0.00037044  0.000461207   0.00224662  -0.00165526   0.00279431  -0.00112331  -0.00214582   0.00136222
  0.00831413   0.00161691  0.000436956  -0.00693212 -0.000954941     0.013799   -0.0250306  -0.00357979    0.0247542   -0.0201364    -0.026634   -0.0045373   0.00646777   -0.0435416    0.0424544     0.010652  -0.00667722   0.00635718   -0.0191573  -0.00268629   -0.0125787   -0.0229221  -0.00797993 -0.000808154   -0.0186845    0.0317413     0.006986     0.987332    0.0157866 -0.000296745 -0.000216945 -6.24006e-05 -5.92873e-05 -0.000150845  0.000349272  0.000191397 -8.17147e-05  0.000822994  0.000628153  0.000308404 -4.89998e-05   0.00106038   0.00101505 -0.000567782  -0.00033264 -0.000768628 -0.000845676  0.000185056 -5.34917e-05  0.000660875  0.000569212  6.30124e-05 -3.26665e-05  0.000246787 -0.000450352 -0.000275393 -0.000491863 -0.000590231  -0.00984225   0.00668408    0.0066989    0.0041951  -0.00584201   -0.0120497   0.00170455
  -0.0525013  -0.00319582  -0.00519493   -0.0103469   0.00367831   -0.0194756   -0.0100017   0.00498414   -0.0265843   -0.0225457  -0.00863941   0.00545189   -0.0138012   -0.0307059    -0.217584   -0.0469711    0.0108194   -0.0663208  -0.00386789   0.00628947   -0.0105096   -0.0148759  -0.00174053   0.00288506  -0.00942494    -0.165344    -0.027789    0.0157866     0.885182   0.00131044  0.000936488   0.00189635  0.000947926  0.000842354   0.00135303  0.000745756  0.000793645  0.000893001    0.0006348  0.000722262    0.0007804  0.000653857  0.000624057   0.00209647    0.0012688   0.00318391   0.00306975   0.00064118  0.000748079  0.000360033  0.000403065  0.000429049  0.000467519  0.000220024   0.00169217   0.00108316   0.00261382   0.00223046   -0.0138121 -0.000877083  -0.00317661   0.00188566  0.000382332  -0.00163931   0.00175056
-0.000868526  -0.00115987   1.7399e-05  -0.00141011  -0.00131083  0.000173989  -0.00125581  -0.00133236  1.55949e-05  3.68051e-05 -0.000981376  -0.00136061  0.000107104  0.000815717    0.0018743 -0.000619688 -0.000217405  0.000680519   -0.0011222  -0.00125004  0.000825665  0.000771137  0.000312813 -0.000184962   0.00195633   0.00082355 -0.000896868 -0.000296745   0.00131044    0.0223934 -0.000258098  -0.00011215 -0.000254071 -0.000260022 -0.000104621  -0.00022374 -0.000257359 -9.78801e-05 -0.000150084  -0.00021681 -0.000254396 -0.000106546 -0.000148128 -0.000244891 -0.000254818 -0.000157706 -0.000205381 -0.000197143 -0.000239362  -7.6977e-05 -0.000114932  -0.00013176 -0.000141989 -7.14994e-05 -0.000244502 -0.000256897 -0.000126572 -0.000181902  -0.00414676   0.00156889   0.00114115   0.00144174  0.000557228  9.17867e-05  0.000871049
  -0.0013464  -0.00148972  2.42409e-06   -0.0017483  -0.00163311  0.000107819  -0.00158703   -0.0016491  -1.0341e-05  -3.5032e-05  -0.00122269  -0.00165629  8.74804e-05  0.000672108  0.000663537  -0.00114057 -0.000173403   0.00045107   -0.0013619  -0.00152947  0.000694161  0.000633496  7.98814e-05 -0.000364689   0.00161032 -0.000103268  -0.00132423 -0.000216945  0.000936488 -0.000258098    0.0223852 -9.03628e-05  -0.00025457 -0.000272662 -8.61003e-05 -0.000226692 -0.000270708 -7.92302e-05 -0.000135363  -0.00022059 -0.000268564 -8.69066e-05 -0.000131296 -0.000227503 -0.000260424 -0.000116958 -0.000157004 -0.000203694 -0.000254726 -6.37532e-05 -0.000103772 -0.000138414 -0.000153304 -6.61974e-05 -0.000235367 -0.000266214 -9.51282e-05 -0.000148954  -0.00347896   0.00154984   0.00103436   0.00141604  0.000346448 -0.000143262  0.000812306
 0.000815849  4.17327e-05  7.59944e-05  0.000343209 -5.28807e-05 -2.08363e-05   0.00092056 -1.82926e-05 -0.000415287  0.000969354  0.000953026  -4.1354e-05  6.08082e-05   0.00219544   0.00358477  0.000722695 -8.57689e-05   0.00113054  0.000622442 -8.62916e-05   0.00108812   0.00142875  0.000807471  0.000182539   0.00212914   0.00265271  0.000398421 -6.24006e-05   0.00189635  -0.00011215 -9.03628e-05    0.0225523 -0.000109486 -9.09505e-05  -0.00010197 -9.98345e-05 -9.06696e-05 -0.000105855  -0.00010521 -9.92316e-05 -8.93122e-05 -0.000112367 -0.000117472 -0.000110175 -9.39215e-05  -0.00012514 -0.000127247 -8.37103e-05 -8.16828e-05 -7.59325e-05 -8.35743e-05 -5.14698e-05 -4.67898e-05 -4.64548e-05 -0.000105838 -9.13069e-05 -0.000109879 -0.000110045  -0.00288101    0.0004534  0.000414389  0.000457782  0.000611117  0.000734885  0.000313756
 -0.00106998  -0.00120963  9.65696e-06  -0.00129034  -0.00129838 -7.41662e-05 -0.000779075  -0.00126649  -0.00041936  0.000408042 -0.000456462  -0.00127523 -1.79189e-05   0.00164387  0.000767921 -0.000885136 -8.84208e-05   0.00049661 -0.000765024  -0.00120076   0.00105983   0.00120338  0.000471742  -0.00016647    0.0023212  5.45969e-05  -0.00106556 -5.92873e-05  0.000947926 -0.000254071  -0.00025457 -0.000109486    0.0224003 -0.000258505 -0.000112236 -0.000230573 -0.000257533 -0.000117716 -0.000167573 -0.000226436 -0.000255267 -0.000132897 -0.000175872 -0.000219286 -0.000245849 -0.000129503 -0.000163043 -0.000202976 -0.000239893 -9.26159e-05 -0.000129232 -0.000133995 -0.000142225 -7.73627e-05 -0.000227725 -0.000250924 -0.000109749 -0.000156584    -0.004059   0.00145327   0.00104022   0.00135162  0.000646421  0.000289185  0.000818463
 -0.00142859  -0.00152971 -1.28682e-07   -0.0017444  -0.00165722  3.69817e-05  -0.00148469  -0.00165942 -0.000140321  6.44452e-05  -0.00111029  -0.00166294  5.16889e-05  0.000906956  0.000358387  -0.00123527 -0.000136573  0.000405864  -0.00129169  -0.00154428  0.000770593   0.00076255  0.000127815 -0.000365802   0.00174164 -0.000329396  -0.00139609 -0.000150845  0.000842354 -0.000260022 -0.000272662 -9.09505e-05 -0.000258505    0.0223783  -8.9431e-05  -0.00023189 -0.000274947  -8.5539e-05 -0.000141662 -0.000226429 -0.000272996 -9.49039e-05 -0.000139964 -0.000224488 -0.000261947  -0.00011118 -0.000148778 -0.000208427 -0.000258898 -6.88328e-05 -0.000109063 -0.000141222 -0.000155816 -6.88057e-05 -0.000234608 -0.000268624 -9.19845e-05 -0.000144696  -0.00352211    0.0015077  0.000992949   0.00138355  0.000369144 -8.73139e-05  0.000795512
 0.000528451 -1.25479e-05  6.24328e-05   0.00058161 -1.78828e-05 -0.000460047   0.00180393  0.000109506   -0.0012025   0.00166158     0.001927  0.000120717 -0.000158148   0.00372934   0.00204817  0.000342995  0.000134391  0.000895799   0.00129542   1.2257e-05    0.0015308   0.00223202   0.00110254  0.000221414   0.00281187   0.00153179  0.000154236  0.000349272   0.00135303 -0.000104621 -8.61003e-05  -0.00010197 -0.000112236  -8.9431e-05    0.0225372 -0.000112553 -9.17948e-05 -0.000141697 -0.000136147  -0.00011654 -9.15296e-05 -0.000159043 -0.000165319 -8.66826e-05  -8.4055e-05 -9.46341e-05 -8.91467e-05  -9.4569e-05 -8.31899e-05 -0.000104249 -0.000109357 -5.58682e-05 -4.74958e-05 -5.74252e-05 -8.94438e-05 -8.43404e-05 -9.15674e-05 -8.58747e-05  -0.00270902  0.000301806  0.000248424  0.000381123   0.00083951    0.0011526  0.000283936
  -0.0010388  -0.00113705  1.25083e-05 -0.000972376  -0.00117718 -0.000310015 -3.44155e-05  -0.00108321 -0.000812822  0.000920964  0.000368279  -0.00106393 -0.000131159   0.00265398  0.000170915 -0.000964077  4.43072e-05   0.00044475 -0.000185585  -0.00104749   0.00126864   0.00168507  0.000615472 -0.000153109   0.00253101 -0.000320436  -0.00107918  0.000191397  0.000745756  -0.00022374 -0.000226692 -9.98345e-05 -0.000230573  -0.00023189 -0.000112553    0.0224369 -0.000233054 -0.000134117 -0.000176233 -0.000218508 -0.000232031 -0.000157198 -0.000200375  -0.00018621 -0.000216213 -0.000101916 -0.000128006 -0.000191467 -0.000217952 -0.000103901 -0.000135221 -0.000124222 -0.000129636 -7.64186e-05 -0.000196554 -0.000222113 -9.04827e-05 -0.000127914  -0.00341745    0.0011599   0.00076376   0.00109768  0.000602841  0.000393318  0.000642567
 -0.00145292     -0.00154  4.80609e-08  -0.00169277  -0.00165464 -3.26612e-05   -0.0013183  -0.00164125 -0.000266872  0.000199548 -0.000931039  -0.00163959  1.83223e-05   0.00119136  0.000183972   -0.0012824 -9.93418e-05  0.000395024   -0.0011694  -0.00153404  0.000847593  0.000908815  0.000177473 -0.000365536   0.00185152 -0.000453352  -0.00142886 -8.17147e-05  0.000793645 -0.000257359 -0.000270708 -9.06696e-05 -0.000257533 -0.000274947 -9.17948e-05 -0.000233054    0.0223808 -9.14845e-05 -0.000146185 -0.000228584 -0.000272342 -0.000102671 -0.000147753  -0.00022007 -0.000259191 -0.000106198 -0.000142477 -0.000209564 -0.000258304 -7.32928e-05 -0.000112827 -0.000141532 -0.000155576 -7.01776e-05  -0.00023101 -0.000266269 -8.89557e-05 -0.000140164   -0.0034589   0.00142917  0.000918149   0.00131903  0.000375905  -3.4019e-05  0.000756597
 0.000319077 -1.51806e-05  5.71999e-05  0.000971298  8.57821e-05 -0.000940372   0.00309651  0.000344433  -0.00205353   0.00263629   0.00342287  0.000404326 -0.000416845     0.005871  0.000730667  3.96804e-05   0.00037823  0.000737104    0.0022654  0.000200958   0.00211646   0.00334016    0.0015198  0.000300029   0.00370846  0.000556368 -2.94893e-05  0.000822994  0.000893001 -9.78801e-05 -7.92302e-05 -0.000105855 -0.000117716  -8.5539e-05 -0.000141697 -0.000134117 -9.14845e-05    0.0224535 -0.000194987 -0.000145992 -9.26213e-05 -0.000240085 -0.000258898 -6.94205e-05 -7.32562e-05 -7.27201e-05 -6.51423e-05 -0.000110262 -8.26755e-05 -0.000149109  -0.00015214 -6.06095e-05 -4.63721e-05  -7.3348e-05 -7.59707e-05 -7.53203e-05 -7.90702e-05 -6.99358e-05   -0.0024508  0.000158178  8.38248e-05  0.000277415   0.00101493   0.00146899  0.000202339
-0.000287323 -0.000385683  3.47098e-05  0.000286425 -0.000288296 -0.000732471   0.00210003 -6.05252e-05  -0.00161397   0.00205904   0.00251758 -9.61096e-06 -0.000365352   0.00488219  0.000158053 -0.000353783  0.000275147  0.000504693   0.00145282 -0.000144631   0.00184816   0.00283313   0.00127328  0.000214337   0.00340886 -6.74372e-05 -0.000412432  0.000628153    0.0006348 -0.000150084 -0.000135363  -0.00010521 -0.000167573 -0.000141662 -0.000136147 -0.000176233 -0.000146185 -0.000194987    0.0224381  -0.00018564 -0.000146225 -0.000238412 -0.000280356 -0.000114993   -0.0001276 -8.57683e-05 -9.38757e-05 -0.000145932 -0.000132907 -0.000146685 -0.000163043 -8.48718e-05 -7.53892e-05 -8.05326e-05 -0.000123531 -0.000131003 -8.44596e-05 -9.75793e-05  -0.00289623  0.000659034  0.000498405  0.000647845  0.000892973  0.000970432  0.000397692
 -0.00102923    -0.001133  1.62164e-05 -0.000845222  -0.00115489 -0.000423005  0.000319819   -0.0010297  -0.00101328   0.00119832  0.000770485 -0.000997318  -0.00018259     0.003218  9.71927e-06  -0.00100412  0.000103301  0.000464222  8.37596e-05  -0.00100821   0.00140925   0.00196832  0.000703386 -0.000151926    0.0027103 -0.000424495  -0.00110228  0.000308404  0.000722262  -0.00021681  -0.00022059 -9.92316e-05 -0.000226436 -0.000226429  -0.00011654 -0.000218508 -0.000228584 -0.000145992  -0.00018564    0.0224334 -0.000228109 -0.000173347    -0.000218 -0.000178328 -0.000209402 -9.46454e-05 -0.000118928 -0.000191807 -0.000214229  -0.00011225 -0.000142033 -0.000123373 -0.000127649 -7.82266e-05 -0.000189143 -0.000215614 -8.59756e-05 -0.000120448  -0.00321585   0.00104952  0.000651299   0.00100264  0.000592982  0.000446663  0.000573673
 -0.00146104  -0.00155056  7.72608e-07  -0.00167054  -0.00166099 -6.32091e-05  -0.00124628  -0.00164109 -0.000319352  0.000263419 -0.000853567  -0.00163671  5.43643e-06   0.00131504  0.000119187  -0.00130607 -8.15802e-05  0.000397597  -0.00111668  -0.00153765  0.000873371  0.000967641  0.000188209 -0.000374527   0.00187404 -0.000498828  -0.00144762 -4.89998e-05    0.0007804 -0.000254396 -0.000268564 -8.93122e-05 -0.000255267 -0.000272996 -9.15296e-05 -0.000232031 -0.000272342 -9.26213e-05 -0.000146225 -0.000228109    0.0223839 -0.000104357 -0.000149108 -0.000216989 -0.000256738 -0.000102713 -0.000138454 -0.000208972 -0.000257096  -7.4034e-05 -0.000113019  -0.00014108 -0.000155067 -6.99555e-05 -0.000228092 -0.000263977  -8.6437e-05 -0.000136713  -0.00337018   0.00136319  0.000854186    0.0012613  0.000354955 -2.61029e-05  0.000719393
 0.000143759 -5.87286e-05  5.34335e-05   0.00111391  0.000101728  -0.00118172    0.0037367   0.00043387  -0.00248294   0.00314375   0.00420074  0.000519252 -0.000556576   0.00703687  3.53799e-05 -0.000152866  0.000497694  0.000648394   0.00273217  0.000268917   0.00245482   0.00395799   0.00176266  0.000349041    0.0042694  9.18747e-06 -0.000164941   0.00106038  0.000653857 -0.000106546 -8.69066e-05 -0.000112367 -0.000132897 -9.49039e-05 -0.000159043 -0.000157198 -0.000102671 -0.000240085 -0.000238412 -0.000173347 -0.000104357    0.0223617 -0.000324125 -7.14654e-05 -7.87877e-05 -6.84241e-05 -6.26571e-05 -0.000127888 -9.25547e-05 -0.000178419 -0.000182774  -6.8712e-05 -5.14174e-05 -8.56764e-05 -8.00023e-05   -8.182e-05 -7.79079e-05  -7.0653e-05  -0.00250883  0.000178216  8.08897e-05  0.000292736   0.00111095   0.00157815  0.000194979
-0.000249025 -0.000348058  4.95915e-05  0.000738803 -0.000176925  -0.00111257   0.00343735  0.000175155  -0.00231096   0.00309024   0.00408995  0.000272205 -0.000551679    0.0070788 -0.000232089 -0.000438059  0.000462123  0.000598892   0.00245849  3.83455e-05   0.00246841   0.00399116   0.00171301  0.000291534   0.00435052  -0.00032529 -0.000453697   0.00101505  0.000624057 -0.000148128 -0.000131296 -0.000117472 -0.000175872 -0.000139964 -0.000165319 -0.000200375 -0.000147753 -0.000258898 -0.000280356    -0.000218 -0.000149108 -0.000324125    0.0222722 -0.000106518 -0.000121365 -7.94084e-05 -8.36787e-05 -0.000163257 -0.000134145 -0.000192346 -0.000207175 -9.05169e-05 -7.55488e-05 -9.63031e-05 -0.000116951 -0.000125589 -8.45857e-05 -9.16079e-05   -0.0027559  0.000540914  0.000358519  0.000524583  0.000928771   0.00109444  0.000268482
 -0.00018125 -0.000839881   3.7876e-05  -0.00121116   -0.0011257  0.000499016  -0.00136549  -0.00120535  0.000565338 -0.000158628  -0.00112007  -0.00125491  0.000262799  0.000181707   0.00473533  0.000142983  -0.00035053   0.00127836  -0.00117087  -0.00113288  0.000545402  0.000378275  0.000140161 -0.000193568   0.00135314   0.00269678 -0.000375078 -0.000567782   0.00209647 -0.000244891 -0.000227503 -0.000110175 -0.000219286 -0.000224488 -8.66826e-05  -0.00018621  -0.00022007 -6.94205e-05 -0.000114993 -0.000178328 -0.000216989 -7.14654e-05 -0.000106518    0.0223377 -0.000245182 -0.000232241 -0.000360451 -0.000164231 -0.000204715 -5.28847e-05 -8.61475e-05 -0.000111235 -0.000122085 -5.53258e-05 -0.000272715  -0.00023488 -0.000164204 -0.000255956  -0.00342375   0.00136179  0.000825996   0.00133715  0.000361953  -0.00014495  0.000814839
  -0.0010614  -0.00135296  1.35138e-05  -0.00165621  -0.00153607  0.000234713  -0.00161369  -0.00157203  0.000200098 -0.000107895    -0.001268  -0.00158661  0.000151644   0.00044702   0.00169688 -0.000831721 -0.000239994  0.000658392   -0.0013716  -0.00145542  0.000615256  0.000504611  4.59527e-05 -0.000341421   0.00145829   0.00063166  -0.00109744  -0.00033264    0.0012688 -0.000254818 -0.000260424 -9.39215e-05 -0.000245849 -0.000261947  -8.4055e-05 -0.000216213 -0.000259191 -7.32562e-05   -0.0001276 -0.000209402 -0.000256738 -7.87877e-05 -0.000121365 -0.000245182    0.0223974 -0.000142115 -0.000197375 -0.000193659 -0.000243356 -5.82059e-05 -9.69189e-05 -0.000131814 -0.000146311 -6.23448e-05  -0.00024267 -0.000259615 -0.000110267 -0.000170509  -0.00337318   0.00157779   0.00105793   0.00144747  0.000336808 -0.000185857  0.000834094
  0.00147438  0.000196336  0.000104966  2.26006e-05 -9.41049e-05  0.000727976 -0.000283721 -0.000198454  0.000861141  5.14936e-05 -0.000325378 -0.000281138  0.000405084  0.000203351   0.00759477    0.0016405 -0.000472505   0.00185466 -0.000319676 -0.000233375  0.000549819  0.000404108   0.00047081  0.000167435   0.00135802   0.00532749  0.000951837 -0.000768628   0.00318391 -0.000157706 -0.000116958  -0.00012514 -0.000129503  -0.00011118 -9.46341e-05 -0.000101916 -0.000106198 -7.27201e-05 -8.57683e-05 -9.46454e-05 -0.000102713 -6.84241e-05 -7.94084e-05 -0.000232241 -0.000142115    0.0224066 -0.000321876 -8.35062e-05 -9.41769e-05 -4.87741e-05 -6.33266e-05 -5.38755e-05 -5.35901e-05 -3.87074e-05  -0.00018891 -0.000127163 -0.000185315 -0.000228383  -0.00344645  0.000820245  0.000698708  0.000755043  0.000394479  0.000154358  0.000489725
  0.00112449  2.17647e-05  7.43365e-05 -0.000394952 -0.000346881  0.000819254 -0.000813574  -0.00047547   0.00100164 -0.000206347 -0.000782264 -0.000573264  0.000392241  -0.00018136   0.00830162   0.00153659 -0.000475713   0.00197488 -0.000737866 -0.000480438  0.000441912  0.000201507  0.000337428  9.93436e-05   0.00121816   0.00528757  0.000740208 -0.000845676   0.00306975 -0.000205381 -0.000157004 -0.000127247 -0.000163043 -0.000148778 -8.91467e-05 -0.000128006 -0.000142477 -6.51423e-05 -9.38757e-05 -0.000118928 -0.000138454 -6.26571e-05 -8.36787e-05 -0.000360451 -0.000197375 -0.000321876    0.0221425  -0.00010715 -0.000128113 -4.62337e-05 -6.86694e-05 -7.07055e-05 -7.36381e-05 -4.33808e-05 -0.000273965 -0.000173167 -0.000219679 -0.000332114  -0.00344948  0.000986758   0.00057391   0.00106764  0.000464348   3.3099e-05  0.000730471
