    34    34     1
      0.9736   0.00895231   0.00152168  -0.00583631 -0.000851174   -0.0114238    0.0100089   0.00488993    0.0216795    0.0118265   0.00199949   -0.0110542 -2.97219e-16   -0.0121379  -0.00796072    0.0389332 -0.000615015     0.012901   -0.0111811   0.00637083    0.0113157  -0.00238072   0.00366192   0.00987178   -0.0394871    0.0162422    0.0288916  -0.00445254  -0.00588598   0.00031101   0.00277033 -0.000147106 -5.77848e-05  -0.00157505
  0.00895231     0.986327  -0.00490053  -0.00803733  0.000277965  -0.00511158  -0.00469592  -0.00653873   -0.0145749  -0.00577329   -0.0062582  -0.00612015 -1.56069e-15  -0.00661598  -0.00419635   -0.0227673  -0.00500536   -0.0123758   0.00309379  -0.00774467  -0.00915648 -5.69581e-06  -0.00534792   -0.0101706    0.0114891   -0.0057833   -0.0194467    0.0015655  -0.00571421  -0.00530802  -0.00608763  0.000137557   0.00100557   0.00403522
  0.00152168  -0.00490053     0.997978  -0.00114622  0.000137366  -0.00342651 -0.000969924  -0.00172814  -0.00429332  -0.00184386  -0.00228182  -0.00334891  1.99415e-16  -0.00386535  -0.00107562  -0.00234046  -0.00224912  -0.00401893  0.000443669   0.00131679  -0.00243577   0.00191334  -0.00266943   -0.0034633   0.00154505  -0.00242727  -0.00344461  0.000271362  -0.00204787  -0.00177955  -0.00190477  8.41359e-05  0.000339612    0.0021377
 -0.00583631  -0.00803733  -0.00114622     0.894776   -0.0014697  -0.00882447   0.00539784    -0.022541   0.00261335    0.0164885  -0.00931811    -0.022868  -7.8356e-16   -0.0120947   -0.0546379    -0.140037   0.00225594  -0.00770963  -0.00585654     -0.14954   -0.0166067   -0.0742367    0.0214964  -0.00171293   -0.0150677     0.053304   -0.0826607   0.00032797   -0.0358431   -0.0174045  -0.00543404 -0.000792893   0.00759035   0.00233291
-0.000851174  0.000277965  0.000137366   -0.0014697  9.17696e-05  0.000180232   0.00129032 -0.000197281  0.000792743  0.000383783 -1.39691e-05 -3.50939e-05  1.99045e-17  -0.00018268 -0.000875523  -0.00108811  0.000193754  0.000465824 -0.000364422  -0.00172478  3.46547e-05  -0.00113683  0.000365926  0.000341301  -0.00087363  0.000378091 -0.000429438 -0.000202063  -0.00051931 -0.000197305  5.36186e-05 -0.000187563  0.000329925 -0.000527562
  -0.0114238  -0.00511158  -0.00342651  -0.00882447  0.000180232     0.984489   0.00559847  -0.00134802   0.00389249   0.00421555  -0.00363176   -0.0144458  2.10415e-16   -0.0151897  -0.00866291    0.0125432  -0.00406888  -0.00125353  -0.00514057   0.00102882  0.000807601  0.000649862  -0.00231984  -0.00141561     -0.01897   0.00774813    0.0060188  -0.00159407  -0.00840182  -0.00383288    0.0011364  0.000141049  0.000537365    0.0058037
   0.0100089  -0.00469592 -0.000969924   0.00539784   0.00129032   0.00559847     0.989147  -0.00234935   -0.0112301  -0.00622511  -0.00168569   0.00621112 -6.14187e-15   0.00452445   0.00397413  -0.00837276  -0.00295872  -0.00485434   0.00379039   0.00265807  -0.00446505    0.0019797  -0.00309893  -0.00490842    0.0165488   -0.0113346  -0.00663332   0.00121393   0.00184323 -0.000937191  -0.00442259 -8.38932e-05   0.00244445  -0.00310663
  0.00488993  -0.00653873  -0.00172814    -0.022541 -0.000197281  -0.00134802  -0.00234935     0.992838  -0.00659044  0.000133417  -0.00392781  -0.00425166  2.43379e-17  -0.00224846   -0.0111835   -0.0393159  -0.00106065   -0.0064749    0.0011858   -0.0333764  -0.00747652   -0.0150536   0.00231045  -0.00443931   0.00580587   0.00651014   -0.0255686   0.00106532  -0.00812569  -0.00516797  -0.00308661 -0.000133702    0.0019122  0.000962794
   0.0216795   -0.0145749  -0.00429332   0.00261335  0.000792743   0.00389249   -0.0112301  -0.00659044     0.976497   -0.0119925   -0.0053333   0.00361219  -4.6773e-15   0.00294724   0.00409092   -0.0315052  -0.00403869   -0.0156853   0.00867882  -0.00218259   -0.0122387   0.00438217  -0.00705199   -0.0129524    0.0317743   -0.0168789   -0.0259036   0.00350449  0.000772299   -0.0033527  -0.00668635  0.000170749    0.0012992   0.00275643
   0.0118265  -0.00577329  -0.00184386    0.0164885  0.000383783   0.00421555  -0.00622511  0.000133417   -0.0119925     0.990686  -0.00112958   0.00535292 -4.43709e-16   0.00347368    0.0103834   0.00265859  -0.00214011  -0.00687444   0.00517788    0.0202359  -0.00362221    0.0127563  -0.00679441  -0.00618445    0.0179913   -0.0176345  -0.00171339   0.00155945   0.00607006   0.00115935  -0.00338739  0.000201462  0.000628219   0.00185607
  0.00199949   -0.0062582  -0.00228182  -0.00931811 -1.39691e-05  -0.00363176  -0.00168569  -0.00392781   -0.0053333  -0.00112958     0.996656  -0.00465783  1.58309e-17  -0.00455478  -0.00527525   -0.0144822  -0.00249539  -0.00524246   0.00032757   -0.0105265  -0.00436431  -0.00395029   -0.0013341  -0.00421811   0.00190825  0.000713288   -0.0109145  0.000402956   -0.0049838  -0.00344116  -0.00307765  2.42236e-06  0.000939119   0.00157333
  -0.0110542  -0.00612015  -0.00334891    -0.022868 -3.50939e-05   -0.0144458   0.00621112  -0.00425166   0.00361219   0.00535292  -0.00465783     0.983114  1.18266e-17   -0.0158838   -0.0149286  -0.00982786  -0.00339589  -0.00294488  -0.00554627   -0.0194603  -0.00163579   -0.0093211  0.000340519   -0.0019132   -0.0196515    0.0135154  -0.00703683   -0.0014526   -0.0124081  -0.00571059  -0.00270315  3.79173e-05   0.00124596   0.00570179
-2.97219e-16 -1.56069e-15  1.99415e-16  -7.8356e-16  1.99045e-17  2.10415e-16 -6.14187e-15  2.43379e-17  -4.6773e-15 -4.43709e-16  1.58309e-17  1.18266e-17  9.31785e-29  2.78882e-16 -4.52152e-16 -2.53462e-16 -1.37222e-15  2.87532e-17 -2.78849e-15 -1.12628e-15  1.43573e-16 -1.28221e-15 -4.83485e-17 -7.69873e-16 -6.67117e-16 -8.30825e-16 -1.91343e-16 -3.47054e-16 -6.50006e-16 -3.07543e-17  1.43961e-16  1.12625e-17 -8.52461e-17 -1.10956e-16
  -0.0121379  -0.00661598  -0.00386535   -0.0120947  -0.00018268   -0.0151897   0.00452445  -0.00224846   0.00294724   0.00347368  -0.00455478   -0.0158838  2.78882e-16     0.982897   -0.0102042   0.00863036  -0.00522851  -0.00245801  -0.00580821  -0.00117518  9.21753e-05 -0.000674506  -0.00257483  -0.00240326   -0.0204978   0.00745161   0.00357045  -0.00194328  -0.00998553  -0.00471346  -0.00324458  8.63811e-05   0.00103377    0.0046157
 -0.00796072  -0.00419635  -0.00107562   -0.0546379 -0.000875523  -0.00866291   0.00397413   -0.0111835   0.00409092    0.0103834  -0.00527525   -0.0149286 -4.52152e-16   -0.0102042     0.969748   -0.0623953  -8.2429e-05  -0.00251706  -0.00511265   -0.0734367  -0.00705332   -0.0374192    0.0106962  -0.00011998   -0.0151091    0.0296013   -0.0365949 -0.000722776   -0.0203466  -0.00963482   -0.0012263 -0.000422878   0.00448212   0.00137746
   0.0389332   -0.0227673  -0.00234046    -0.140037  -0.00108811    0.0125432  -0.00837276   -0.0393159   -0.0315052   0.00265859   -0.0144822  -0.00982786 -2.53462e-16   0.00863036   -0.0623953     0.725205   0.00724177   -0.0314508    0.0116991    -0.229096   -0.0421139    -0.104423    0.0268037   -0.0172164    0.0489736    0.0482133    -0.170652   0.00826326   -0.0378908   -0.0231921   -0.0121235 -0.000903973    0.0124274    0.0068594
-0.000615015  -0.00500536  -0.00224912   0.00225594  0.000193754  -0.00406888  -0.00295872  -0.00106065  -0.00403869  -0.00214011  -0.00249539  -0.00339589 -1.37222e-15  -0.00522851  -8.2429e-05   0.00724177     0.996118  -0.00313574 -0.000567071   0.00829491  -0.00130972   0.00444621  -0.00390318  -0.00340246 -0.000995777  -0.00469271   0.00267075 -0.000322713  -0.00202385  -0.00181151  -0.00330142  4.41165e-05  0.000980143  0.000557635
    0.012901   -0.0123758  -0.00401893  -0.00770963  0.000465824  -0.00125353  -0.00485434   -0.0064749   -0.0156853  -0.00687444  -0.00524246  -0.00294488  2.87532e-17  -0.00245801  -0.00251706   -0.0314508  -0.00313574      0.98726   0.00484312   -0.0117417  -0.00989704  -0.00139305  -0.00425725  -0.00994339    0.0173253  -0.00664017   -0.0244213   0.00226466    -0.003547  -0.00423952  -0.00574071  0.000148153  0.000954984   0.00438064
  -0.0111811   0.00309379  0.000443669  -0.00585654 -0.000364422  -0.00514057   0.00379039    0.0011858   0.00867882   0.00517788   0.00032757  -0.00554627 -2.78849e-15  -0.00580821  -0.00511265    0.0116991 -0.000567071   0.00484312     0.995075   -0.0018927   0.00405461  -0.00327603   0.00194482   0.00375789   -0.0169271   0.00801156   0.00933628  -0.00188824  -0.00378081 -0.000575977  0.000272736 -9.03371e-05  0.000500402 -0.000607828
  0.00637083  -0.00774467   0.00131679     -0.14954  -0.00172478   0.00102882   0.00265807   -0.0333764  -0.00218259    0.0202359   -0.0105265   -0.0194603 -1.12628e-15  -0.00117518   -0.0734367    -0.229096   0.00829491   -0.0117417   -0.0018927     0.769368   -0.0274045     -0.11337    0.0341116  -0.00208836   0.00192708    0.0717501    -0.134523   0.00304385   -0.0450221   -0.0225233  -0.00410385  -0.00123434    0.0122186   0.00202299
   0.0113157  -0.00915648  -0.00243577   -0.0166067  3.46547e-05  0.000807601  -0.00446505  -0.00747652   -0.0122387  -0.00362221  -0.00436431  -0.00163579  1.43573e-16  9.21753e-05  -0.00705332   -0.0421139  -0.00130972  -0.00989704   0.00405461   -0.0274045     0.990307   -0.0104845 -3.56758e-05    -0.007249    0.0153985    0.0001234   -0.0290577   0.00210852  -0.00549444  -0.00471156  -0.00384429 -3.33631e-05   0.00138574   0.00185924
 -0.00238072 -5.69581e-06   0.00191334   -0.0742367  -0.00113683  0.000649862    0.0019797   -0.0150536   0.00438217    0.0127563  -0.00395029   -0.0093211 -1.28221e-15 -0.000674506   -0.0374192    -0.104423   0.00444621  -0.00139305  -0.00327603     -0.11337   -0.0104845     0.942075    0.0185039   0.00227844  -0.00658137     0.038474   -0.0591432  0.000417464   -0.0225712   -0.0105044  -0.00132761 -0.000733328   0.00628489  -0.00181242
  0.00366192  -0.00534792  -0.00266943    0.0214964  0.000365926  -0.00231984  -0.00309893   0.00231045  -0.00705199  -0.00679441   -0.0013341  0.000340519 -4.83485e-17  -0.00257483    0.0106962    0.0268037  -0.00390318  -0.00425725   0.00194482    0.0341116 -3.56758e-05    0.0185039     0.990424  -0.00476607   0.00584177   -0.0170228    0.0130331  0.000300845   0.00493649   0.00118404  -0.00305559  0.000279708  -0.00141346   0.00194979
  0.00987178   -0.0101706   -0.0034633  -0.00171293  0.000341301  -0.00141561  -0.00490842  -0.00443931   -0.0129524  -0.00618445  -0.00421811   -0.0019132 -7.69873e-16  -0.00240326  -0.00011998   -0.0172164  -0.00340246  -0.00994339   0.00375789  -0.00208836    -0.007249   0.00227844  -0.00476607      0.99181    0.0136376  -0.00795445    -0.014905   0.00162897  -0.00196877  -0.00308878  -0.00471902  0.000133139  0.000768652   0.00299884
  -0.0394871    0.0114891   0.00154505   -0.0150677  -0.00087363     -0.01897    0.0165488   0.00580587    0.0317743    0.0179913   0.00190825   -0.0196515 -6.67117e-16   -0.0204978   -0.0151091    0.0489736 -0.000995777    0.0173253   -0.0169271   0.00192708    0.0153985  -0.00658137   0.00584177    0.0136376     0.939807     0.026989    0.0369518  -0.00654258   -0.0111712 -0.000761015    0.0030569 -0.000186824  6.29838e-05 -0.000434725
   0.0162422   -0.0057833  -0.00242727     0.053304  0.000378091   0.00774813   -0.0113346   0.00651014   -0.0168789   -0.0176345  0.000713288    0.0135154 -8.30825e-16   0.00745161    0.0296013    0.0482133  -0.00469271  -0.00664017   0.00801156    0.0717501    0.0001234     0.038474   -0.0170228  -0.00795445     0.026989     0.958067    0.0245351   0.00161285    0.0178288   0.00604738  -0.00369958  0.000450587 -0.000342727   0.00112951
   0.0288916   -0.0194467  -0.00344461   -0.0826607 -0.000429438    0.0060188  -0.00663332   -0.0255686   -0.0259036  -0.00171339   -0.0109145  -0.00703683 -1.91343e-16   0.00357045   -0.0365949    -0.170652   0.00267075   -0.0244213   0.00933628    -0.134523   -0.0290577   -0.0591432    0.0130331    -0.014905    0.0369518    0.0245351     0.890881   0.00596221   -0.0232093   -0.0153253  -0.00919068 -0.000425573   0.00609114   0.00527837
 -0.00445254    0.0015655  0.000271362   0.00032797 -0.000202063  -0.00159407   0.00121393   0.00106532   0.00350449   0.00155945  0.000402956   -0.0014526 -3.47054e-16  -0.00194328 -0.000722776   0.00826326 -0.000322713   0.00226466  -0.00188824   0.00304385   0.00210852  0.000417464  0.000300845   0.00162897  -0.00654258   0.00161285   0.00596221     0.999145 -0.000571932  0.000227462   0.00033798 -2.98519e-05  0.000469423 -0.000366917
 -0.00588598  -0.00571421  -0.00204787   -0.0358431  -0.00051931  -0.00840182   0.00184323  -0.00812569  0.000772299   0.00607006   -0.0049838   -0.0124081 -6.50006e-16  -0.00998553   -0.0203466   -0.0378908  -0.00202385    -0.003547  -0.00378081   -0.0450221  -0.00549444   -0.0225712   0.00493649  -0.00196877   -0.0111712    0.0178288   -0.0232093 -0.000571932     0.984985  -0.00754355  -0.00322458 -0.000239379    0.0024422   0.00113602
  0.00031101  -0.00530802  -0.00177955   -0.0174045 -0.000197305  -0.00383288 -0.000937191  -0.00516797   -0.0033527   0.00115935  -0.00344116  -0.00571059 -3.07543e-17  -0.00471346  -0.00963482   -0.0231921  -0.00181151  -0.00423952 -0.000575977   -0.0225233  -0.00471156   -0.0105044   0.00118404  -0.00308878 -0.000761015   0.00604738   -0.0153253  0.000227462  -0.00754355     0.995571  -0.00248575 -9.78752e-05   0.00143922   0.00085921
  0.00277033  -0.00608763  -0.00190477  -0.00543404  5.36186e-05    0.0011364  -0.00442259  -0.00308661  -0.00668635  -0.00338739  -0.00307765  -0.00270315  1.43961e-16  -0.00324458   -0.0012263   -0.0121235  -0.00330142  -0.00574071  0.000272736  -0.00410385  -0.00384429  -0.00132761  -0.00305559  -0.00471902    0.0030569  -0.00369958  -0.00919068   0.00033798  -0.00322458  -0.00248575   0.00777302 -4.11642e-05  -0.00366127  -0.00483526
-0.000147106  0.000137557  8.41359e-05 -0.000792893 -0.000187563  0.000141049 -8.38932e-05 -0.000133702  0.000170749  0.000201462  2.42236e-06  3.79173e-05  1.12625e-17  8.63811e-05 -0.000422878 -0.000903973  4.41165e-05  0.000148153 -9.03371e-05  -0.00123434 -3.33631e-05 -0.000733328  0.000279708  0.000133139 -0.000186824  0.000450587 -0.000425573 -2.98519e-05 -0.000239379 -9.78752e-05 -4.11642e-05    0.0226366  8.42459e-05 -0.000265708
-5.77848e-05   0.00100557  0.000339612   0.00759035  0.000329925  0.000537365   0.00244445    0.0019122    0.0012992  0.000628219  0.000939119   0.00124596 -8.52461e-17   0.00103377   0.00448212    0.0124274  0.000980143  0.000954984  0.000500402    0.0122186   0.00138574   0.00628489  -0.00141346  0.000768652  6.29838e-05 -0.000342727   0.00609114  0.000469423    0.0024422   0.00143922  -0.00366127  8.42459e-05    0.0129243  -0.00614196
 -0.00157505   0.00403522    0.0021377   0.00233291 -0.000527562    0.0058037  -0.00310663  0.000962794   0.00275643   0.00185607   0.00157333   0.00570179 -1.10956e-16    0.0046157   0.00137746    0.0068594  0.000557635   0.00438064 -0.000607828   0.00202299   0.00185924  -0.00181242   0.00194979   0.00299884 -0.000434725   0.00112951   0.00527837 -0.000366917   0.00113602   0.00085921  -0.00483526 -0.000265708  -0.00614196    0.0101239
* row and column names
hk_i:2_j:2_zone:1.0
hk_i:12_j:12_zone:1.0
hk_i:37_j:17_zone:1.0
hk_i:22_j:12_zone:1.0
rch_i:2_j:7_zone:1.0
hk_i:37_j:7_zone:1.0
hk_i:2_j:12_zone:1.0
hk_i:27_j:17_zone:1.0
hk_i:7_j:12_zone:1.0
hk_i:17_j:2_zone:1.0
hk_i:17_j:17_zone:1.0
hk_i:32_j:2_zone:1.0
hk_i:7_j:7_zone:1.0
hk_i:37_j:12_zone:1.0
hk_i:32_j:7_zone:1.0
hk_i:27_j:12_zone:1.0
hk_i:2_j:17_zone:1.0
hk_i:12_j:17_zone:1.0
hk_i:2_j:7_zone:1.0
hk_i:27_j:7_zone:1.0
hk_i:32_j:17_zone:1.0
hk_i:22_j:7_zone:1.0
hk_i:27_j:2_zone:1.0
hk_i:7_j:17_zone:1.0
hk_i:7_j:2_zone:1.0
hk_i:22_j:2_zone:1.0
hk_i:32_j:12_zone:1.0
hk_i:12_j:2_zone:1.0
hk_i:17_j:12_zone:1.0
hk_i:22_j:17_zone:1.0
rch_i:32_j:7_zone:1.0
rch_i:7_j:7_zone:1.0
rch_i:27_j:7_zone:1.0
rch_i:22_j:7_zone:1.0
