    58    58     1
    0.960941    0.0137698    0.0040897   -0.0268975  -0.00172539    0.0132549    0.0477111  -0.00364138    0.0350127   -0.0102389  0.000342338  -0.00522423   -0.0178678   0.00530388   -0.0122161   -0.0122517    0.0140876    0.0103279   -0.0216066   -0.0470733  0.000441784   -0.0470055   -0.0294161    0.0126705   -0.0742304   -0.0601711  -0.00559747   -0.0106042   -0.0100465  -0.00384452 -0.000934561  -0.00154373 -0.000671317  -0.00120705  -0.00140141  -0.00149716  -0.00113814  -0.00059459  -0.00109607 -0.000428671  8.36714e-05 -0.000701296  -0.00133266  0.000830309  -0.00124537  0.000795098  -0.00125496 -0.000360089  -0.00125225  -0.00120436   -0.0012447  -0.00100369  -0.00110923 -0.000803775  -0.00101396 -0.000552302  -0.00115226  0.000282024
   0.0137698     0.958346  -0.00315203   -0.0196033  7.53273e-05   0.00529761    -0.115676   -0.0090882   -0.0908976  -0.00600154  -0.00972176 -0.000855135   -0.0517015  -0.00529934  -0.00626005   -0.0210788   -0.0350765   -0.0149089   -0.0293856   -0.0110982  -0.00890078  -0.00758328   0.00339736   -0.0260414    0.0250891    0.0069637   -0.0188738  0.000361819   -0.0190395   -0.0089149  0.000423281  -0.00111541 -0.000771983  -0.00113596 -0.000747733  -0.00121055  -0.00116755 -0.000784009  -0.00117534  -0.00048228  0.000156028 -0.000798017 -0.000906358 -0.000495804  -0.00115796 -0.000293251 -0.000954586 -0.000489583  -0.00107105 -0.000310058  -0.00100824    -0.001079 -0.000801858 -0.000885925  -0.00113838 -0.000555716  -0.00116517 -0.000505595
   0.0040897  -0.00315203     0.993997  0.000360055   0.00151289   -0.0327713  0.000126431  -0.00144326  -0.00016944   0.00144991  -0.00262727   -0.0135998   0.00783737   -0.0150434   -0.0101333   0.00316828  -0.00305038  -0.00374242   0.00599842  -0.00168229  -0.00141944   0.00766283   0.00217973  -0.00297284   0.00692612   0.00987545   0.00177844   0.00239978  -0.00141513  -0.00231319     0.002009   0.00103475  0.000377311   0.00059471  0.000818103   0.00103484  0.000855936   0.00104486  0.000568196  0.000980716   0.00178267  0.000286649  0.000841642   0.00158278  0.000906799   0.00164168  0.000593806  0.000496371    0.0005813   0.00141551  0.000575978  0.000674177    0.0016134   0.00146846  0.000495954   0.00169179  0.000591201   0.00159358
  -0.0268975   -0.0196033  0.000360055     0.866854  -0.00255052  -0.00300613   -0.0105192   -0.0286274   -0.0156164    0.0210167   -0.0135636   -0.0127835   -0.0352671  -0.00979502   -0.0632293    -0.150659  -0.00357854  -0.00523075   -0.0333326    -0.168286   -0.0192315   -0.0917528    0.0543118  -0.00453234   -0.0518489    0.0837507   -0.0944451  -0.00553354   -0.0540554   -0.0246862  -0.00239096  -0.00269755  -0.00120895  -0.00217827  -0.00234744  -0.00244935  -0.00161953 -0.000563164   -0.0020461 -0.000243734  -0.00153921  -0.00135654  -0.00239505 -0.000498838  -0.00183679 -0.000981634  -0.00215275 -0.000509003  -0.00219773  -0.00236922   -0.0021619   -0.0016325 -0.000150776 -0.000685463  -0.00196296 -4.30858e-06  -0.00210232  5.54512e-05
 -0.00172539  7.53273e-05   0.00151289  -0.00255052    0.0211054    0.0117281   0.00719544  -0.00116107    0.0033926   0.00246272 -0.000578483   0.00380469   0.00220593   0.00417729  0.000558905  -0.00382469   0.00105199  8.05363e-05  0.000104801  -0.00220437  -0.00122342  -0.00597016  -0.00170956  0.000383588   -0.0015721  0.000477144  -0.00430381  -0.00120714  -0.00151701 -0.000727078  -0.00158804 -0.000781944 -0.000320085 -0.000511903 -0.000881205 -0.000726648 -0.000597648 -0.000514013 -0.000496943 -0.000350458  -0.00131777 -0.000299229 -0.000788064 -0.000807545 -0.000629254  -0.00101889 -0.000551071 -0.000267905 -0.000508467  -0.00119792 -0.000518241 -0.000502154 -0.000700656 -0.000750668 -0.000458253 -0.000593425 -0.000508434 -0.000634135
   0.0132549   0.00529761   -0.0327713  -0.00300613    0.0117281     0.747663    0.0153912   0.00185286    0.0193539    0.0192918  -0.00191716    -0.113936    0.0297696   -0.0958212   -0.0999996   0.00660676  -0.00101282  -0.00497869     0.024835   -0.0743502    0.0045197   0.00305713  -0.00973913 -8.69678e-06    0.0145292    0.0449538    0.0110037    0.0100686   0.00337175  -0.00288441    0.0150094   0.00973938    0.0043575   0.00656743    0.0078335   0.00982855   0.00855316   0.00934268    0.0064589   0.00864513    0.0136839   0.00374527   0.00815785    0.0134817   0.00883323    0.0134094   0.00633771    0.0047048   0.00637762     0.011316   0.00625828   0.00708926    0.0134703     0.012377   0.00589258    0.0142495   0.00659374    0.0135719
   0.0477111    -0.115676  0.000126431   -0.0105192   0.00719544    0.0153912     0.533432  -0.00374902    -0.335124   -0.0394433  -0.00947843    0.0147628    -0.224893    0.0045989    0.0182516   0.00263572    -0.116371   -0.0229227    -0.122971    0.0136361  -0.00113315    0.0116209    0.0136936   -0.0723694    0.0859791     -0.01789   0.00670375   0.00520864   -0.0304394  -0.00562242   0.00751408  0.000476346  -0.00039854 -0.000403059   0.00236015 -0.000199676  -0.00064114 -0.000904471 -0.000495817  -0.00131398   0.00525704 -0.000368431   0.00138148 -5.03821e-05 -0.000510238   0.00207321  0.000215667 -0.000440751 -0.000276524    0.0042829 -7.41494e-05 -0.000577341  -0.00111707 -0.000623234 -0.000485417   -0.0019829 -0.000472667  -0.00145305
 -0.00364138   -0.0090882  -0.00144326   -0.0286274  -0.00116107   0.00185286  -0.00374902     0.991215  -0.00591553   0.00606099  -0.00608291  -0.00226099  -0.00220496  -0.00387343   -0.0137404   -0.0310624  -0.00456553  -0.00475692  -0.00432318   -0.0316799   -0.0071035   -0.0185222    0.0107439  -0.00454057  -0.00580012    0.0216863   -0.0223532 -0.000991641   -0.0146853  -0.00804079  -0.00121488  -0.00123625 -0.000628844  -0.00102723  -0.00111891  -0.00116704 -0.000918536 -0.000468521  -0.00100089 -0.000213209 -0.000999552 -0.000674566  -0.00114048 -0.000611378 -0.000973475  -0.00082527  -0.00100938 -0.000326334  -0.00102083   -0.0010926   -0.0010067  -0.00086783 -0.000352235 -0.000593941 -0.000962352 -0.000191033  -0.00101451 -0.000288155
   0.0350127   -0.0908976  -0.00016944   -0.0156164    0.0033926    0.0193539    -0.335124  -0.00591553     0.750452   -0.0312943  -0.00940436    0.0100319    -0.167434   0.00303354    0.0097013   -0.0148045   -0.0854286   -0.0214897   -0.0917223   0.00289112  -0.00525167   0.00145808   0.00483143   -0.0566595    0.0619726   -0.0207597  -0.00925688   0.00203669   -0.0258963  -0.00638114   0.00427798  -0.00022735 -0.000564462 -0.000691648   0.00080654 -0.000655447 -0.000909369  -0.00101042 -0.000789115  -0.00110631   0.00305754 -0.000528879  0.000310466 -0.000163582 -0.000827696   0.00117057 -0.000238495 -0.000543281 -0.000564711   0.00192669 -0.000416195 -0.000828097  -0.00121701 -0.000904302 -0.000763167  -0.00156838 -0.000761628  -0.00111225
  -0.0102389  -0.00600154   0.00144991    0.0210167   0.00246272    0.0192918   -0.0394433   0.00606099   -0.0312943     0.958868   0.00274441   0.00941206   -0.0466108   0.00523059    0.0286528    0.0305197  -0.00648363   0.00111287   -0.0264263    0.0398841   0.00478462    0.0205194    -0.026026  -0.00410026   -0.0256522   -0.0931836    0.0259715  -0.00348958   0.00737869   0.00457764   0.00372954  0.000669411  6.48849e-05  0.000245952   0.00113603  0.000390574  0.000125778 -0.000229522  0.000195928 -0.000703951   0.00361781  0.000121903  0.000953648   0.00165917  0.000191317   0.00283045  0.000490474 -0.000137664  0.000300566   0.00197357  0.000384593   8.1656e-05 -0.000583145  0.000176213  0.000182489 -0.000843565  0.000213872   0.00018929
 0.000342338  -0.00972176  -0.00262727   -0.0135636 -0.000578483  -0.00191716  -0.00947843  -0.00608291  -0.00940436   0.00274441     0.994445  -0.00220608 -0.000310178  -0.00533762  -0.00660311   -0.0118186  -0.00686119  -0.00546403  -0.00161606   -0.0104782  -0.00540242  -0.00539537   0.00528926  -0.00597018   0.00179906    0.0130985   -0.0106466  0.000121855  -0.00982592  -0.00607153 -0.000512847 -0.000849946 -0.000499678 -0.000780418   -0.0007712 -0.000825191 -0.000718425 -0.000351648 -0.000775276 -0.000148126 -0.000448421 -0.000541676 -0.000797185 -0.000336928 -0.000731835 -0.000421164 -0.000751993 -0.000246637 -0.000770274 -0.000580338 -0.000756168 -0.000675906 -0.000287285 -0.000414439 -0.000753428 -0.000119467 -0.000778725 -0.000167562
 -0.00522423 -0.000855135   -0.0135998   -0.0127835   0.00380469    -0.113936    0.0147628  -0.00226099    0.0100319   0.00941206  -0.00220608     0.926603  0.000529478   -0.0442483   -0.0748584   -0.0171646  0.000653506  -0.00424065  -0.00122118   -0.0792415  -0.00155033   -0.0516046   -0.0576519 -0.000626349   -0.0193894    -0.032309   -0.0145108   -0.0048635  -0.00300146  -0.00324993   0.00529257   0.00344732   0.00165051   0.00233963   0.00265028   0.00356879   0.00331243   0.00416384   0.00232103   0.00455283   0.00525373   0.00137139   0.00281584   0.00685828   0.00332572   0.00603726   0.00222283    0.0020054   0.00226461   0.00387675    0.0022085   0.00271281   0.00621497    0.0052643   0.00212052   0.00783671    0.0023614   0.00749631
  -0.0178678   -0.0517015   0.00783737   -0.0352671   0.00220593    0.0297696    -0.224893  -0.00220496    -0.167434   -0.0466108 -0.000310178  0.000529478     0.825109    0.0135144  -0.00363753   -0.0249991   -0.0477955 -0.000259073    -0.108002   -0.0527503   0.00219851   -0.0542505    -0.040185    -0.027032   -0.0426965     -0.11424  -0.00843028   -0.0120345   -0.0229573  -0.00243702   0.00411834 -0.000474215 -0.000429097 -0.000695846  0.000479358 -0.000839157 -0.000815572 -0.000779858  -0.00067514 -0.000979161   0.00420208 -0.000387451  0.000164414   0.00208547 -0.000850865   0.00336992 -0.000354097 -0.000412548 -0.000640129   0.00151488 -0.000508442 -0.000714838  -0.00152835 -0.000709747 -0.000606076  -0.00131355  -0.00070201  0.000250514
  0.00530388  -0.00529934   -0.0150434  -0.00979502   0.00417729   -0.0958212    0.0045989  -0.00387343   0.00303354   0.00523059  -0.00533762   -0.0442483    0.0135144     0.958139   -0.0396146  -0.00567004   -0.0045916  -0.00731261    0.0101065   -0.0291942  -0.00289196   0.00295042 -0.000228005  -0.00481315   0.00595982    0.0209384  -0.00341347   0.00407993  -0.00527729   -0.0057015   0.00563194   0.00311998   0.00126854   0.00191833    0.0024681   0.00315631    0.0027137   0.00323602   0.00186821   0.00307312   0.00517837   0.00101289   0.00256741   0.00501281   0.00282191   0.00502404   0.00188278   0.00156135    0.0018681   0.00399689   0.00184153   0.00217684   0.00480615   0.00439334   0.00166582   0.00523362   0.00192293   0.00503989
  -0.0122161  -0.00626005   -0.0101333   -0.0632293  0.000558905   -0.0999996    0.0182516   -0.0137404    0.0097013    0.0286528  -0.00660311   -0.0748584  -0.00363753   -0.0396146     0.893775     -0.08406   0.00115404  -0.00537588  -0.00921156    -0.153331   -0.0100731    -0.103729   -0.0428021 -0.000982719   -0.0304664   0.00871588    -0.060261  -0.00916487   -0.0223615   -0.0119034   0.00122399   0.00131037  0.000857921  0.000914889  0.000605155   0.00165359   0.00203211    0.0034926  0.000980289    0.0044512   0.00176457   0.00054843  0.000813495   0.00505486   0.00186242   0.00334432  0.000721017   0.00157233  0.000830704    0.0010136  0.000761706   0.00154413   0.00582828   0.00409293  0.000869709    0.0077347  0.000976375   0.00682633
  -0.0122517   -0.0210788   0.00316828    -0.150659  -0.00382469   0.00660676   0.00263572   -0.0310624   -0.0148045    0.0305197   -0.0118186   -0.0171646   -0.0249991  -0.00567004     -0.08406     0.787949    0.0036925   -0.0112138   -0.0229242    -0.206003   -0.0247771    -0.114163    0.0581788  -0.00571155   -0.0303433     0.104781    -0.134863  -0.00642416   -0.0516678   -0.0231882  -0.00447738  -0.00242801 -0.000810657  -0.00159506  -0.00222805   -0.0020284 -0.000915381 -0.000140065  -0.00151244  0.000474228  -0.00357638 -0.000891154  -0.00221017  -0.00121787  -0.00124458  -0.00250743  -0.00154862 -0.000365643  -0.00155379  -0.00348252   -0.0015254  -0.00108331   0.00125549 -0.000250914  -0.00144146   0.00146708  -0.00154577  0.000605368
   0.0140876   -0.0350765  -0.00305038  -0.00357854   0.00105199  -0.00101282    -0.116371  -0.00456553   -0.0854286  -0.00648363  -0.00686119  0.000653506   -0.0477955   -0.0045916   0.00115404    0.0036925     0.965864   -0.0104086   -0.0265141   0.00688252  -0.00404605   0.00414827    0.0020618   -0.0225885    0.0276759   0.00308293 -0.000445171   0.00175856   -0.0123302  -0.00542172   0.00122826 -0.000549692 -0.000497583 -0.000713323 -0.000154602 -0.000680635 -0.000738662 -0.000462104 -0.000735719 -0.000327999  0.000742203 -0.000529024 -0.000361739 -0.000282543 -0.000705751  7.93118e-05  -0.00057107 -0.000280353 -0.000678216  0.000471783 -0.000629668 -0.000676727 -0.000452972 -0.000470224 -0.000717956  -0.00042429 -0.000731058 -0.000403852
   0.0103279   -0.0149089  -0.00374242  -0.00523075  8.05363e-05  -0.00497869   -0.0229227  -0.00475692   -0.0214897   0.00111287  -0.00546403  -0.00424065 -0.000259073  -0.00731261  -0.00537588   -0.0112138   -0.0104086      0.99035   0.00169025  0.000323756  -0.00599892   0.00311088   0.00261712   -0.0103479    0.0181381    0.0128006   -0.0117157   0.00147729  -0.00603536  -0.00446033  8.61652e-05 -0.000290116 -0.000257157 -0.000348271 -0.000221105 -0.000298338  -0.00031057 -0.000122277 -0.000391033  8.78875e-05 -8.65327e-05 -0.000279453 -0.000275653 -0.000116611 -0.000294669 -0.000199937 -0.000268776 -0.000128343 -0.000308514 -8.89377e-05 -0.000286087 -0.000321946  9.91121e-05 -9.45515e-05 -0.000395002  0.000315225 -0.000371802   0.00013427
  -0.0216066   -0.0293856   0.00599842   -0.0333326  0.000104801     0.024835    -0.122971  -0.00432318   -0.0917223   -0.0264263  -0.00161606  -0.00122118    -0.108002    0.0101065  -0.00921156   -0.0229242   -0.0265141   0.00169025     0.929206   -0.0510376 -0.000218588   -0.0523616   -0.0325303   -0.0138603    -0.045048   -0.0781336   -0.0115269   -0.0107078   -0.0198446  -0.00430293   0.00125972   -0.0013002 -0.000703199  -0.00118108 -0.000655843  -0.00147088  -0.00125435 -0.000931168  -0.00112116 -0.000838828   0.00167847 -0.000688979 -0.000825806  0.000945286  -0.00132956   0.00152108  -0.00100954  -0.00051346  -0.00116167  -0.00010442  -0.00108526  -0.00109305  -0.00158862   -0.0011134   -0.0010305  -0.00116341  -0.00116304 -9.10839e-05
  -0.0470733   -0.0110982  -0.00168229    -0.168286  -0.00220437   -0.0743502    0.0136361   -0.0316799   0.00289112    0.0398841   -0.0104782   -0.0792415   -0.0527503   -0.0291942    -0.153331    -0.206003   0.00688252  0.000323756   -0.0510376      0.69577   -0.0197905    -0.202328   -0.0220264   0.00411051   -0.0987095    0.0328543    -0.132018    -0.019193   -0.0599548    -0.025897   -0.0017276  -0.00119687 -7.11386e-05 -0.000833814  -0.00139176 -0.000678171  0.000569251   0.00258201 -0.000615525   0.00377193 -0.000216373 -0.000403077  -0.00126017   0.00419398  0.000147765   0.00205679   -0.0010267  0.000972635 -0.000947959  -0.00154279 -0.000987936  0.000159695   0.00500101   0.00288958 -0.000606716   0.00698293 -0.000694676   0.00632226
 0.000441784  -0.00890078  -0.00141944   -0.0192315  -0.00122342    0.0045197  -0.00113315   -0.0071035  -0.00525167   0.00478462  -0.00540242  -0.00155033   0.00219851  -0.00289196   -0.0100731   -0.0247771  -0.00404605  -0.00599892 -0.000218588   -0.0197905     0.993212   -0.0127173   0.00541059    -0.005157   0.00110242    0.0156766   -0.0196324 -0.000763501   -0.0104598  -0.00626833  -0.00133525  -0.00110382 -0.000560935 -0.000888975  -0.00102836  -0.00104315 -0.000842332 -0.000491064 -0.000885268 -0.000195561  -0.00115995 -0.000584505  -0.00103449 -0.000697552 -0.000885727 -0.000960206  -0.00086046 -0.000329675 -0.000867515  -0.00113064 -0.000853644  -0.00078661 -0.000387367 -0.000643684 -0.000850113  -0.00016154 -0.000889761 -0.000318693
  -0.0470055  -0.00758328   0.00766283   -0.0917528  -0.00597016   0.00305713    0.0116209   -0.0185222   0.00145808    0.0205194  -0.00539537   -0.0516046   -0.0542505   0.00295042    -0.103729    -0.114163   0.00414827   0.00311088   -0.0523616    -0.202328   -0.0127173      0.81494    -0.095226   0.00375534   -0.0954264   -0.0752445   -0.0852595   -0.0269453   -0.0355012   -0.0138768  -0.00633619  -0.00398704  -0.00134449  -0.00267656  -0.00377497   -0.0035906  -0.00223955 -0.000384806  -0.00246121   0.00151656  -0.00434713  -0.00144159  -0.00366387  0.000824826  -0.00268163  -0.00155483  -0.00284774 -0.000439506  -0.00272344  -0.00494222  -0.00275195  -0.00201556  0.000181781  -0.00138149  -0.00225812   0.00305808  -0.00257593   0.00278321
  -0.0294161   0.00339736   0.00217973    0.0543118  -0.00170956  -0.00973913    0.0136936    0.0107439   0.00483143    -0.026026   0.00528926   -0.0576519    -0.040185 -0.000228005   -0.0428021    0.0581788    0.0020618   0.00261712   -0.0325303   -0.0220264   0.00541059    -0.095226     0.801174    0.0021071   -0.0680545    -0.243091    0.0205596   -0.0262706     0.019792   0.00987638 -0.000743622 -0.000701267 -0.000109238 -0.000388519  -0.00078184 -0.000694864  -0.00040713  0.000612177 -0.000357064    0.0022524  0.000509225 -9.47555e-05 -0.000659125   0.00414988 -0.000571994   0.00265451 -0.000436733  0.000197634 -0.000377186 -0.000976643 -0.000394944 -0.000263028  0.000796793  0.000139444 -0.000269617   0.00433598 -0.000390356   0.00475572
   0.0126705   -0.0260414  -0.00297284  -0.00453234  0.000383588 -8.69678e-06   -0.0723694  -0.00454057   -0.0566595  -0.00410026  -0.00597018 -0.000626349    -0.027032  -0.00481315 -0.000982719  -0.00571155   -0.0225885   -0.0103479   -0.0138603   0.00411051    -0.005157   0.00375534    0.0021071     0.982917    0.0234351   0.00536055  -0.00723617   0.00144486  -0.00896786  -0.00465615   0.00057051  -0.00042923 -0.000377799 -0.000520954 -0.000234197  -0.00049973 -0.000536156 -0.000347468 -0.000560683 -0.000183169  0.000279488 -0.000394708 -0.000338348 -0.000240073 -0.000511909 -8.78631e-05 -0.000403183 -0.000231891  -0.00047659   8.5056e-05 -0.000438995 -0.000508953 -0.000250315 -0.000341569 -0.000552443 -0.000146643 -0.000546209 -0.000203803
  -0.0742304    0.0250891   0.00692612   -0.0518489   -0.0015721    0.0145292    0.0859791  -0.00580012    0.0619726   -0.0256522   0.00179906   -0.0193894   -0.0426965   0.00595982   -0.0304664   -0.0303433    0.0276759    0.0181381    -0.045048   -0.0987095   0.00110242   -0.0954264   -0.0680545    0.0234351     0.852985    -0.133731   -0.0147994   -0.0216342   -0.0170861  -0.00594254  3.67946e-05  -0.00200124 -0.000855655  -0.00163291  -0.00156269  -0.00198167  -0.00142376 -0.000508324  -0.00145678  -0.00024555   0.00178948 -0.000916454  -0.00154834   0.00294989  -0.00160851    0.0029924  -0.00163714 -0.000373988  -0.00169945  -0.00098576  -0.00166242  -0.00128078  -0.00130091 -0.000680519  -0.00134032 -1.76802e-05  -0.00154418   0.00170966
  -0.0601711    0.0069637   0.00987545    0.0837507  0.000477144    0.0449538     -0.01789    0.0216863   -0.0207597   -0.0931836    0.0130985    -0.032309     -0.11424    0.0209384   0.00871588     0.104781   0.00308293    0.0128006   -0.0781336    0.0328543    0.0156766   -0.0752445    -0.243091   0.00536055    -0.133731      0.59155    0.0643387   -0.0352168     0.033037      0.01888   0.00336384 -0.000543744 -0.000300919 -0.000515727  0.000120719 -0.000927193 -0.000804058  -0.00035857 -0.000505214  0.000509093   0.00491096 -0.000154211  3.46818e-05   0.00586534 -0.000940705   0.00615543 -0.000242833 -0.000323224 -0.000442254  0.000844288 -0.000336924 -0.000632322 -0.000944228 -0.000394555 -0.000384004   0.00197284 -0.000542594   0.00414352
 -0.00559747   -0.0188738   0.00177844   -0.0944451  -0.00430381    0.0110037   0.00670375   -0.0223532  -0.00925688    0.0259715   -0.0106466   -0.0145108  -0.00843028  -0.00341347    -0.060261    -0.134863 -0.000445171   -0.0117157   -0.0115269    -0.132018   -0.0196324   -0.0852595    0.0205596  -0.00723617   -0.0147994    0.0643387     0.905359  -0.00664859   -0.0356533   -0.0168903    -0.004987  -0.00271046  -0.00104134   -0.0018472  -0.00263104  -0.00239357  -0.00157703 -0.000768254  -0.00179656  0.000143566  -0.00412521  -0.00108303   -0.0025547  -0.00158175  -0.00180965  -0.00292313  -0.00184431 -0.000585427  -0.00179974   -0.0037907  -0.00179052  -0.00150311 -0.000291326  -0.00132926  -0.00169568  0.000574692  -0.00182466 -5.90423e-05
  -0.0106042  0.000361819   0.00239978  -0.00553354  -0.00120714    0.0100686   0.00520864 -0.000991641   0.00203669  -0.00348958  0.000121855   -0.0048635   -0.0120345   0.00407993  -0.00916487  -0.00642416   0.00175856   0.00147729   -0.0107078    -0.019193 -0.000763501   -0.0269453   -0.0262706   0.00144486   -0.0216342   -0.0352168  -0.00664859     0.994018  -0.00228737 -0.000502201  -0.00113921 -0.000861866 -0.000334813 -0.000592451 -0.000774523 -0.000830492 -0.000625768 -0.000363279 -0.000560967 -3.18022e-05 -0.000707319 -0.000323421 -0.000753842  8.20605e-05   -0.0006945 -0.000218312 -0.000599802 -0.000216789 -0.000589257 -0.000983586 -0.000585861  -0.00053086 -0.000524969 -0.000617842  -0.00050987  3.96942e-05 -0.000581914  0.000188533
  -0.0100465   -0.0190395  -0.00141513   -0.0540554  -0.00151701   0.00337175   -0.0304394   -0.0146853   -0.0258963   0.00737869  -0.00982592  -0.00300146   -0.0229573  -0.00527729   -0.0223615   -0.0516678   -0.0123302  -0.00603536   -0.0198446   -0.0599548   -0.0104598   -0.0355012     0.019792  -0.00896786   -0.0170861     0.033037   -0.0356533  -0.00228737     0.971709   -0.0138214  -0.00136662  -0.00202553  -0.00105505  -0.00173698  -0.00174064  -0.00195556   -0.0015872 -0.000864814  -0.00167721 -0.000557181  -0.00101417  -0.00113358  -0.00180649 -0.000751829  -0.00166483 -0.000877645  -0.00169536  -0.00055668  -0.00173697  -0.00148826  -0.00170627  -0.00147251 -0.000961397  -0.00108899  -0.00160713 -0.000736717  -0.00170784 -0.000601117
 -0.00384452   -0.0089149  -0.00231319   -0.0246862 -0.000727078  -0.00288441  -0.00562242  -0.00804079  -0.00638114   0.00457764  -0.00607153  -0.00324993  -0.00243702   -0.0057015   -0.0119034   -0.0231882  -0.00542172  -0.00446033  -0.00430293    -0.025897  -0.00626833   -0.0138768   0.00987638  -0.00465615  -0.00594254      0.01888   -0.0168903 -0.000502201   -0.0138214     0.992211 -0.000647954  -0.00101853 -0.000561882   -0.0009128 -0.000914286 -0.000970775  -0.00078705 -0.000331956 -0.000888991 -0.000135561 -0.000494701 -0.000620061 -0.000942749 -0.000302056 -0.000822323  -0.00041248 -0.000893547 -0.000250847 -0.000912522 -0.000706678 -0.000898008 -0.000754607 -0.000213056 -0.000382584 -0.000862285 -7.57035e-05 -0.000899992  -0.00010625
-0.000934561  0.000423281     0.002009  -0.00239096  -0.00158804    0.0150094   0.00751408  -0.00121488   0.00427798   0.00372954 -0.000512847   0.00529257   0.00411834   0.00563194   0.00122399  -0.00447738   0.00122826  8.61652e-05   0.00125972   -0.0017276  -0.00133525  -0.00633619 -0.000743622   0.00057051  3.67946e-05   0.00336384    -0.004987  -0.00113921  -0.00136662 -0.000647954    0.0207955 -0.000924422 -0.000375504 -0.000600182 -0.000936583 -0.000870584 -0.000711142 -0.000635862 -0.000581968 -0.000444876  -0.00162843 -0.000345741 -0.000883943  -0.00110751 -0.000750914  -0.00135215 -0.000633522 -0.000328562 -0.000594647  -0.00132999 -0.000602346  -0.00059442 -0.000851038 -0.000932578 -0.000534606 -0.000756209 -0.000596178  -0.00085492
 -0.00154373  -0.00111541   0.00103475  -0.00269755 -0.000781944   0.00973938  0.000476346  -0.00123625  -0.00022735  0.000669411 -0.000849946   0.00344732 -0.000474215   0.00311998   0.00131037  -0.00242801 -0.000549692 -0.000290116   -0.0013002  -0.00119687  -0.00110382  -0.00398704 -0.000701267  -0.00042923  -0.00200124 -0.000543744  -0.00271046 -0.000861866  -0.00202553  -0.00101853 -0.000924422    0.0220149 -0.000293217 -0.000462258 -0.000568474 -0.000625233 -0.000527357 -0.000449682 -0.000449881  -0.00034244 -0.000806251 -0.000278749 -0.000572328 -0.000631492 -0.000549905 -0.000709783 -0.000462672 -0.000239554 -0.000456956 -0.000711915 -0.000453827 -0.000450464 -0.000608195 -0.000619118 -0.000418143 -0.000551918 -0.000459512  -0.00055125
-0.000671317 -0.000771983  0.000377311  -0.00120895 -0.000320085    0.0043575  -0.00039854 -0.000628844 -0.000564462  6.48849e-05 -0.000499678   0.00165051 -0.000429097   0.00126854  0.000857921 -0.000810657 -0.000497583 -0.000257157 -0.000703199 -7.11386e-05 -0.000560935  -0.00134449 -0.000109238 -0.000377799 -0.000855655 -0.000300919  -0.00104134 -0.000334813  -0.00105505 -0.000561882 -0.000375504 -0.000293217     0.022514 -0.000219502 -0.000253265 -0.000289672 -0.000249052 -0.000210794 -0.000214584 -0.000166164  -0.00032908 -0.000135108 -0.000259021 -0.000279332 -0.000257635 -0.000300588 -0.000216506 -0.000113045 -0.000216584 -0.000299768 -0.000214007 -0.000214087 -0.000286261 -0.000283048 -0.000200447 -0.000265346 -0.000218623 -0.000256627
 -0.00120705  -0.00113596   0.00059471  -0.00217827 -0.000511903   0.00656743 -0.000403059  -0.00102723 -0.000691648  0.000245952 -0.000780418   0.00233963 -0.000695846   0.00191833  0.000914889  -0.00159506 -0.000713323 -0.000348271  -0.00118108 -0.000833814 -0.000888975  -0.00267656 -0.000388519 -0.000520954  -0.00163291 -0.000515727   -0.0018472 -0.000592451  -0.00173698   -0.0009128 -0.000600182 -0.000462258 -0.000219502    0.0223099 -0.000401671 -0.000454701 -0.000387102  -0.00032038 -0.000336141 -0.000245725  -0.00052214  -0.00021158 -0.000409711 -0.000425655 -0.000402016 -0.000467952 -0.000341861 -0.000172737 -0.000340985 -0.000476393 -0.000337451 -0.000333211 -0.000431377  -0.00043408 -0.000313885 -0.000390963 -0.000342882 -0.000381211
 -0.00140141 -0.000747733  0.000818103  -0.00234744 -0.000881205    0.0078335   0.00236015  -0.00111891   0.00080654   0.00113603   -0.0007712   0.00265028  0.000479358    0.0024681  0.000605155  -0.00222805 -0.000154602 -0.000221105 -0.000655843  -0.00139176  -0.00102836  -0.00377497  -0.00078184 -0.000234197  -0.00156269  0.000120719  -0.00263104 -0.000774523  -0.00174064 -0.000914286 -0.000936583 -0.000568474 -0.000253265 -0.000401671    0.0220806 -0.000542621 -0.000454916 -0.000375357 -0.000390524 -0.000268865 -0.000788462 -0.000242711 -0.000542488 -0.000540484 -0.000475097 -0.000644192 -0.000415566 -0.000200029 -0.000398722 -0.000724974 -0.000400533 -0.000388141 -0.000505832 -0.000527657 -0.000363262  -0.00044003 -0.000398873 -0.000449347
 -0.00149716  -0.00121055   0.00103484  -0.00244935 -0.000726648   0.00982855 -0.000199676  -0.00116704 -0.000655447  0.000390574 -0.000825191   0.00356879 -0.000839157   0.00315631   0.00165359   -0.0020284 -0.000680635 -0.000298338  -0.00147088 -0.000678171  -0.00104315   -0.0035906 -0.000694864  -0.00049973  -0.00198167 -0.000927193  -0.00239357 -0.000830492  -0.00195556 -0.000970775 -0.000870584 -0.000625233 -0.000289672 -0.000454701 -0.000542621    0.0220399 -0.000522208 -0.000451167 -0.000443091 -0.000351115 -0.000763502 -0.000274584 -0.000552499 -0.000621056 -0.000543191 -0.000684336 -0.000451766 -0.000239539 -0.000448909 -0.000674722 -0.000444702   -0.0004456  -0.00061616 -0.000616717 -0.000411813 -0.000566048 -0.000452392  -0.00055658
 -0.00113814  -0.00116755  0.000855936  -0.00161953 -0.000597648   0.00855316  -0.00064114 -0.000918536 -0.000909369  0.000125778 -0.000718425   0.00331243 -0.000815572    0.0027137   0.00203211 -0.000915381 -0.000738662  -0.00031057  -0.00125435  0.000569251 -0.000842332  -0.00223955  -0.00040713 -0.000536156  -0.00142376 -0.000804058  -0.00157703 -0.000625768   -0.0015872  -0.00078705 -0.000711142 -0.000527357 -0.000249052 -0.000387102 -0.000454916 -0.000522208    0.0222019 -0.000400292 -0.000378537 -0.000321548 -0.000626232 -0.000235184 -0.000464212 -0.000533814 -0.000467428 -0.000572161 -0.000382648 -0.000209755 -0.000381487 -0.000558005 -0.000377332  -0.00038427 -0.000566155 -0.000544425  -0.00035195 -0.000526745 -0.000385941 -0.000503392
 -0.00059459 -0.000784009   0.00104486 -0.000563164 -0.000514013   0.00934268 -0.000904471 -0.000468521  -0.00101042 -0.000229522 -0.000351648   0.00416384 -0.000779858   0.00323602    0.0034926 -0.000140065 -0.000462104 -0.000122277 -0.000931168   0.00258201 -0.000491064 -0.000384806  0.000612177 -0.000347468 -0.000508324  -0.00035857 -0.000768254 -0.000363279 -0.000864814 -0.000331956 -0.000635862 -0.000449682 -0.000210794  -0.00032038 -0.000375357 -0.000451167 -0.000400292    0.0222538  -0.00031487 -0.000355668 -0.000576278 -0.000190488 -0.000387094 -0.000552057 -0.000409699 -0.000557638 -0.000313061   -0.0002034 -0.000313498 -0.000491319  -0.00030907 -0.000333806 -0.000590344 -0.000536526 -0.000290492 -0.000593061 -0.000320829 -0.000557426
 -0.00109607  -0.00117534  0.000568196   -0.0020461 -0.000496943    0.0064589 -0.000495817  -0.00100089 -0.000789115  0.000195928 -0.000775276   0.00232103  -0.00067514   0.00186821  0.000980289  -0.00151244 -0.000735719 -0.000391033  -0.00112116 -0.000615525 -0.000885268  -0.00246121 -0.000357064 -0.000560683  -0.00145678 -0.000505214  -0.00179656 -0.000560967  -0.00167721 -0.000888991 -0.000581968 -0.000449881 -0.000214584 -0.000336141 -0.000390524 -0.000443091 -0.000378537  -0.00031487    0.0223266 -0.000242243 -0.000507399 -0.000206613 -0.000398535 -0.000416978 -0.000392594 -0.000456617 -0.000332401 -0.000169652 -0.000331949 -0.000463179 -0.000328273 -0.000325814 -0.000424596  -0.00042573 -0.000306587 -0.000385427 -0.000334534 -0.000375275
-0.000428671  -0.00048228  0.000980716 -0.000243734 -0.000350458   0.00864513  -0.00131398 -0.000213209  -0.00110631 -0.000703951 -0.000148126   0.00455283 -0.000979161   0.00307312    0.0044512  0.000474228 -0.000327999  8.78875e-05 -0.000838828   0.00377193 -0.000195561   0.00151656    0.0022524 -0.000183169  -0.00024555  0.000509093  0.000143566 -3.18022e-05 -0.000557181 -0.000135561 -0.000444876  -0.00034244 -0.000166164 -0.000245725 -0.000268865 -0.000351115 -0.000321548 -0.000355668 -0.000242243    0.0222994 -0.000415077  -0.00014594 -0.000284226 -0.000489401 -0.000324879 -0.000445871 -0.000235231 -0.000176512  -0.00023955 -0.000351897 -0.000234374 -0.000266289 -0.000541361 -0.000458283 -0.000222943 -0.000597268 -0.000246655 -0.000543298
 8.36714e-05  0.000156028   0.00178267  -0.00153921  -0.00131777    0.0136839   0.00525704 -0.000999552   0.00305754   0.00361781 -0.000448421   0.00525373   0.00420208   0.00517837   0.00176457  -0.00357638  0.000742203 -8.65327e-05   0.00167847 -0.000216373  -0.00115995  -0.00434713  0.000509225  0.000279488   0.00178948   0.00491096  -0.00412521 -0.000707319  -0.00101417 -0.000494701  -0.00162843 -0.000806251  -0.00032908  -0.00052214 -0.000788462 -0.000763502 -0.000626232 -0.000576278 -0.000507399 -0.000415077    0.0211888 -0.000300475 -0.000759098  -0.00105578 -0.000659856  -0.00126162 -0.000546889 -0.000296093 -0.000516163  -0.00114078 -0.000521747 -0.000522353 -0.000762921 -0.000840254 -0.000465821 -0.000707249 -0.000519428 -0.000817603
-0.000701296 -0.000798017  0.000286649  -0.00135654 -0.000299229   0.00374527 -0.000368431 -0.000674566 -0.000528879  0.000121903 -0.000541676   0.00137139 -0.000387451   0.00101289   0.00054843 -0.000891154 -0.000529024 -0.000279453 -0.000688979 -0.000403077 -0.000584505  -0.00144159 -9.47555e-05 -0.000394708 -0.000916454 -0.000154211  -0.00108303 -0.000323421  -0.00113358 -0.000620061 -0.000345741 -0.000278749 -0.000135108  -0.00021158 -0.000242711 -0.000274584 -0.000235184 -0.000190488 -0.000206613  -0.00014594 -0.000300475    0.0225233  -0.00024773 -0.000249128 -0.000243537 -0.000271384 -0.000209147 -0.000103452 -0.000209223 -0.000278892 -0.000206831 -0.000203467 -0.000254477 -0.000255931 -0.000193591 -0.000231149 -0.000210477 -0.000224506
 -0.00133266 -0.000906358  0.000841642  -0.00239505 -0.000788064   0.00815785   0.00138148  -0.00114048  0.000310466  0.000953648 -0.000797185   0.00281584  0.000164414   0.00256741  0.000813495  -0.00221017 -0.000361739 -0.000275653 -0.000825806  -0.00126017  -0.00103449  -0.00366387 -0.000659125 -0.000338348  -0.00154834  3.46818e-05   -0.0025547 -0.000753842  -0.00180649 -0.000942749 -0.000883943 -0.000572328 -0.000259021 -0.000409711 -0.000542488 -0.000552499 -0.000464212 -0.000387094 -0.000398535 -0.000284226 -0.000759098  -0.00024773    0.0221256 -0.000555237 -0.000484502 -0.000644272 -0.000416971  -0.00020674 -0.000405957 -0.000680893 -0.000405511 -0.000396733 -0.000519212 -0.000538643 -0.000370772 -0.000460469 -0.000407023  -0.00046876
 0.000830309 -0.000495804   0.00158278 -0.000498838 -0.000807545    0.0134817 -5.03821e-05 -0.000611378 -0.000163582   0.00165917 -0.000336928   0.00685828   0.00208547   0.00501281   0.00505486  -0.00121787 -0.000282543 -0.000116611  0.000945286   0.00419398 -0.000697552  0.000824826   0.00414988 -0.000240073   0.00294989   0.00586534  -0.00158175  8.20605e-05 -0.000751829 -0.000302056  -0.00110751 -0.000631492 -0.000279332 -0.000425655 -0.000540484 -0.000621056 -0.000533814 -0.000552057 -0.000416978 -0.000489401  -0.00105578 -0.000249128 -0.000555237    0.0216757 -0.000551584  -0.00103068 -0.000425547 -0.000278089  -0.00041752  -0.00077641 -0.000415187 -0.000444817 -0.000759483 -0.000751084 -0.000383484 -0.000828955 -0.000425557  -0.00087927
 -0.00124537  -0.00115796  0.000906799  -0.00183679 -0.000629254   0.00883323 -0.000510238 -0.000973475 -0.000827696  0.000191317 -0.000731835   0.00332572 -0.000850865   0.00282191   0.00186242  -0.00124458 -0.000705751 -0.000294669  -0.00132956  0.000147765 -0.000885727  -0.00268163 -0.000571994 -0.000511909  -0.00160851 -0.000940705  -0.00180965   -0.0006945  -0.00166483 -0.000822323 -0.000750914 -0.000549905 -0.000257635 -0.000402016 -0.000475097 -0.000543191 -0.000467428 -0.000409699 -0.000392594 -0.000324879 -0.000659856 -0.000243537 -0.000484502 -0.000551584    0.0221709 -0.000597861  -0.00039809 -0.000215631 -0.000396407 -0.000586399 -0.000392299 -0.000397277 -0.000572966 -0.000558846 -0.000364891 -0.000529407 -0.000400507 -0.000510673
 0.000795098 -0.000293251   0.00164168 -0.000981634  -0.00101889    0.0134094   0.00207321  -0.00082527   0.00117057   0.00283045 -0.000421164   0.00603726   0.00336992   0.00502404   0.00334432  -0.00250743  7.93118e-05 -0.000199937   0.00152108   0.00205679 -0.000960206  -0.00155483   0.00265451 -8.78631e-05    0.0029924   0.00615543  -0.00292313 -0.000218312 -0.000877645  -0.00041248  -0.00135215 -0.000709783 -0.000300588 -0.000467952 -0.000644192 -0.000684336 -0.000572161 -0.000557638 -0.000456617 -0.000445871  -0.00126162 -0.000271384 -0.000644272  -0.00103068 -0.000597861    0.0214949 -0.000478485 -0.000284172  -0.00046065 -0.000937095 -0.000461836 -0.000477451 -0.000743608 -0.000786836 -0.000419621 -0.000756014 -0.000466694 -0.000849299
 -0.00125496 -0.000954586  0.000593806  -0.00215275 -0.000551071   0.00633771  0.000215667  -0.00100938 -0.000238495  0.000490474 -0.000751993   0.00222283 -0.000354097   0.00188278  0.000721017  -0.00154862  -0.00057107 -0.000268776  -0.00100954   -0.0010267  -0.00086046  -0.00284774 -0.000436733 -0.000403183  -0.00163714 -0.000242833  -0.00184431 -0.000599802  -0.00169536 -0.000893547 -0.000633522 -0.000462672 -0.000216506 -0.000341861 -0.000415566 -0.000451766 -0.000382648 -0.000313061 -0.000332401 -0.000235231 -0.000546889 -0.000209147 -0.000416971 -0.000425547  -0.00039809 -0.000478485    0.0223119 -0.000168494 -0.000338907 -0.000497555  -0.00033673 -0.000328787 -0.000421301   -0.0004288 -0.000310188  -0.00037713 -0.000339407 -0.000372539
-0.000360089 -0.000489583  0.000496371 -0.000509003 -0.000267905    0.0047048 -0.000440751 -0.000326334 -0.000543281 -0.000137664 -0.000246637    0.0020054 -0.000412548   0.00156135   0.00157233 -0.000365643 -0.000280353 -0.000128343  -0.00051346  0.000972635 -0.000329675 -0.000439506  0.000197634 -0.000231891 -0.000373988 -0.000323224 -0.000585427 -0.000216789  -0.00055668 -0.000250847 -0.000328562 -0.000239554 -0.000113045 -0.000172737 -0.000200029 -0.000239539 -0.000209755   -0.0002034 -0.000169652 -0.000176512 -0.000296093 -0.000103452  -0.00020674 -0.000278089 -0.000215631 -0.000284172 -0.000168494    0.0225495 -0.000169126   -0.0002567 -0.000166621 -0.000176922 -0.000289352 -0.000270039 -0.000157042 -0.000287793 -0.000172804 -0.000273335
 -0.00125225  -0.00107105    0.0005813  -0.00219773 -0.000508467   0.00637762 -0.000276524  -0.00102083 -0.000564711  0.000300566 -0.000770274   0.00226461 -0.000640129    0.0018681  0.000830704  -0.00155379 -0.000678216 -0.000308514  -0.00116167 -0.000947959 -0.000867515  -0.00272344 -0.000377186  -0.00047659  -0.00169945 -0.000442254  -0.00179974 -0.000589257  -0.00173697 -0.000912522 -0.000594647 -0.000456956 -0.000216584 -0.000340985 -0.000398722 -0.000448909 -0.000381487 -0.000313498 -0.000331949  -0.00023955 -0.000516163 -0.000209223 -0.000405957  -0.00041752 -0.000396407  -0.00046065 -0.000338907 -0.000169126    0.0223172 -0.000471333 -0.000334332 -0.000328462  -0.00042162  -0.00042542 -0.000310001 -0.000381465 -0.000338763 -0.000372411
 -0.00120436 -0.000310058   0.00141551  -0.00236922  -0.00119792     0.011316    0.0042829   -0.0010926   0.00192669   0.00197357 -0.000580338   0.00387675   0.00151488   0.00399689    0.0010136  -0.00348252  0.000471783 -8.89377e-05  -0.00010442  -0.00154279  -0.00113064  -0.00494222 -0.000976643   8.5056e-05  -0.00098576  0.000844288   -0.0037907 -0.000983586  -0.00148826 -0.000706678  -0.00132999 -0.000711915 -0.000299768 -0.000476393 -0.000724974 -0.000674722 -0.000558005 -0.000491319 -0.000463179 -0.000351897  -0.00114078 -0.000278892 -0.000680893  -0.00077641 -0.000586399 -0.000937095 -0.000497555   -0.0002567 -0.000471333    0.0216657 -0.000475451 -0.000469932 -0.000664769 -0.000705334 -0.000427258 -0.000586376 -0.000473689 -0.000625821
  -0.0012447  -0.00100824  0.000575978   -0.0021619 -0.000518241   0.00625828 -7.41494e-05   -0.0010067 -0.000416195  0.000384593 -0.000756168    0.0022085 -0.000508442   0.00184153  0.000761706   -0.0015254 -0.000629668 -0.000286087  -0.00108526 -0.000987936 -0.000853644  -0.00275195 -0.000394944 -0.000438995  -0.00166242 -0.000336924  -0.00179052 -0.000585861  -0.00170627 -0.000898008 -0.000602346 -0.000453827 -0.000214007 -0.000337451 -0.000400533 -0.000444702 -0.000377332  -0.00030907 -0.000328273 -0.000234374 -0.000521747 -0.000206831 -0.000405511 -0.000415187 -0.000392299 -0.000461836  -0.00033673 -0.000166621 -0.000334332 -0.000475451    0.0223232 -0.000324637 -0.000415654 -0.000421081 -0.000306487 -0.000374226 -0.000335112 -0.000367217
 -0.00100369    -0.001079  0.000674177   -0.0016325 -0.000502154   0.00708926 -0.000577341  -0.00086783 -0.000828097   8.1656e-05 -0.000675906   0.00271281 -0.000714838   0.00217684   0.00154413  -0.00108331 -0.000676727 -0.000321946  -0.00109305  0.000159695  -0.00078661  -0.00201556 -0.000263028 -0.000508953  -0.00128078 -0.000632322  -0.00150311  -0.00053086  -0.00147251 -0.000754607  -0.00059442 -0.000450464 -0.000214087 -0.000333211 -0.000388141   -0.0004456  -0.00038427 -0.000333806 -0.000325814 -0.000266289 -0.000522353 -0.000203467 -0.000396733 -0.000444817 -0.000397277 -0.000477451 -0.000328787 -0.000176922 -0.000328462 -0.000469932 -0.000324637    0.0223266 -0.000462102 -0.000450868 -0.000303538 -0.000430272 -0.000332078 -0.000413918
 -0.00110923 -0.000801858    0.0016134 -0.000150776 -0.000700656    0.0134703  -0.00111707 -0.000352235  -0.00121701 -0.000583145 -0.000287285   0.00621497  -0.00152835   0.00480615   0.00582828   0.00125549 -0.000452972  9.91121e-05  -0.00158862   0.00500101 -0.000387367  0.000181781  0.000796793 -0.000250315  -0.00130091 -0.000944228 -0.000291326 -0.000524969 -0.000961397 -0.000213056 -0.000851038 -0.000608195 -0.000286261 -0.000431377 -0.000505832  -0.00061616 -0.000566155 -0.000590344 -0.000424596 -0.000541361 -0.000762921 -0.000254477 -0.000519212 -0.000759483 -0.000572966 -0.000743608 -0.000421301 -0.000289352  -0.00042162 -0.000664769 -0.000415654 -0.000462102    0.0217108 -0.000801764 -0.000389762 -0.000935943  -0.00043274 -0.000835294
