    58    58     1
    0.994489   0.00417552  0.000731112   -0.0179114  -0.00121644   0.00114916    0.0269559  -0.00477326    0.0198213   0.00866078  -0.00218342  -0.00304902   0.00893101 -0.000337515   -0.0102067   -0.0169972   0.00559279  0.000408655   0.00244439   -0.0255995  -0.00323522   -0.0144333   0.00455349   0.00349847   -0.0096359    0.0144816   -0.0126433 -3.71639e-05  -0.00657883  -0.00410275   -0.0011662   -0.0011283 -0.000421258 -0.000957492  -0.00114715 -0.000970677 -0.000614277 -0.000186872 -0.000864814 -3.52006e-05 -0.000919713 -0.000481347  -0.00111274 -0.000370681  -0.00071071 -0.000635501  -0.00104591 -0.000162863  -0.00099214  -0.00104158  -0.00102015 -0.000593475 -0.000120681 -0.000310077 -0.000806966  1.53479e-05 -0.000902885 -8.57475e-05
  0.00417552     0.957761  -0.00180286    -0.020061  0.000640908  -0.00620459    -0.119006  -0.00871752   -0.0960219  -0.00819139  -0.00987642   -0.0063462   -0.0569212  -0.00715846    -0.010979   -0.0163524   -0.0356225   -0.0140777   -0.0339742    -0.019998  -0.00710965   -0.0149838  -0.00764965   -0.0262625   0.00632052   -0.0110427   -0.0153227   -0.0027632   -0.0202403  -0.00897556   0.00113223  -0.00117568 -0.000733239  -0.00156049 -0.000477029  -0.00133592  -0.00113266 -0.000430182  -0.00152982 -8.40752e-05   0.00100139 -0.000814221 -0.000775143  0.000430728  -0.00119226  0.000670092   -0.0012459 -0.000325303  -0.00149556  0.000200129  -0.00139403  -0.00106991 -0.000478985 -0.000541672  -0.00142811  9.45115e-06  -0.00155346  0.000221634
 0.000731112  -0.00180286     0.994708   0.00149093   0.00142385   -0.0320823   0.00148359 -0.000186162  0.000428956  0.000609913  -0.00177096   -0.0113584   0.00596599   -0.0146712  -0.00983667   0.00284961  -0.00181462  -0.00304653   0.00447641  -0.00206475 -0.000555678   0.00452773 -0.000420008  -0.00213097    0.0024111    0.0043226  0.000465038  0.000671503 -0.000248083 -0.000994979   0.00146759   0.00150518  0.000684547   0.00118587   0.00126035   0.00150226   0.00127389   0.00112217   0.00114621   0.00102311    0.0013371  0.000587633   0.00130071   0.00132362   0.00131696   0.00131461   0.00114162  0.000652955   0.00116451   0.00134371    0.0011434   0.00110135   0.00146921   0.00137134   0.00103615   0.00143263   0.00117636   0.00135967
  -0.0179114    -0.020061   0.00149093     0.879266   -0.0035726   -0.0226011  -0.00317266   -0.0293217    -0.009346    0.0355472   -0.0143122   -0.0354691   -0.0258433   -0.0127879   -0.0807216    -0.129586  -0.00387058  -0.00827504   -0.0266238    -0.181417   -0.0207879   -0.0995626    0.0142525  -0.00547555   -0.0387216    0.0640659   -0.0930938  -0.00304494    -0.049841   -0.0244883  -0.00305694   -0.0040787  -0.00148597   -0.0037074  -0.00379249  -0.00345804  -0.00169693  0.000282358  -0.00333985   0.00107884  -0.00218066  -0.00184985  -0.00385361  6.64699e-05  -0.00221173  -0.00110641  -0.00379644 -0.000233977  -0.00379977  -0.00322083  -0.00381426  -0.00191826   0.00154623  0.000159721  -0.00315254    0.0021806  -0.00348281   0.00158071
 -0.00121644  0.000640908   0.00142385   -0.0035726     0.021564   0.00995313   0.00778781  -0.00141407    0.0044751   0.00121066 -0.000572657   0.00312813  0.000835311   0.00385152   0.00161477  -0.00369109   0.00149052  0.000250627  0.000167062  -0.00264168  -0.00106768  -0.00317079  0.000725641   0.00072365  -0.00232117  0.000842146  -0.00264884 -0.000205156  -0.00160416  -0.00105748 -0.000849833 -0.000811948 -0.000348095 -0.000661142 -0.000906312 -0.000751994 -0.000595422 -0.000420545  -0.00063045 -0.000340455 -0.000674754 -0.000334406 -0.000821909 -0.000487775 -0.000628935 -0.000545938 -0.000700207 -0.000260641 -0.000664804 -0.000852387 -0.000676067 -0.000535274 -0.000515962 -0.000526333  -0.00057982 -0.000456567 -0.000646879   -0.0004462
  0.00114916  -0.00620459   -0.0320823   -0.0226011   0.00995313     0.766726   0.00653899  8.74676e-05   0.00463558    0.0170658  -0.00500592      -0.0933    0.0258326   -0.0989167   -0.0967512   -0.0220025  -0.00327386   -0.0118141    0.0187468   -0.0805238 -0.000500555  -0.00405661    0.0032358  -0.00512662   0.00464122    0.0553609   -0.0224292   0.00372942  -0.00691172  -0.00347875   0.00999229    0.0113364   0.00544681   0.00941105   0.00946703    0.0114516   0.00999209   0.00853909   0.00918211   0.00778385   0.00918806    0.0047997   0.00980054   0.00975114    0.0102318   0.00935656   0.00899072   0.00498088   0.00921991    0.0094639   0.00904802   0.00868958    0.0111209     0.010307   0.00836248    0.0108876   0.00937807     0.010256
   0.0269559    -0.119006   0.00148359  -0.00317266   0.00778781   0.00653899     0.538586   0.00026874    -0.347421   -0.0501457  -0.00790101  -0.00159436     -0.21782   0.00241532    0.0023778   0.00642901    -0.113862   -0.0226426    -0.125834   0.00226824   0.00148114   -0.0160514   -0.0315791   -0.0730581    0.0430151   -0.0760014   0.00516824  -0.00934491   -0.0279551  -0.00221048   0.00720565   0.00115193 -0.000290129  -0.00031727   0.00408411  6.44273e-05 -0.000562148 -0.000505676 -0.000490681 -0.000381175   0.00549828  -0.00023959    0.0026401   0.00170046 -0.000434844   0.00325495  0.000982056 -0.000286911 -2.80318e-05     0.005018  0.000400703 -0.000480145 -0.000733243 -0.000329929 -0.000442162 -0.000389209 -0.000457958  0.000350147
 -0.00477326  -0.00871752 -0.000186162   -0.0293217  -0.00141407  8.74676e-05   0.00026874     0.989916  -0.00358121   0.00780523  -0.00692733  -0.00547242  -0.00385981  -0.00317409   -0.0158992   -0.0295831  -0.00406438  -0.00564957  -0.00522726   -0.0375572  -0.00788836   -0.0217044   0.00274564  -0.00478625  -0.00929854    0.0129917   -0.0228775 -0.000750296   -0.0149797  -0.00902961  -0.00116304  -0.00189111 -0.000833473  -0.00180905  -0.00168007  -0.00173892  -0.00118071 -0.000384616  -0.00169651  -6.5646e-05 -0.000884489 -0.000933005  -0.00173253 -0.000362932  -0.00133094 -0.000632195   -0.0017915 -0.000348336  -0.00182103  -0.00132328  -0.00181338  -0.00117293  -0.00017475 -0.000514064  -0.00159218  0.000100261  -0.00174501 -6.49954e-06
   0.0198213   -0.0960219  0.000428956    -0.009346    0.0044751   0.00463558    -0.347421  -0.00358121     0.733231   -0.0370383  -0.00943415  -0.00232262    -0.166593 -0.000394361   -0.0010735   -0.0020868   -0.0888844   -0.0208768   -0.0955726   -0.0040439   -0.0022964   -0.0155607   -0.0244119   -0.0589901     0.031411   -0.0561821  -0.00277868  -0.00736107    -0.026561   -0.0052169    0.0047736   6.1601e-05 -0.000566724 -0.000976327   0.00192127 -0.000664341 -0.000971383  -0.00062881  -0.00108104 -0.000385531   0.00377656 -0.000556651   0.00104459   0.00119949 -0.000911275   0.00230503 -6.85225e-05 -0.000393047 -0.000765036   0.00286081 -0.000466197  -0.00087616 -0.000833672 -0.000577992  -0.00099735 -0.000388632  -0.00106784  0.000206334
  0.00866078  -0.00819139  0.000609913    0.0355472   0.00121066    0.0170658   -0.0501457   0.00780523   -0.0370383     0.981795   0.00279974    0.0144538   -0.0173598   0.00721862    0.0279946     0.037338   -0.0121072 -0.000549249  -0.00614739    0.0574666   0.00548838    0.0284615  -0.00853734  -0.00730319      0.01697   -0.0329533    0.0281111 -0.000337969    0.0114075   0.00635692   0.00118185  0.000760414  0.000141268  0.000578054  0.000963875  0.000493651  7.44347e-05 -0.000410756   0.00047002 -0.000601705  0.000820423  0.000274264  0.000870099 -0.000229301  0.000197025  0.000279836  0.000742044 -0.000179998  0.000641331  0.000943039  0.000692936   0.00013153 -0.000602502 -0.000304691  0.000452716  -0.00088497  0.000505216 -0.000702529
 -0.00218342  -0.00987642  -0.00177096   -0.0143122 -0.000572657  -0.00500592  -0.00790101  -0.00692733  -0.00943415   0.00279974      0.99362  -0.00383853  -0.00306312  -0.00564645  -0.00814011   -0.0120158  -0.00690512  -0.00646324  -0.00326529   -0.0148336   -0.0057767   -0.0083487  0.000257777  -0.00668653  -0.00333854   0.00511558   -0.0112273 -0.000392836   -0.0102266    -0.006811 -0.000345468  -0.00115316  -0.00056079  -0.00122485 -0.000963291  -0.00109891 -0.000812965 -0.000237667  -0.00116238 -7.97361e-06 -0.000221089 -0.000641921  -0.00102934 -4.97467e-05 -0.000888436 -0.000143045  -0.00118365 -0.000208603  -0.00122609 -0.000593117  -0.00121486 -0.000792441 -0.000177366 -0.000333085  -0.00109374  8.14764e-05  -0.00118974  7.47556e-05
 -0.00304902   -0.0063462   -0.0113584   -0.0354691   0.00312813      -0.0933  -0.00159436  -0.00547242  -0.00232262    0.0144538  -0.00383853     0.956112   0.00126839   -0.0394108   -0.0553776   -0.0378918  -0.00157037  -0.00514851 -0.000230852   -0.0731325  -0.00390821   -0.0249614   0.00440203  -0.00238355  -0.00665757    0.0357492   -0.0293858  0.000651995   -0.0128518   -0.0056445   0.00322651   0.00364962   0.00186975   0.00300956   0.00297212   0.00381841   0.00359459   0.00338837   0.00298817   0.00324496   0.00309553   0.00154494   0.00309441   0.00379603   0.00358627   0.00339482   0.00283402   0.00191095   0.00291955   0.00302174   0.00285348   0.00305637   0.00460743   0.00402802   0.00270275   0.00465234   0.00303799   0.00429556
  0.00893101   -0.0569212   0.00596599   -0.0258433  0.000835311    0.0258326     -0.21782  -0.00385981    -0.166593   -0.0173598  -0.00306312   0.00126839     0.881785    0.0127472  -0.00693071   -0.0237111   -0.0510476  -0.00681891   -0.0700396   -0.0358107  -0.00142547   -0.0330165   -0.0115315   -0.0318518    0.0106993   -0.0264493   -0.0147546  -0.00593012   -0.0210295  -0.00336083    0.0012522  -0.00118418 -0.000800214  -0.00143967 -0.000209411  -0.00149016  -0.00134619 -0.000935908  -0.00143866 -0.000716072  0.000947043 -0.000770485 -0.000607106 -0.000138415  -0.00139394   0.00033847 -0.000954305 -0.000588535  -0.00132296  0.000264349  -0.00115412  -0.00122256  -0.00111738  -0.00105579  -0.00132344 -0.000851382  -0.00146334 -0.000546897
-0.000337515  -0.00715846   -0.0146712   -0.0127879   0.00385152   -0.0989167   0.00241532  -0.00317409 -0.000394361   0.00721862  -0.00564645   -0.0394108    0.0127472     0.955321    -0.041601   -0.0110449   -0.0047678  -0.00876142   0.00853417   -0.0337753   -0.0030527  -0.00162167   0.00092624  -0.00573688   0.00147782    0.0228805   -0.0120943   0.00154834  -0.00696608  -0.00481538   0.00400114   0.00409934   0.00196705   0.00324889   0.00342089    0.0041712   0.00371864   0.00341447   0.00318664   0.00321327   0.00372035   0.00165067   0.00352643   0.00399253   0.00377683   0.00380356   0.00309185    0.0019492   0.00316866   0.00363292   0.00310085   0.00318902   0.00457318   0.00411765   0.00288406   0.00456533   0.00325354   0.00428529
  -0.0102067    -0.010979  -0.00983667   -0.0807216   0.00161477   -0.0967512    0.0023778   -0.0158992   -0.0010735    0.0279946  -0.00814011   -0.0553776  -0.00693071    -0.041601      0.91563   -0.0872958  -0.00076064  -0.00658148  -0.00960057    -0.141634   -0.0110483   -0.0630974    0.0103357  -0.00241265   -0.0220093    0.0593672   -0.0637742 -0.000497454   -0.0303603   -0.0140915   0.00182962    0.0020108   0.00128186   0.00157767   0.00145163   0.00243033   0.00292266   0.00343148   0.00170447   0.00356452   0.00203783  0.000833903   0.00155104   0.00361957    0.0027053   0.00275309   0.00135604   0.00177311   0.00144963   0.00165258   0.00137544    0.0022935   0.00520129   0.00404484   0.00149389   0.00539004   0.00169571   0.00475899
  -0.0169972   -0.0163524   0.00284961    -0.129586  -0.00369109   -0.0220025   0.00642901   -0.0295831   -0.0020868     0.037338   -0.0120158   -0.0378918   -0.0237111   -0.0110449   -0.0872958     0.850862   0.00177229  -0.00672919   -0.0246737    -0.198031   -0.0210486    -0.106813     0.014861  -0.00197429   -0.0400291    0.0656069    -0.103705  -0.00292124   -0.0494743   -0.0233797  -0.00324768  -0.00378436  -0.00126148  -0.00327266  -0.00355452   -0.0030996  -0.00116682  0.000578014  -0.00291176   0.00132958   -0.0023403  -0.00158069   -0.0035871  0.000124081  -0.00173796  -0.00118002  -0.00336388 -0.000147509  -0.00336178  -0.00329357  -0.00336883  -0.00154295   0.00239193  0.000686269  -0.00275245   0.00275142  -0.00304778   0.00193974
  0.00559279   -0.0356225  -0.00181462  -0.00387058   0.00149052  -0.00327386    -0.113862  -0.00406438   -0.0888844   -0.0121072  -0.00690512  -0.00157037   -0.0510476   -0.0047678  -0.00076064   0.00177229     0.967071   -0.0108888   -0.0298158   0.00220003  -0.00338649   -0.0027396  -0.00835868    -0.023096    0.0102313   -0.0182095  -0.00118255  -0.00227951    -0.012144  -0.00504857   0.00162205 -0.000444922 -0.000449482  -0.00089268  0.000312622 -0.000684815 -0.000707604 -0.000310112 -0.000901162 -0.000131966   0.00129487 -0.000491503 -4.29913e-05  0.000414056   -0.0007072  0.000780953 -0.000567862 -0.000214734 -0.000824419  0.000861472 -0.000721538 -0.000659128 -0.000385131 -0.000336008 -0.000843764 -0.000114239  -0.00090814  9.70086e-05
 0.000408655   -0.0140777  -0.00304653  -0.00827504  0.000250627   -0.0118141   -0.0226426  -0.00564957   -0.0208768 -0.000549249  -0.00646324  -0.00514851  -0.00681891  -0.00876142  -0.00658148  -0.00672919   -0.0108888     0.991593  -0.00427691  -0.00593634  -0.00515577  -0.00225391  -0.00205483  -0.00981189   0.00115437  0.000161099  -0.00801157 -0.000282103  -0.00892961  -0.00586574  0.000441754 -0.000540583 -0.000322942 -0.000748761 -0.000281212 -0.000567851 -0.000447639 -4.04796e-05 -0.000728253  0.000151191  0.000427888 -0.000390694 -0.000399793  0.000337687  -0.00048068  0.000361621 -0.000648523  -7.2894e-05 -0.000733007  6.89647e-05  -0.00070362  -0.00044854  4.80743e-06 -7.53877e-05 -0.000688529  0.000273698 -0.000737349  0.000324947
  0.00244439   -0.0339742   0.00447641   -0.0266238  0.000167062    0.0187468    -0.125834  -0.00522726   -0.0955726  -0.00614739  -0.00326529 -0.000230852   -0.0700396   0.00853417  -0.00960057   -0.0246737   -0.0298158  -0.00427691     0.956308   -0.0367382  -0.00274101   -0.0291873  -0.00471224   -0.0184667   0.00120818  -0.00884849   -0.0164863  -0.00376913   -0.0172632  -0.00452842  0.000219584  -0.00148221 -0.000805177   -0.0015671 -0.000643749   -0.0016206  -0.00130995 -0.000786581  -0.00150822 -0.000548657  8.37196e-05 -0.000813679  -0.00098987  -0.00039345  -0.00140036 -0.000222445   -0.0012579 -0.000518112  -0.00150537  -0.00030159  -0.00139685  -0.00120553 -0.000888058 -0.000953215  -0.00139126 -0.000634045  -0.00154967 -0.000494175
  -0.0255995    -0.019998  -0.00206475    -0.181417  -0.00264168   -0.0805238   0.00226824   -0.0375572   -0.0040439    0.0574666   -0.0148336   -0.0731325   -0.0358107   -0.0337753    -0.141634    -0.198031   0.00220003  -0.00593634   -0.0367382     0.705767   -0.0254058    -0.152756    0.0236899 -0.000431653   -0.0572296     0.109305     -0.13974  -0.00376948   -0.0677285   -0.0306764  -0.00216584  -0.00232455 -0.000357652  -0.00207553  -0.00256394   -0.0013751  0.000711526   0.00278696  -0.00163087   0.00355026  -0.00112407  -0.00099885  -0.00249527   0.00239207  4.60165e-05   0.00053526  -0.00236188   0.00108819  -0.00226415  -0.00215475   -0.0023383  2.46088e-05   0.00534057   0.00313284  -0.00162453   0.00591078  -0.00177414    0.0047941
 -0.00323522  -0.00710965 -0.000555678   -0.0207879  -0.00106768 -0.000500555   0.00148114  -0.00788836   -0.0022964   0.00548838   -0.0057767  -0.00390821  -0.00142547   -0.0030527   -0.0110483   -0.0210486  -0.00338649  -0.00515577  -0.00274101   -0.0254058     0.993593   -0.0145126   0.00169909  -0.00425047  -0.00634192    0.0090101   -0.0168145  -0.00045697   -0.0112216  -0.00713469 -0.000844358  -0.00144283 -0.000651383  -0.00139987  -0.00128668  -0.00133603 -0.000932165 -0.000316965  -0.00132282 -6.52472e-05 -0.000633177  -0.00072642  -0.00132336 -0.000261778  -0.00103857 -0.000450513  -0.00137784 -0.000276402  -0.00140475 -0.000993771  -0.00139656 -0.000921146  -0.00018508  -0.00042071  -0.00124285  4.58672e-05  -0.00135612 -1.85904e-05
  -0.0144333   -0.0149838   0.00452773   -0.0995626  -0.00317079  -0.00405661   -0.0160514   -0.0217044   -0.0155607    0.0284615   -0.0083487   -0.0249614   -0.0330165  -0.00162167   -0.0630974    -0.106813   -0.0027396  -0.00225391   -0.0291873    -0.152756   -0.0145126     0.912881    0.0120784  -0.00226195   -0.0325613    0.0509962   -0.0748657  -0.00320178   -0.0390549   -0.0173973  -0.00286005  -0.00345777  -0.00126331  -0.00302374  -0.00318604  -0.00297207  -0.00155872 -4.82441e-05   -0.0027285  0.000550493  -0.00214919  -0.00151652  -0.00323907 -0.000357857  -0.00196899  -0.00128794  -0.00308054 -0.000317067   -0.0030906  -0.00285744  -0.00309312  -0.00167799  0.000796505  -0.00022702  -0.00256568   0.00126238  -0.00284788  0.000813472
  0.00455349  -0.00764965 -0.000420008    0.0142525  0.000725641    0.0032358   -0.0315791   0.00274564   -0.0244119  -0.00853734  0.000257777   0.00440203   -0.0115315   0.00092624    0.0103357     0.014861  -0.00835868  -0.00205483  -0.00471224    0.0236899   0.00169909    0.0120784     0.995372  -0.00576233   0.00849485   -0.0147499    0.0104938  -0.00025718   0.00330796   0.00207269  0.000785666   0.00042272  8.92734e-05  0.000282517   0.00053706  0.000284534   7.1926e-05 -0.000122349  0.000226102 -0.000178315  0.000608498  0.000138799   0.00048122  9.53962e-05  0.000132859  0.000345675  0.000381419 -4.17017e-05  0.000317111  0.000572605  0.000348102  9.67524e-05 -0.000233093 -8.03973e-05  0.000216743 -0.000279907  0.000245493  -0.00016259
  0.00349847   -0.0262625  -0.00213097  -0.00547555   0.00072365  -0.00512662   -0.0730581  -0.00478625   -0.0589901  -0.00730319  -0.00668653  -0.00238355   -0.0318518  -0.00573688  -0.00241265  -0.00197429    -0.023096  -0.00981189   -0.0184667 -0.000431653  -0.00425047  -0.00226195  -0.00576233     0.982709    0.0064196   -0.0108611  -0.00417931  -0.00143435   -0.0106205  -0.00536715  0.000974068 -0.000576406 -0.000432714 -0.000891749 -9.61766e-05 -0.000714763 -0.000666486 -0.000260356 -0.000889377 -6.91292e-05   0.00082214 -0.000479191 -0.000311662  0.000312567 -0.000680666  0.000529623 -0.000675029 -0.000192139 -0.000845341  0.000368465 -0.000777474 -0.000630261 -0.000304026 -0.000302084 -0.000834245 -2.95576e-05 -0.000897016  0.000120172
  -0.0096359   0.00632052    0.0024111   -0.0387216  -0.00232117   0.00464122    0.0430151  -0.00929854     0.031411      0.01697  -0.00333854  -0.00665757    0.0106993   0.00147782   -0.0220093   -0.0400291    0.0102313   0.00115437   0.00120818   -0.0572296  -0.00634192   -0.0325613   0.00849485    0.0064196     0.981356    0.0284039   -0.0289526 -0.000356427   -0.0135051  -0.00746316  -0.00224136      -0.0021 -0.000772209  -0.00173714    -0.002103  -0.00181042  -0.00112874 -0.000373634  -0.00157729 -8.02555e-05  -0.00177275 -0.000868535  -0.00204811 -0.000709902  -0.00131252  -0.00122423  -0.00186821 -0.000318661  -0.00179003  -0.00199622  -0.00182764  -0.00109406 -0.000254278  -0.00060881  -0.00147053  1.54097e-05  -0.00164336 -0.000170394
   0.0144816   -0.0110427    0.0043226    0.0640659  0.000842146    0.0553609   -0.0760014    0.0129917   -0.0561821   -0.0329533   0.00511558    0.0357492   -0.0264493    0.0228805    0.0593672    0.0656069   -0.0182095  0.000161099  -0.00884849     0.109305    0.0090101    0.0509962   -0.0147499   -0.0108611    0.0284039     0.936771    0.0505769 -0.000715907    0.0210387    0.0110069  0.000777665 -2.56987e-05 -0.000384213 -0.000101314  0.000511766 -0.000468736 -0.000956612  -0.00162195 -0.000253337   -0.0018689  0.000266513 -8.22869e-05   0.00032482  -0.00153909 -0.000792939 -0.000657237  0.000210621 -0.000876761  2.42348e-05  0.000460285  0.000126913 -0.000752963  -0.00206661  -0.00157293 -0.000191785  -0.00261533 -0.000216765   -0.0023042
  -0.0126433   -0.0153227  0.000465038   -0.0930938  -0.00264884   -0.0224292   0.00516824   -0.0228775  -0.00277868    0.0281111   -0.0112273   -0.0293858   -0.0147546   -0.0120943   -0.0637742    -0.103705  -0.00118255  -0.00801157   -0.0164863     -0.13974   -0.0168145   -0.0748657    0.0104938  -0.00417931   -0.0289526    0.0505769     0.924834  -0.00191695   -0.0381358   -0.0188047  -0.00219855  -0.00289045  -0.00101569  -0.00260793  -0.00271195  -0.00242166  -0.00111458  0.000305111  -0.00235325  0.000936624  -0.00151453  -0.00127505   -0.0027401  0.000247659  -0.00149494  -0.00066223  -0.00266224 -0.000122583  -0.00266909  -0.00236319  -0.00267424  -0.00129986   0.00125679  0.000222695  -0.00222025    0.0018106   -0.0024499   0.00137437
-3.71639e-05   -0.0027632  0.000671503  -0.00304494 -0.000205156   0.00372942  -0.00934491 -0.000750296  -0.00736107 -0.000337969 -0.000392836  0.000651995  -0.00593012   0.00154834 -0.000497454  -0.00292124  -0.00227951 -0.000282103  -0.00376913  -0.00376948  -0.00045697  -0.00320178  -0.00025718  -0.00143435 -0.000356427 -0.000715907  -0.00191695     0.999626  -0.00179158  -0.00061662   -0.0001542 -0.000291449 -0.000140084 -0.000268908 -0.000238867 -0.000290028 -0.000227725 -0.000145918 -0.000257245 -0.000111486 -0.000131498 -0.000139116 -0.000251657 -0.000134395 -0.000243662 -0.000132657 -0.000250312 -9.57204e-05 -0.000264528 -0.000197341 -0.000257477  -0.00021026 -0.000158257 -0.000175147 -0.000237673  -0.00013444 -0.000264192 -0.000126517
 -0.00657883   -0.0202403 -0.000248083    -0.049841  -0.00160416  -0.00691172   -0.0279551   -0.0149797    -0.026561    0.0114075   -0.0102266   -0.0128518   -0.0210295  -0.00696608   -0.0303603   -0.0494743    -0.012144  -0.00892961   -0.0172632   -0.0677285   -0.0112216   -0.0390549   0.00330796   -0.0106205   -0.0135051    0.0210387   -0.0381358  -0.00179158     0.974157    -0.013473  -0.00119401  -0.00249732  -0.00107925  -0.00245172   -0.0021216  -0.00230328  -0.00151964 -0.000366017  -0.00228174  0.000120214 -0.000838272  -0.00124491  -0.00224195 -0.000140804  -0.00173888 -0.000509061  -0.00239578 -0.000380418  -0.00246819  -0.00157226  -0.00244695  -0.00150919 -9.70149e-05 -0.000570032  -0.00213709  0.000420321  -0.00235517   0.00031756
 -0.00410275  -0.00897556 -0.000994979   -0.0244883  -0.00105748  -0.00347875  -0.00221048  -0.00902961   -0.0052169   0.00635692    -0.006811   -0.0056445  -0.00336083  -0.00481538   -0.0140915   -0.0233797  -0.00504857  -0.00586574  -0.00452842   -0.0306764  -0.00713469   -0.0173973   0.00207269  -0.00536715  -0.00746316    0.0110069   -0.0188047  -0.00061662    -0.013473      0.99163  -0.00082011  -0.00156758 -0.000705213  -0.00155488  -0.00138056  -0.00144442 -0.000986367 -0.000262012  -0.00145779  1.90929e-05 -0.000598981  -0.00080869  -0.00143491 -0.000185589  -0.00111078 -0.000401916   -0.0015372 -0.000258398  -0.00156682  -0.00100723  -0.00156111 -0.000983632 -8.08552e-05 -0.000368041  -0.00137195  0.000184053  -0.00149889  0.000102714
  -0.0011662   0.00113223   0.00146759  -0.00305694 -0.000849833   0.00999229   0.00720565  -0.00116304    0.0047736   0.00118185 -0.000345468   0.00322651    0.0012522   0.00400114   0.00182962  -0.00324768   0.00162205  0.000441754  0.000219584  -0.00216584 -0.000844358  -0.00286005  0.000785666  0.000974068  -0.00224136  0.000777665  -0.00219855   -0.0001542  -0.00119401  -0.00082011    0.0219088 -0.000744535 -0.000324938 -0.000610992 -0.000743118 -0.000702621 -0.000558512 -0.000405009 -0.000582527 -0.000335533 -0.000622429 -0.000308807 -0.000710526 -0.000487846 -0.000589849 -0.000536354 -0.000627792 -0.000249857 -0.000611709 -0.000715214 -0.000615493  -0.00050104 -0.000495571 -0.000504373 -0.000534969 -0.000451656 -0.000598209 -0.000446186
  -0.0011283  -0.00117568   0.00150518   -0.0040787 -0.000811948    0.0113364   0.00115193  -0.00189111   6.1601e-05  0.000760414  -0.00115316   0.00364962  -0.00118418   0.00409934    0.0020108  -0.00378436 -0.000444922 -0.000540583  -0.00148221  -0.00232455  -0.00144283  -0.00345777   0.00042272 -0.000576406      -0.0021 -2.56987e-05  -0.00289045 -0.000291449  -0.00249732  -0.00156758 -0.000744535    0.0217035 -0.000438677 -0.000835791 -0.000831901 -0.000925294 -0.000748065 -0.000517192 -0.000800077 -0.000413061 -0.000640664 -0.000424889  -0.00085054 -0.000560643   -0.0007875 -0.000592367  -0.00081981 -0.000321544 -0.000830538 -0.000754936 -0.000823647 -0.000672971 -0.000635684 -0.000644758 -0.000736229 -0.000552192 -0.000820483 -0.000530383
-0.000421258 -0.000733239  0.000684547  -0.00148597 -0.000348095   0.00544681 -0.000290129 -0.000833473 -0.000566724  0.000141268  -0.00056079   0.00186975 -0.000800214   0.00196705   0.00128186  -0.00126148 -0.000449482 -0.000322942 -0.000805177 -0.000357652 -0.000651383  -0.00126331  8.92734e-05 -0.000432714 -0.000772209 -0.000384213  -0.00101569 -0.000140084  -0.00107925 -0.000705213 -0.000324938 -0.000438677    0.0224472 -0.000390475 -0.000371584 -0.000431709 -0.000355705 -0.000249961 -0.000375416 -0.000202378 -0.000284238 -0.000199758 -0.000385991 -0.000264406 -0.000372034 -0.000271679  -0.00037829 -0.000153941 -0.000386774 -0.000332929 -0.000382082 -0.000319106 -0.000312797 -0.000310048 -0.000345554 -0.000273455  -0.00038443 -0.000259126
-0.000957492  -0.00156049   0.00118587   -0.0037074 -0.000661142   0.00941105  -0.00031727  -0.00180905 -0.000976327  0.000578054  -0.00122485   0.00300956  -0.00143967   0.00324889   0.00157767  -0.00327266  -0.00089268 -0.000748761   -0.0015671  -0.00207553  -0.00139987  -0.00302374  0.000282517 -0.000891749  -0.00173714 -0.000101314  -0.00260793 -0.000268908  -0.00245172  -0.00155488 -0.000610992 -0.000835791 -0.000390475    0.0219069 -0.000711745 -0.000817014 -0.000662032 -0.000447029  -0.00071637 -0.000351801 -0.000528751 -0.000381754 -0.000738509  -0.00047226 -0.000696797 -0.000496113 -0.000727589 -0.000279225  -0.00074246 -0.000631039 -0.000734571  -0.00059697 -0.000548377 -0.000558138 -0.000660146 -0.000468537 -0.000734328 -0.000447792
 -0.00114715 -0.000477029   0.00126035  -0.00379249 -0.000906312   0.00946703   0.00408411  -0.00168007   0.00192127  0.000963875 -0.000963291   0.00297212 -0.000209411   0.00342089   0.00145163  -0.00355452  0.000312622 -0.000281212 -0.000643749  -0.00256394  -0.00128668  -0.00318604   0.00053706 -9.61766e-05    -0.002103  0.000511766  -0.00271195 -0.000238867   -0.0021216  -0.00138056 -0.000743118 -0.000831901 -0.000371584 -0.000711745    0.0218233 -0.000788813  -0.00063016 -0.000428962 -0.000679675 -0.000339851 -0.000606996 -0.000362259 -0.000795455 -0.000474542 -0.000665081 -0.000518913 -0.000725424 -0.000267855 -0.000711857 -0.000757939 -0.000715052 -0.000568342 -0.000524333 -0.000537194 -0.000626214 -0.000452882 -0.000697141   -0.0004385
-0.000970677  -0.00133592   0.00150226  -0.00345804 -0.000751994    0.0114516  6.44273e-05  -0.00173892 -0.000664341  0.000493651  -0.00109891   0.00381841  -0.00149016    0.0041712   0.00243033   -0.0030996 -0.000684815 -0.000567851   -0.0016206   -0.0013751  -0.00133603  -0.00297207  0.000284534 -0.000714763  -0.00181042 -0.000468736  -0.00242166 -0.000290028  -0.00230328  -0.00144442 -0.000702621 -0.000925294 -0.000431709 -0.000817014 -0.000788813    0.0217474 -0.000742666 -0.000522302  -0.00078399  -0.00042143 -0.000612081 -0.000415595 -0.000816554 -0.000557615 -0.000778574 -0.000578592 -0.000794532 -0.000321543 -0.000810085 -0.000714771 -0.000801115 -0.000664984 -0.000653441 -0.000651106 -0.000720841 -0.000569336 -0.000803481 -0.000540906
-0.000614277  -0.00113266   0.00127389  -0.00169693 -0.000595422   0.00999209 -0.000562148  -0.00118071 -0.000971383  7.44347e-05 -0.000812965   0.00359459  -0.00134619   0.00371864   0.00292266  -0.00116682 -0.000707604 -0.000447639  -0.00130995  0.000711526 -0.000932165  -0.00155872   7.1926e-05 -0.000666486  -0.00112874 -0.000956612  -0.00111458 -0.000227725  -0.00151964 -0.000986367 -0.000558512 -0.000748065 -0.000355705 -0.000662032  -0.00063016 -0.000742666    0.0220262 -0.000459335 -0.000639015 -0.000379092 -0.000491676 -0.000337821 -0.000655179 -0.000474243 -0.000651138  -0.00047619 -0.000639257 -0.000274178 -0.000654318 -0.000570562  -0.00064569 -0.000554322 -0.000609336 -0.000577645 -0.000586464 -0.000529881 -0.000653767 -0.000489501
-0.000186872 -0.000430182   0.00112217  0.000282358 -0.000420545   0.00853909 -0.000505676 -0.000384616  -0.00062881 -0.000410756 -0.000237667   0.00338837 -0.000935908   0.00341447   0.00343148  0.000578014 -0.000310112 -4.04796e-05 -0.000786581   0.00278696 -0.000316965 -4.82441e-05 -0.000122349 -0.000260356 -0.000373634  -0.00162195  0.000305111 -0.000145918 -0.000366017 -0.000262012 -0.000405009 -0.000517192 -0.000249961 -0.000447029 -0.000428962 -0.000522302 -0.000459335    0.0222857 -0.000435031 -0.000320233 -0.000365214  -0.00022658 -0.000447161 -0.000382044 -0.000469236 -0.000367363 -0.000427692 -0.000213473 -0.000439253 -0.000405176 -0.000431912 -0.000397641 -0.000508723 -0.000460505 -0.000396752 -0.000458378 -0.000444342 -0.000417518
-0.000864814  -0.00152982   0.00114621  -0.00333985  -0.00063045   0.00918211 -0.000490681  -0.00169651  -0.00108104   0.00047002  -0.00116238   0.00298817  -0.00143866   0.00318664   0.00170447  -0.00291176 -0.000901162 -0.000728253  -0.00150822  -0.00163087  -0.00132282   -0.0027285  0.000226102 -0.000889377  -0.00157729 -0.000253337  -0.00235325 -0.000257245  -0.00228174  -0.00145779 -0.000582527 -0.000800077 -0.000375416  -0.00071637 -0.000679675  -0.00078399 -0.000639015 -0.000435031    0.0219676 -0.000344173 -0.000505203 -0.000366081 -0.000705832 -0.000456846 -0.000671123 -0.000476583 -0.000695538 -0.000270352 -0.000710594 -0.000602607 -0.000702575 -0.000575006  -0.00053859 -0.000543201 -0.000633168 -0.000461019 -0.000704077 -0.000438339
-3.52006e-05 -8.40752e-05   0.00102311   0.00107884 -0.000340455   0.00778385 -0.000381175  -6.5646e-05 -0.000385531 -0.000601705 -7.97361e-06   0.00324496 -0.000716072   0.00321327   0.00356452   0.00132958 -0.000131966  0.000151191 -0.000548657   0.00355026 -6.52472e-05  0.000550493 -0.000178315 -6.91292e-05 -8.02555e-05   -0.0018689  0.000936624 -0.000111486  0.000120214  1.90929e-05 -0.000335533 -0.000413061 -0.000202378 -0.000351801 -0.000339851  -0.00042143 -0.000379092 -0.000320233 -0.000344173    0.0223684 -0.000307802 -0.000178574 -0.000354693 -0.000337038 -0.000384196 -0.000316934 -0.000334894 -0.000182583 -0.000344479 -0.000328859 -0.000338059 -0.000325249 -0.000446236 -0.000396323 -0.000312959 -0.000413114 -0.000351148 -0.000375891
-0.000919713   0.00100139    0.0013371  -0.00218066 -0.000674754   0.00918806   0.00549828 -0.000884489   0.00377656  0.000820423 -0.000221089   0.00309553  0.000947043   0.00372035   0.00203783   -0.0023403   0.00129487  0.000427888  8.37196e-05  -0.00112407 -0.000633177  -0.00214919  0.000608498   0.00082214  -0.00177275  0.000266513  -0.00151453 -0.000131498 -0.000838272 -0.000598981 -0.000622429 -0.000640664 -0.000284238 -0.000528751 -0.000606996 -0.000612081 -0.000491676 -0.000365214 -0.000505203 -0.000307802    0.0221231 -0.000267458 -0.000594927 -0.000440386 -0.000517607 -0.000474325 -0.000534609 -0.000223914 -0.000527611 -0.000589041  -0.00052796 -0.000439819 -0.000448718 -0.000451824 -0.000463466 -0.000416103 -0.000518643 -0.000409685
-0.000481347 -0.000814221  0.000587633  -0.00184985 -0.000334406    0.0047997  -0.00023959 -0.000933005 -0.000556651  0.000274264 -0.000641921   0.00154494 -0.000770485   0.00165067  0.000833903  -0.00158069 -0.000491503 -0.000390694 -0.000813679  -0.00099885  -0.00072642  -0.00151652  0.000138799 -0.000479191 -0.000868535 -8.22869e-05  -0.00127505 -0.000139116  -0.00124491  -0.00080869 -0.000308807 -0.000424889 -0.000199758 -0.000381754 -0.000362259 -0.000415595 -0.000337821  -0.00022658 -0.000366081 -0.000178574 -0.000267458    0.0224587 -0.000375817 -0.000239817  -0.00035518 -0.000251456 -0.000371056 -0.000141476 -0.000378902 -0.000318929 -0.000374797 -0.000304886 -0.000278009 -0.000282704 -0.000337782  -0.00023802 -0.000375041 -0.000227577
 -0.00111274 -0.000775143   0.00130071  -0.00385361 -0.000821909   0.00980054    0.0026401  -0.00173253   0.00104459  0.000870099  -0.00102934   0.00309441 -0.000607106   0.00352643   0.00155104   -0.0035871 -4.29913e-05 -0.000399793  -0.00098987  -0.00249527  -0.00132336  -0.00323907   0.00048122 -0.000311662  -0.00204811   0.00032482   -0.0027401 -0.000251657  -0.00224195  -0.00143491 -0.000710526  -0.00085054 -0.000385991 -0.000738509 -0.000795455 -0.000816554 -0.000655179 -0.000447161 -0.000705832 -0.000354693 -0.000594927 -0.000375817    0.0218684 -0.000490195 -0.000691048 -0.000528116 -0.000738261 -0.000279127 -0.000736368 -0.000722444 -0.000734906 -0.000590676 -0.000546603 -0.000558943 -0.000650083 -0.000472572  -0.00072397  -0.00045646
-0.000370681  0.000430728   0.00132362  6.64699e-05 -0.000487775   0.00975114   0.00170046 -0.000362932   0.00119949 -0.000229301 -4.97467e-05   0.00379603 -0.000138415   0.00399253   0.00361957  0.000124081  0.000414056  0.000337687  -0.00039345   0.00239207 -0.000261778 -0.000357857  9.53962e-05  0.000312567 -0.000709902  -0.00153909  0.000247659 -0.000134395 -0.000140804 -0.000185589 -0.000487846 -0.000560643 -0.000264406  -0.00047226 -0.000474542 -0.000557615 -0.000474243 -0.000382044 -0.000456846 -0.000337038 -0.000440386 -0.000239817 -0.000490195    0.0222186 -0.000489881 -0.000433387 -0.000457901 -0.000226508 -0.000465847 -0.000462964 -0.000459772 -0.000416601 -0.000492866 -0.000466564 -0.000417296 -0.000468271 -0.000467577 -0.000444715
 -0.00071071  -0.00119226   0.00131696  -0.00221173 -0.000628935    0.0102318 -0.000434844  -0.00133094 -0.000911275  0.000197025 -0.000888436   0.00358627  -0.00139394   0.00377683    0.0027053  -0.00173796   -0.0007072  -0.00048068  -0.00140036  4.60165e-05  -0.00103857  -0.00196899  0.000132859 -0.000680666  -0.00131252 -0.000792939  -0.00149494 -0.000243662  -0.00173888  -0.00111078 -0.000589849   -0.0007875 -0.000372034 -0.000696797 -0.000665081 -0.000778574 -0.000651138 -0.000469236 -0.000671123 -0.000384196 -0.000517607  -0.00035518 -0.000691048 -0.000489881    0.0219774 -0.000497452 -0.000674262 -0.000283132 -0.000689448 -0.000601938  -0.00068079 -0.000577329 -0.000610202  -0.00058837 -0.000616353  -0.00053086 -0.000687058 -0.000494968
-0.000635501  0.000670092   0.00131461  -0.00110641 -0.000545938   0.00935656   0.00325495 -0.000632195   0.00230503  0.000279836 -0.000143045   0.00339482   0.00033847   0.00380356   0.00275309  -0.00118002  0.000780953  0.000361621 -0.000222445   0.00053526 -0.000450513  -0.00128794  0.000345675  0.000529623  -0.00122423 -0.000657237  -0.00066223 -0.000132657 -0.000509061 -0.000401916 -0.000536354 -0.000592367 -0.000271679 -0.000496113 -0.000518913 -0.000578592  -0.00047619 -0.000367363 -0.000476583 -0.000316934 -0.000474325 -0.000251456 -0.000528116 -0.000433387 -0.000497452    0.0222066 -0.000488498 -0.000222486 -0.000491981 -0.000505407 -0.000487996 -0.000423315  -0.00045778 -0.000449876 -0.000436427 -0.000432257 -0.000488669 -0.000419605
 -0.00104591   -0.0012459   0.00114162  -0.00379644 -0.000700207   0.00899072  0.000982056   -0.0017915 -6.85225e-05  0.000742044  -0.00118365   0.00283402 -0.000954305   0.00309185   0.00135604  -0.00336388 -0.000567862 -0.000648523   -0.0012579  -0.00236188  -0.00137784  -0.00308054  0.000381419 -0.000675029  -0.00186821  0.000210621  -0.00266224 -0.000250312  -0.00239578   -0.0015372 -0.000627792  -0.00081981  -0.00037829 -0.000727589 -0.000725424 -0.000794532 -0.000639257 -0.000427692 -0.000695538 -0.000334894 -0.000534609 -0.000371056 -0.000738261 -0.000457901 -0.000674262 -0.000488498    0.0219383 -0.000268161 -0.000724164 -0.000645603 -0.000719356 -0.000577316 -0.000521609 -0.000535222 -0.000641123 -0.000444556 -0.000713375 -0.000427614
-0.000162863 -0.000325303  0.000652955 -0.000233977 -0.000260641   0.00498088 -0.000286911 -0.000348336 -0.000393047 -0.000179998 -0.000208603   0.00191095 -0.000588535    0.0019492   0.00177311 -0.000147509 -0.000214734  -7.2894e-05 -0.000518112   0.00108819 -0.000276402 -0.000317067 -4.17017e-05 -0.000192139 -0.000318661 -0.000876761 -0.000122583 -9.57204e-05 -0.000380418 -0.000258398 -0.000249857 -0.000321544 -0.000153941 -0.000279225 -0.000267855 -0.000321543 -0.000274178 -0.000213473 -0.000270352 -0.000182583 -0.000223914 -0.000141476 -0.000279127 -0.000226508 -0.000283132 -0.000222486 -0.000268161    0.0225275 -0.000275068 -0.000250966 -0.000270786 -0.000241584 -0.000278436 -0.000262447 -0.000247234 -0.000253573 -0.000276506 -0.000236178
 -0.00099214  -0.00149556   0.00116451  -0.00379977 -0.000664804   0.00921991 -2.80318e-05  -0.00182103 -0.000765036  0.000641331  -0.00122609   0.00291955  -0.00132296   0.00316866   0.00144963  -0.00336178 -0.000824419 -0.000733007  -0.00150537  -0.00226415  -0.00140475   -0.0030906  0.000317111 -0.000845341  -0.00179003  2.42348e-05  -0.00266909 -0.000264528  -0.00246819  -0.00156682 -0.000611709 -0.000830538 -0.000386774  -0.00074246 -0.000711857 -0.000810085 -0.000654318 -0.000439253 -0.000710594 -0.000344479 -0.000527611 -0.000378902 -0.000736368 -0.000465847 -0.000689448 -0.000491981 -0.000724164 -0.000275068    0.0219171 -0.000631016 -0.000730417 -0.000590645 -0.000536668 -0.000548813 -0.000654948 -0.000457613  -0.00072859 -0.000438609
 -0.00104158  0.000200129   0.00134371  -0.00322083 -0.000852387    0.0094639     0.005018  -0.00132328   0.00286081  0.000943039 -0.000593117   0.00302174  0.000264349   0.00363292   0.00165258  -0.00329357  0.000861472  6.89647e-05  -0.00030159  -0.00215475 -0.000993771  -0.00285744  0.000572605  0.000368465  -0.00199622  0.000460285  -0.00236319 -0.000197341  -0.00157226  -0.00100723 -0.000715214 -0.000754936 -0.000332929 -0.000631039 -0.000757939 -0.000714771 -0.000570562 -0.000405176 -0.000602607 -0.000328859 -0.000589041 -0.000318929 -0.000722444 -0.000462964 -0.000601938 -0.000505407 -0.000645603 -0.000250966 -0.000631016     0.021943 -0.000634267 -0.000512499 -0.000497093 -0.000505304  -0.00055378 -0.000440909 -0.000618353 -0.000429174
 -0.00102015  -0.00139403    0.0011434  -0.00381426 -0.000676067   0.00904802  0.000400703  -0.00181338 -0.000466197  0.000692936  -0.00121486   0.00285348  -0.00115412   0.00310085   0.00137544  -0.00336883 -0.000721538  -0.00070362  -0.00139685   -0.0023383  -0.00139656  -0.00309312  0.000348102 -0.000777474  -0.00182764  0.000126913  -0.00267424 -0.000257477  -0.00244695  -0.00156111 -0.000615493 -0.000823647 -0.000382082 -0.000734571 -0.000715052 -0.000801115  -0.00064569 -0.000431912 -0.000702575 -0.000338059  -0.00052796 -0.000374797 -0.000734906 -0.000459772  -0.00068079 -0.000487996 -0.000719356 -0.000270786 -0.000730417 -0.000634267    0.0219305  -0.00058312 -0.000526924 -0.000540163 -0.000647631 -0.000448692 -0.000720497 -0.000430852
-0.000593475  -0.00106991   0.00110135  -0.00191826 -0.000535274   0.00868958 -0.000480145  -0.00117293  -0.00087616   0.00013153 -0.000792441   0.00305637  -0.00122256   0.00318902    0.0022935  -0.00154295 -0.000659128  -0.00044854  -0.00120553  2.46088e-05 -0.000921146  -0.00167799  9.67524e-05 -0.000630261  -0.00109406 -0.000752963  -0.00129986  -0.00021026  -0.00150919 -0.000983632  -0.00050104 -0.000672971 -0.000319106  -0.00059697 -0.000568342 -0.000664984 -0.000554322 -0.000397641 -0.000575006 -0.000325249 -0.000439819 -0.000304886 -0.000590676 -0.000416601 -0.000577329 -0.000423315 -0.000577316 -0.000241584 -0.000590645 -0.000512499  -0.00058312    0.0221611 -0.000510138 -0.000495588 -0.000528507 -0.000445975 -0.000588571 -0.000417952
-0.000120681 -0.000478985   0.00146921   0.00154623 -0.000515962    0.0111209 -0.000733243  -0.00017475 -0.000833672 -0.000602502 -0.000177366   0.00460743  -0.00111738   0.00457318   0.00520129   0.00239193 -0.000385131  4.80743e-06 -0.000888058   0.00534057  -0.00018508  0.000796505 -0.000233093 -0.000304026 -0.000254278  -0.00206661   0.00125679 -0.000158257 -9.70149e-05 -8.08552e-05 -0.000495571 -0.000635684 -0.000312797 -0.000548377 -0.000524333 -0.000653441 -0.000609336 -0.000508723  -0.00053859 -0.000446236 -0.000448718 -0.000278009 -0.000546603 -0.000492866 -0.000610202  -0.00045778 -0.000521609 -0.000278436 -0.000536668 -0.000497093 -0.000526924 -0.000510138    0.0218798 -0.000656243 -0.000488804  -0.00067406 -0.000548726 -0.000588609
