    58    58     1
    0.960003   -0.0121319   -0.0030465   -0.0198349   -0.0092569  -0.00801605   -0.0210124  -0.00892923   -0.0116915   -0.0176827   -0.0162617  -0.00884591  -0.00667419   -0.0210012     -0.11823   -0.0346106   0.00320672   -0.0358903   -0.0142943  -0.00692251  -0.00238526  -0.00792119   -0.0019029  -0.00022223    0.0051925   -0.0940511   -0.0247325   0.00464757   -0.0587764  -0.00163978  -0.00188098  0.000196271  -0.00178736  -0.00194653 -1.97403e-05  -0.00157561  -0.00193101 -0.000158027 -0.000843294  -0.00149436  -0.00189678 -0.000334164 -0.000748272 -0.000825713  -0.00162074  0.000650393  0.000326914  -0.00140053  -0.00177271 -0.000346116 -0.000689952 -0.000955416  -0.00103648  -0.00048554  -0.00116683  -0.00177432  0.000530153 -0.000147037
  -0.0121319     0.993267 -0.000484218  -0.00807577  -0.00553163 -0.000672453  -0.00828708  -0.00528674 -0.000781332  -0.00385839  -0.00698341  -0.00531093  -0.00149633  -0.00576936    -0.022896  -0.00993949   2.7937e-05  -0.00585718  -0.00724129  -0.00468054  -0.00179987  -0.00362279  -0.00408145  -0.00158977  -0.00264199   -0.0198699  -0.00844996  0.000267978  -0.00876421 -0.000824736 -0.000933731  5.76001e-06 -0.000847852 -0.000950912 -1.42368e-05 -0.000727853  -0.00093667 -1.99838e-05 -0.000347073 -0.000688069 -0.000920954 -6.69501e-05 -0.000290257 -0.000515781 -0.000850248  6.89979e-05 -3.17614e-05 -0.000659645 -0.000863957 -9.14285e-05 -0.000273817 -0.000457251  -0.00049987 -0.000207201 -0.000645616 -0.000902584  7.04411e-05 -0.000205493
  -0.0030465 -0.000484218     0.999629   -0.0020945 -0.000654998 -0.000265757  -0.00320525  -0.00086163 -0.000529529  -0.00317123  -0.00253809 -0.000920071 -0.000239769  -0.00383704  -0.00924135  -0.00252461 -0.000210126  -0.00371764  -0.00181303 -0.000578606  0.000394096  -0.00080397  0.000993236  0.000496763   0.00307618  -0.00737704  -0.00164571 -0.000458752  -0.00566156 -0.000318276 -0.000303935 -0.000119403 -0.000315121 -0.000307071 -0.000118304 -0.000262984 -0.000300174 -9.92058e-05 -0.000164816 -0.000243682 -0.000291942 -0.000104161 -0.000133988 -0.000252994 -0.000288067 -0.000138583 -0.000184838 -0.000224467 -0.000271219 -9.18335e-05 -0.000132263 -0.000151097 -0.000160834 -8.91262e-05  -0.00027306 -0.000297208  -0.00011716 -0.000189504
  -0.0198349  -0.00807577   -0.0020945     0.972496   -0.0111576    0.0118907   -0.0516501   -0.0147734    0.0214145   -0.0412541   -0.0465507   -0.0159008   0.00450949   -0.0684287   -0.0270723   -0.0129921  -0.00894488   -0.0191089   -0.0359242   -0.0113777   -0.0102886   -0.0289792  -0.00531348  0.000376065 -0.000422758   -0.0250814   -0.0104296   -0.0159097    -0.021406   -0.0031793  -0.00313094 -0.000911605  -0.00294291  -0.00309792 -0.000500639  -0.00225683  -0.00296998  8.44953e-05 -0.000831959  -0.00198868  -0.00286997   0.00023953 -0.000248125  -0.00270393  -0.00306712  -0.00165752  -0.00202033  -0.00194354  -0.00268692 -4.57382e-05 -0.000572873  -0.00138211  -0.00159159 -0.000528432  -0.00285978  -0.00311976  -0.00125819  -0.00199986
  -0.0092569  -0.00553163 -0.000654998   -0.0111576     0.993463   0.00329134   -0.0161609  -0.00734218   0.00532241   -0.0108477   -0.0121332  -0.00747808   0.00103979   -0.0161368  -0.00774311  -0.00695028  -0.00355052  -0.00508358   -0.0109503  -0.00585947  -0.00112059  -0.00649963  -0.00250389 -0.000627157   0.00279992  -0.00869474  -0.00616562  -0.00518437  -0.00443513  -0.00170231  -0.00170937 -0.000539585  -0.00162674  -0.00170283 -0.000423681  -0.00133332  -0.00165117  -0.00025532 -0.000679757  -0.00122992  -0.00160627 -0.000240732  -0.00050131   -0.0014318  -0.00166971 -0.000804459 -0.000997752  -0.00116498   -0.0015023 -0.000249605 -0.000514302 -0.000807149 -0.000889317  -0.00038007  -0.00151894  -0.00170054 -0.000636012  -0.00100796
 -0.00801605 -0.000672453 -0.000265757    0.0118907   0.00329134      0.98208    0.0350364     0.006792   -0.0325153    0.0276154    0.0346222   0.00790587  -0.00893562    0.0554556   -0.0497569   -0.0111523   0.00960606   -0.0059022    0.0260341   0.00526005     0.013826    0.0273914   0.00805093  0.000796646    0.0174217   -0.0368874  -0.00695443    0.0173986   -0.0178683  0.000931571  0.000834416  0.000331593  0.000644279  0.000759809 -0.000182288  0.000289957  0.000669405 -0.000739372  -0.00036464  0.000137935  0.000620743 -0.000979874 -0.000778521      0.00114  0.000947232   0.00122686   0.00132231   0.00021894  0.000592487  -0.00061534 -0.000423007  0.000215499   0.00036231 -0.000153413   0.00104066  0.000895075  0.000859465   0.00103354
  -0.0210124  -0.00828708  -0.00320525   -0.0516501   -0.0161609    0.0350364     0.880673   -0.0261185    0.0636126   -0.0978105    -0.119688   -0.0297656    0.0150482    -0.177212  -0.00419616  -0.00678769   -0.0207617   -0.0275462   -0.0865494   -0.0203592   -0.0351283   -0.0803087   -0.0163295  0.000426147   -0.0252926  -0.00932108  -0.00660441   -0.0400177   -0.0241761  -0.00449958  -0.00433131  -0.00115818  -0.00383858   -0.0042071  3.35433e-05  -0.00249858  -0.00393937   0.00169391  0.000213651  -0.00193319  -0.00376526   0.00236395   0.00176667  -0.00413576   -0.0043478  -0.00307199  -0.00357609   -0.0021456  -0.00355415   0.00116616  0.000344093  -0.00166426  -0.00211811 -0.000230303  -0.00424156  -0.00436883  -0.00220388   -0.0032927
 -0.00892923  -0.00528674  -0.00086163   -0.0147734  -0.00734218     0.006792   -0.0261185      0.99083    0.0112748   -0.0193598   -0.0223734  -0.00968334   0.00277171   -0.0313592  -0.00244151  -0.00566107  -0.00568099  -0.00623036   -0.0179839  -0.00725737  -0.00344168   -0.0128712  -0.00284794 -0.000197528     0.002572  -0.00491656  -0.00528235  -0.00925485  -0.00431425  -0.00212187  -0.00208011 -0.000744822  -0.00197696  -0.00206012 -0.000508966  -0.00155757  -0.00198403 -0.000170372 -0.000683484  -0.00140176  -0.00192314 -8.07127e-05 -0.000357272  -0.00184712  -0.00205355   -0.0012142  -0.00143234   -0.0013535  -0.00180076 -0.000183758 -0.000506596 -0.000951512  -0.00106898 -0.000412779  -0.00192807  -0.00207872 -0.000953672  -0.00138474
  -0.0116915 -0.000781332 -0.000529529    0.0214145   0.00532241   -0.0325153    0.0636126    0.0112748     0.937409     0.050248    0.0624051    0.0128899   -0.0159465     0.106442   -0.0757772   -0.0173549    0.0160642  -0.00790748    0.0475621   0.00833158    0.0335775    0.0573723    0.0224684   0.00399846    0.0536756    -0.056556    -0.011018    0.0293981   -0.0264395  0.000299869    0.0003401 -0.000462589 -0.000195725  0.000192692  -0.00137299 -0.000646276  4.41259e-05  -0.00231068  -0.00168602  -0.00086894 -1.77563e-05  -0.00275382  -0.00240009  0.000872099  0.000558904   0.00100438   0.00117693 -0.000593477  2.42819e-05  -0.00184679  -0.00161015 -0.000242319  5.12546e-05 -0.000791548  0.000659087  0.000461629  0.000462146  0.000724747
  -0.0176827  -0.00385839  -0.00317123   -0.0412541   -0.0108477    0.0276154   -0.0978105   -0.0193598     0.050248     0.916189   -0.0975726   -0.0224114      0.01194    -0.148256   -0.0175045  -0.00637193   -0.0164703   -0.0287242   -0.0693864   -0.0145937   -0.0271036    -0.064746  -0.00855104   0.00236067   -0.0132072   -0.0168404  -0.00459814   -0.0325995   -0.0299619  -0.00362178  -0.00342113  -0.00106134  -0.00310805  -0.00332683 -0.000124439  -0.00204363  -0.00311593   0.00118276  3.62476e-05  -0.00159122  -0.00297468   0.00169719   0.00125052  -0.00328756  -0.00342204  -0.00256566  -0.00289979  -0.00172494  -0.00280347  0.000811945  0.000184327  -0.00132242  -0.00167953 -0.000214173   -0.0033877  -0.00344306  -0.00188373   -0.0026864
  -0.0162617  -0.00698341  -0.00253809   -0.0465507   -0.0121332    0.0346222    -0.119688   -0.0223734    0.0624051   -0.0975726     0.865538   -0.0272969     0.013598    -0.185417   0.00277368 -0.000563807   -0.0166093   -0.0224149   -0.0935641    -0.019081   -0.0412337   -0.0870983   -0.0187284 -0.000134125   -0.0369713  -0.00362118   -0.0029925   -0.0365911   -0.0202827  -0.00282931  -0.00265204 -0.000435819   -0.0021941  -0.00254679  0.000771477 -0.000999042  -0.00232618    0.0025404   0.00137353 -0.000469666  -0.00220187   0.00335935   0.00308956  -0.00265961  -0.00266419  -0.00219346  -0.00254764 -0.000887951  -0.00210274   0.00179661   0.00115862 -0.000835055  -0.00122461  0.000223984  -0.00271389  -0.00267457  -0.00145744  -0.00230274
 -0.00884591  -0.00531093 -0.000920071   -0.0159008  -0.00747808   0.00790587   -0.0297656  -0.00968334    0.0128899   -0.0224114   -0.0272969     0.989509   0.00320018   -0.0367435 -0.000471058  -0.00493107  -0.00606807  -0.00646038   -0.0212735   -0.0078782  -0.00384748   -0.0147439  -0.00225245  0.000201368   0.00405885  -0.00366167  -0.00493761   -0.0104757  -0.00432319  -0.00229453  -0.00221368 -0.000860144  -0.00213045  -0.00219421  -0.00058507   -0.0016624  -0.00211343 -0.000188147 -0.000732838  -0.00148814  -0.00204886 -7.51282e-05 -0.000355576   -0.0020009  -0.00218454  -0.00139908   -0.0016205   -0.0014413  -0.00191732 -0.000199711 -0.000547585  -0.00101185  -0.00113285 -0.000449797   -0.0020839  -0.00220983  -0.00110535  -0.00155539
 -0.00667419  -0.00149633 -0.000239769   0.00450949   0.00103979  -0.00893562    0.0150482   0.00277171   -0.0159465      0.01194     0.013598   0.00320018      0.99475    0.0237127   -0.0316083  -0.00745216   0.00526064  -0.00470933    0.0102375    0.0019256   0.00475659    0.0107375   0.00236894  -8.0221e-05   0.00505402   -0.0241311  -0.00508316   0.00903646   -0.0122072  0.000570265  0.000491231  0.000333282  0.000411085  0.000448102  6.07797e-05  0.000213249  0.000397015  -0.00025584 -0.000120456  0.000130856  0.000368071 -0.000399583 -0.000335592  0.000684446  0.000561308  0.000801122  0.000809195  0.000165824  0.000349637 -0.000240914 -0.000157354  0.000146456  0.000218409 -4.22339e-05  0.000627225  0.000527966  0.000606819  0.000642668
  -0.0210012  -0.00576936  -0.00383704   -0.0684287   -0.0161368    0.0554556    -0.177212   -0.0313592     0.106442    -0.148256    -0.185417   -0.0367435    0.0237127     0.712998 -0.000933042  -0.00123292   -0.0279857   -0.0372136    -0.130626   -0.0238156   -0.0739756    -0.141427   -0.0395057  -0.00371873    -0.089682  -0.00550347  -0.00169948   -0.0569341   -0.0338677  -0.00237076  -0.00246231  0.000742711  -0.00138178  -0.00223191   0.00259505  9.57804e-05  -0.00188477   0.00511097   0.00346218  0.000802242  -0.00171113   0.00631422   0.00583454  -0.00261325   -0.0026032  -0.00186894  -0.00238121  6.43272e-05  -0.00169911    0.0037762   0.00302795 -0.000369792  -0.00106625   0.00118098  -0.00256267  -0.00257183 -0.000865707  -0.00195871
    -0.11823    -0.022896  -0.00924135   -0.0270723  -0.00774311   -0.0497569  -0.00419616  -0.00244151   -0.0757772   -0.0175045   0.00277368 -0.000471058   -0.0316083 -0.000933042     0.540303    -0.112472    0.0285897    -0.124573   0.00252469  0.000236402  -0.00162486   0.00216547   0.00413832   0.00141962   0.00975915    -0.345985    -0.072661    0.0435902    -0.217559   0.00134746  0.000154412   0.00326724  0.000234096 -0.000160998   0.00172037 -0.000312053 -0.000331901  0.000409854   -0.0001965 -0.000460922 -0.000391173 -0.000299812 -0.000586714   0.00428979   0.00121271   0.00727616    0.0079486 -0.000401109 -0.000375219 -0.000314263 -0.000407755 -0.000243741 -0.000222525 -0.000219812   0.00283415  0.000610761   0.00552817   0.00516685
  -0.0346106  -0.00993949  -0.00252461   -0.0129921  -0.00695028   -0.0111523  -0.00678769  -0.00566107   -0.0173549  -0.00637193 -0.000563807  -0.00493107  -0.00745216  -0.00123292    -0.112472     0.967738   0.00460394   -0.0313145  -0.00246815  -0.00390273   0.00106327   0.00046445 -0.000833092 -0.000540649   0.00564349     -0.08729   -0.0222777   0.00821751   -0.0523982 -0.000963729  -0.00126671  0.000363033  -0.00118626  -0.00133712  2.78451e-05  -0.00113513  -0.00134447 -0.000242042 -0.000676073  -0.00111384  -0.00132704 -0.000442172 -0.000712194 -0.000131213   -0.0010017   0.00113373    0.0010497  -0.00102634   -0.0012413 -0.000373945 -0.000583675 -0.000693256  -0.00073614 -0.000381613 -0.000504875  -0.00115881  0.000850862  0.000443356
  0.00320672   2.7937e-05 -0.000210126  -0.00894488  -0.00355052   0.00960606   -0.0207617  -0.00568099    0.0160642   -0.0164703   -0.0166093  -0.00606807   0.00526064   -0.0279857    0.0285897   0.00460394     0.992658   0.00159018    -0.012856  -0.00393459  -0.00287745   -0.0112699  -0.00115284  0.000663966   0.00196838    0.0206284   0.00290167   -0.0115772   0.00932439   -0.0016282  -0.00149036 -0.000826403  -0.00142982  -0.00144186 -0.000519478  -0.00107521  -0.00136296 -0.000152004 -0.000464321 -0.000940662  -0.00130551 -2.49585e-05 -0.000187432  -0.00162035  -0.00155846  -0.00146729  -0.00158416 -0.000899801  -0.00121768 -9.34927e-05 -0.000300458 -0.000636257 -0.000732036 -0.000253343  -0.00158856  -0.00152952  -0.00115618  -0.00137528
  -0.0358903  -0.00585718  -0.00371764   -0.0191089  -0.00508358   -0.0059022   -0.0275462  -0.00623036  -0.00790748   -0.0287242   -0.0224149  -0.00646038  -0.00470933   -0.0372136    -0.124573   -0.0313145   0.00159018     0.956912   -0.0159975  -0.00374764  -0.00229498   -0.0118571    0.0044458   0.00305767    0.0134752   -0.0953163    -0.019896  0.000917855     -0.06812  -0.00158434  -0.00169468 -9.11192e-05  -0.00169976  -0.00174716 -0.000230131   -0.0014428  -0.00171771 -0.000229064 -0.000773307  -0.00133009  -0.00167215 -0.000326622 -0.000582461 -0.000701279  -0.00144424  0.000330404   0.00031626   -0.0012373  -0.00155768 -0.000357679 -0.000622397 -0.000843614 -0.000928789 -0.000439176  -0.00108151  -0.00159145  0.000199364 -0.000220449
  -0.0142943  -0.00724129  -0.00181303   -0.0359242   -0.0109503    0.0260341   -0.0865494   -0.0179839    0.0475621   -0.0693864   -0.0935641   -0.0212735    0.0102375    -0.130626   0.00252469  -0.00246815    -0.012856   -0.0159975     0.932452   -0.0152431   -0.0291365   -0.0613907   -0.0145119 -0.000644933   -0.0264557  -0.00331225  -0.00422088   -0.0272783   -0.0134838  -0.00251492   -0.0024092 -0.000420245  -0.00206345  -0.00233465  0.000439919  -0.00118769  -0.00217002   0.00160585   0.00057239 -0.000812138  -0.00207189    0.0020931   0.00168034  -0.00232966  -0.00241023  -0.00175916  -0.00209945  -0.00103046  -0.00196456   0.00112145  0.000568563 -0.000849505  -0.00114669  2.98618e-05  -0.00238587  -0.00242503  -0.00117786  -0.00191727
 -0.00692251  -0.00468054 -0.000578606   -0.0113777  -0.00585947   0.00526005   -0.0203592  -0.00725737   0.00833158   -0.0145937    -0.019081   -0.0078782    0.0019256   -0.0238156  0.000236402  -0.00390273  -0.00393459  -0.00374764   -0.0152431      0.99383  -0.00223255  -0.00945784  -0.00173068 -9.08724e-05   0.00344842  -0.00266882  -0.00419483   -0.0068992  -0.00211027  -0.00169729  -0.00164332  -0.00062893  -0.00159024  -0.00163531 -0.000446984  -0.00125929  -0.00158229 -0.000187982 -0.000596037  -0.00113982  -0.00153876 -0.000123732 -0.000346995  -0.00146855  -0.00161337  -0.00100151   -0.0011769  -0.00109768  -0.00144015 -0.000189122 -0.000452408 -0.000765153 -0.000846904 -0.000356062  -0.00153333  -0.00163566 -0.000792362  -0.00113584
 -0.00238526  -0.00179987  0.000394096   -0.0102886  -0.00112059     0.013826   -0.0351283  -0.00344168    0.0335775   -0.0271036   -0.0412337  -0.00384748   0.00475659   -0.0739756  -0.00162486   0.00106327  -0.00287745  -0.00229498   -0.0291365  -0.00223255     0.959889   -0.0522354    -0.032653  -0.00902271   -0.0847216 -0.000886158  0.000544412  -0.00716242  -0.00232699   0.00362155    0.0030501   0.00303726   0.00380592   0.00314273   0.00343794   0.00358806   0.00317004   0.00388581   0.00385358   0.00359151   0.00312431   0.00426455   0.00436428   0.00284999   0.00292734   0.00279621   0.00270646   0.00301265   0.00284515   0.00293877   0.00314467   0.00183804   0.00163906   0.00174682   0.00303363   0.00297447   0.00270648   0.00272142
 -0.00792119  -0.00362279  -0.00080397   -0.0289792  -0.00649963    0.0273914   -0.0803087   -0.0128712    0.0573723    -0.064746   -0.0870983   -0.0147439    0.0107375    -0.141427   0.00216547   0.00046445   -0.0112699   -0.0118571   -0.0613907  -0.00945784   -0.0522354     0.917897   -0.0371738  -0.00818552   -0.0907609  0.000203798 -0.000269488   -0.0231384  -0.00955911    0.0018038   0.00134671   0.00241348   0.00225168   0.00148924   0.00328097   0.00257126   0.00162212   0.00440708   0.00387283   0.00280125   0.00164676   0.00507162   0.00501767   0.00117185   0.00120818   0.00141935   0.00118094   0.00214481   0.00145375   0.00329763   0.00320729   0.00117243   0.00080864   0.00161266    0.0013202   0.00125363   0.00167336   0.00132413
  -0.0019029  -0.00408145  0.000993236  -0.00531348  -0.00250389   0.00805093   -0.0163295  -0.00284794    0.0224684  -0.00855104   -0.0187284  -0.00225245   0.00236894   -0.0395057   0.00413832 -0.000833092  -0.00115284    0.0044458   -0.0145119  -0.00173068    -0.032653   -0.0371738      0.96736   -0.0104484   -0.0800297   0.00271108  -0.00153409  -0.00149438    0.0068326   0.00349693   0.00285341   0.00295472   0.00360619   0.00293378   0.00317965    0.0032994   0.00294437   0.00341404   0.00346549   0.00325226   0.00289334   0.00369274   0.00379654   0.00276319   0.00273599   0.00294049   0.00279578   0.00273572   0.00263398   0.00257212   0.00279224   0.00167232   0.00151457   0.00156478   0.00293779   0.00277828   0.00278134   0.00277665
 -0.00022223  -0.00158977  0.000496763  0.000376065 -0.000627157  0.000796646  0.000426147 -0.000197528   0.00399846   0.00236067 -0.000134125  0.000201368  -8.0221e-05  -0.00371873   0.00141962 -0.000540649  0.000663966   0.00305767 -0.000644933 -9.08724e-05  -0.00902271  -0.00818552   -0.0104484     0.996213    -0.025512  0.000943331 -0.000811925    0.0016121   0.00375693    0.0013168   0.00107977   0.00103321   0.00131982   0.00109884   0.00104702   0.00115776   0.00108913   0.00104362   0.00112043   0.00111494   0.00106344   0.00110308   0.00115692   0.00106529   0.00104652   0.00112498   0.00108693  0.000952886   0.00096948  0.000788169  0.000890425  0.000592666  0.000557295  0.000514718    0.0011245   0.00105837   0.00103126   0.00106449
   0.0051925  -0.00264199   0.00307618 -0.000422758   0.00279992    0.0174217   -0.0252926     0.002572    0.0536756   -0.0132072   -0.0369713   0.00405885   0.00505402    -0.089682   0.00975915   0.00564349   0.00196838    0.0134752   -0.0264557   0.00344842   -0.0847216   -0.0907609   -0.0800297    -0.025512     0.789093    0.0105342   0.00366926   0.00222967    0.0158434    0.0114107   0.00975927    0.0084463    0.0115796    0.0099524   0.00888165    0.0103722   0.00990537   0.00922585     0.009877    0.0101047   0.00970965   0.00989394    0.0104428   0.00919036   0.00942337   0.00877102   0.00869788   0.00869234   0.00889314   0.00703054   0.00794854    0.0054479    0.0051452   0.00459645   0.00973604   0.00956353    0.0081212   0.00862423
  -0.0940511   -0.0198699  -0.00737704   -0.0250814  -0.00869474   -0.0368874  -0.00932108  -0.00491656    -0.056556   -0.0168404  -0.00362118  -0.00366167   -0.0241311  -0.00550347    -0.345985     -0.08729    0.0206284   -0.0953163  -0.00331225  -0.00266882 -0.000886158  0.000203798   0.00271108  0.000943331    0.0105342     0.734991    -0.057855    0.0313805     -0.16706  0.000153934 -0.000667871   0.00218898 -0.000601458 -0.000898793   0.00107952 -0.000877666  -0.00101061  0.000126961  -0.00054416 -0.000950726  -0.00103999 -0.000433216 -0.000785139   0.00210414   7.4821e-05   0.00477246   0.00467304 -0.000864451  -0.00097683 -0.000418714 -0.000619438 -0.000562526 -0.000567421 -0.000379552   0.00117826 -0.000344756   0.00370954   0.00297954
  -0.0247325  -0.00844996  -0.00164571   -0.0104296  -0.00616562  -0.00695443  -0.00660441  -0.00528235    -0.011018  -0.00459814   -0.0029925  -0.00493761  -0.00508316  -0.00169948    -0.072661   -0.0222777   0.00290167    -0.019896  -0.00422088  -0.00419483  0.000544412 -0.000269488  -0.00153409 -0.000811925   0.00366926    -0.057855     0.983793   0.00509936   -0.0334494 -0.000932828  -0.00113022  0.000168502  -0.00106747  -0.00118003  -3.8104e-05 -0.000988405  -0.00118156 -0.000206621 -0.000586611  -0.00096223  -0.00116667 -0.000348643 -0.000593926   -0.0003783 -0.000950742  0.000598902  0.000430167 -0.000893156  -0.00109124 -0.000299675 -0.000497049   -0.0006037 -0.000638901 -0.000331298  -0.00061569  -0.00105658  0.000461607  7.44304e-05
  0.00464757  0.000267978 -0.000458752   -0.0159097  -0.00518437    0.0173986   -0.0400177  -0.00925485    0.0293981   -0.0325995   -0.0365911   -0.0104757   0.00903646   -0.0569341    0.0435902   0.00821751   -0.0115772  0.000917855   -0.0272783   -0.0068992  -0.00716242   -0.0231384  -0.00149438    0.0016121   0.00222967    0.0313805   0.00509936     0.979996     0.012147  -0.00251017  -0.00225816  -0.00127791  -0.00218468  -0.00218752 -0.000736417  -0.00159476   -0.0020649 -8.19965e-05 -0.000614415  -0.00136666  -0.00197752  0.000152265  -0.00011358  -0.00247778  -0.00234749  -0.00233769  -0.00250179  -0.00132645  -0.00184619   -2.933e-05 -0.000370913 -0.000944778  -0.00110249 -0.000349485  -0.00243664  -0.00230864  -0.00183685  -0.00217587
  -0.0587764  -0.00876421  -0.00566156    -0.021406  -0.00443513   -0.0178683   -0.0241761  -0.00431425   -0.0264395   -0.0299619   -0.0202827  -0.00432319   -0.0122072   -0.0338677    -0.217559   -0.0523982   0.00932439     -0.06812   -0.0134838  -0.00211027  -0.00232699  -0.00955911    0.0068326   0.00375693    0.0158434     -0.16706   -0.0334494     0.012147     0.884647 -0.000791532  -0.00108161  0.000770032  -0.00111192  -0.00119799  0.000290868  -0.00105808  -0.00122649 -4.50109e-05 -0.000589363  -0.00101345  -0.00121385 -0.000306025 -0.000537522  0.000257664 -0.000686849   0.00181394   0.00155021 -0.000934198  -0.00113341 -0.000345549 -0.000546629 -0.000624987  -0.00067463 -0.000365814 -0.000207867 -0.000907503   0.00142539  0.000803393
 -0.00163978 -0.000824736 -0.000318276   -0.0031793  -0.00170231  0.000931571  -0.00449958  -0.00212187  0.000299869  -0.00362178  -0.00282931  -0.00229453  0.000570265  -0.00237076   0.00134746 -0.000963729   -0.0016282  -0.00158434  -0.00251492  -0.00169729   0.00362155    0.0018038   0.00349693    0.0013168    0.0114107  0.000153934 -0.000932828  -0.00251017 -0.000791532    0.0215701 -0.000979854 -0.000625069  -0.00105233 -0.000982101 -0.000585598 -0.000892397 -0.000960465 -0.000525665 -0.000677111 -0.000842688 -0.000935257 -0.000541136 -0.000637082 -0.000934527 -0.000966715 -0.000782556 -0.000843783 -0.000754945 -0.000864215 -0.000409041 -0.000529647 -0.000495255 -0.000505682 -0.000331332  -0.00096741 -0.000974024 -0.000673823 -0.000803702
 -0.00188098 -0.000933731 -0.000303935  -0.00313094  -0.00170937  0.000834416  -0.00433131  -0.00208011    0.0003401  -0.00342113  -0.00265204  -0.00221368  0.000491231  -0.00246231  0.000154412  -0.00126671  -0.00149036  -0.00169468   -0.0024092  -0.00164332    0.0030501   0.00134671   0.00285341   0.00107977   0.00975927 -0.000667871  -0.00113022  -0.00225816  -0.00108161 -0.000979854    0.0217589 -0.000544231 -0.000952628 -0.000898046 -0.000509903 -0.000807662 -0.000877889 -0.000455133 -0.000599301 -0.000762044 -0.000854793 -0.000468634 -0.000560002  -0.00083144 -0.000880321 -0.000673729 -0.000724097 -0.000685009 -0.000790696 -0.000356401  -0.00046825 -0.000451206 -0.000463583 -0.000294954 -0.000868366  -0.00088953 -0.000581911 -0.000701546
 0.000196271  5.76001e-06 -0.000119403 -0.000911605 -0.000539585  0.000331593  -0.00115818 -0.000744822 -0.000462589  -0.00106134 -0.000435819 -0.000860144  0.000333282  0.000742711   0.00326724  0.000363033 -0.000826403 -9.11192e-05 -0.000420245  -0.00062893   0.00303726   0.00241348   0.00295472   0.00103321    0.0084463   0.00218898  0.000168502  -0.00127791  0.000770032 -0.000625069 -0.000544231    0.0222322 -0.000609907 -0.000546906 -0.000406056 -0.000523424 -0.000536931 -0.000378966 -0.000437725 -0.000498424 -0.000523409 -0.000390513 -0.000428413 -0.000537886 -0.000538616 -0.000507003 -0.000517346 -0.000439762 -0.000481787  -0.00028715 -0.000346408 -0.000283503 -0.000280777 -0.000209921 -0.000555245 -0.000540719 -0.000446533 -0.000491144
 -0.00178736 -0.000847852 -0.000315121  -0.00294291  -0.00162674  0.000644279  -0.00383858  -0.00197696 -0.000195725  -0.00310805   -0.0021941  -0.00213045  0.000411085  -0.00138178  0.000234096  -0.00118626  -0.00142982  -0.00169976  -0.00206345  -0.00159024   0.00380592   0.00225168   0.00360619   0.00131982    0.0115796 -0.000601458  -0.00106747  -0.00218468  -0.00111192  -0.00105233 -0.000952628 -0.000609907    0.0216258 -0.000957042  -0.00058243 -0.000879414 -0.000937777 -0.000537149 -0.000682228 -0.000833794 -0.000913894 -0.000559363 -0.000654088 -0.000886595 -0.000934169 -0.000737284 -0.000782666 -0.000743804  -0.00084396 -0.000418291  -0.00053467 -0.000485962 -0.000493357 -0.000331074 -0.000927716 -0.000944326 -0.000642718 -0.000760824
 -0.00194653 -0.000950912 -0.000307071  -0.00309792  -0.00170283  0.000759809   -0.0042071  -0.00206012  0.000192692  -0.00332683  -0.00254679  -0.00219421  0.000448102  -0.00223191 -0.000160998  -0.00133712  -0.00144186  -0.00174716  -0.00233465  -0.00163531   0.00314273   0.00148924   0.00293378   0.00109884    0.0099524 -0.000898793  -0.00118003  -0.00218752  -0.00119799 -0.000982101 -0.000898046 -0.000546906 -0.000957042    0.0217538 -0.000515486 -0.000813143 -0.000881317 -0.000463865 -0.000607633 -0.000768103 -0.000858395 -0.000479204 -0.000570801 -0.000828172 -0.000880779 -0.000669962 -0.000717384 -0.000689692 -0.000793892 -0.000363414 -0.000475339 -0.000453711 -0.000465233 -0.000298551 -0.000867459 -0.000890852  -0.00058076 -0.000698869
-1.97403e-05 -1.42368e-05 -0.000118304 -0.000500639 -0.000423681 -0.000182288  3.35433e-05 -0.000508966  -0.00137299 -0.000124439  0.000771477  -0.00058507  6.07797e-05   0.00259505   0.00172037  2.78451e-05 -0.000519478 -0.000230131  0.000439919 -0.000446984   0.00343794   0.00328097   0.00317965   0.00104702   0.00888165   0.00107952  -3.8104e-05 -0.000736417  0.000290868 -0.000585598 -0.000509903 -0.000406056  -0.00058243 -0.000515486    0.0222462 -0.000511158 -0.000509039 -0.000405282 -0.000453175 -0.000492501 -0.000497398 -0.000428027 -0.000462878 -0.000486888 -0.000499093 -0.000454366 -0.000456429 -0.000429365 -0.000456881 -0.000308352 -0.000361054 -0.000273462 -0.000265568 -0.000213564 -0.000510051 -0.000503772 -0.000409578 -0.000444816
 -0.00157561 -0.000727853 -0.000262984  -0.00225683  -0.00133332  0.000289957  -0.00249858  -0.00155757 -0.000646276  -0.00204363 -0.000999042   -0.0016624  0.000213249  9.57804e-05 -0.000312053  -0.00113513  -0.00107521   -0.0014428  -0.00118769  -0.00125929   0.00358806   0.00257126    0.0032994   0.00115776    0.0103722 -0.000877666 -0.000988405  -0.00159476  -0.00105808 -0.000892397 -0.000807662 -0.000523424 -0.000879414 -0.000813143 -0.000511158    0.0218939 -0.000798791 -0.000491283 -0.000612688 -0.000726373 -0.000779306 -0.000521136 -0.000607066 -0.000744507 -0.000789536 -0.000616256 -0.000651567 -0.000642575 -0.000718968 -0.000381442  -0.00047903 -0.000416949 -0.000419958 -0.000291053 -0.000782129   -0.0007993 -0.000541661 -0.000638355
 -0.00193101  -0.00093667 -0.000300174  -0.00296998  -0.00165117  0.000669405  -0.00393937  -0.00198403  4.41259e-05  -0.00311593  -0.00232618  -0.00211343  0.000397015  -0.00188477 -0.000331901  -0.00134447  -0.00136296  -0.00171771  -0.00217002  -0.00158229   0.00317004   0.00162212   0.00294437   0.00108913   0.00990537  -0.00101061  -0.00118156   -0.0020649  -0.00122649 -0.000960465 -0.000877889 -0.000536931 -0.000937777 -0.000881317 -0.000509039 -0.000798791    0.0217921 -0.000462469 -0.000602122 -0.000755642  -0.00084055 -0.000479681 -0.000569581 -0.000807546 -0.000860078 -0.000652916 -0.000698417 -0.000677463 -0.000777235 -0.000362247 -0.000471364  -0.00044498 -0.000455286 -0.000294902 -0.000846844  -0.00087034 -0.000567301 -0.000681879
-0.000158027 -1.99838e-05 -9.92058e-05  8.44953e-05  -0.00025532 -0.000739372   0.00169391 -0.000170372  -0.00231068   0.00118276    0.0025404 -0.000188147  -0.00025584   0.00511097  0.000409854 -0.000242042 -0.000152004 -0.000229064   0.00160585 -0.000187982   0.00388581   0.00440708   0.00341404   0.00104362   0.00922585  0.000126961 -0.000206621 -8.19965e-05 -4.50109e-05 -0.000525665 -0.000455133 -0.000378966 -0.000537149 -0.000463865 -0.000405282 -0.000491283 -0.000462469    0.0222107 -0.000484071 -0.000483803 -0.000453692 -0.000489505 -0.000533729 -0.000424804 -0.000441057  -0.00039323  -0.00039268 -0.000410263 -0.000414881 -0.000337089 -0.000382089 -0.000254942 -0.000239883 -0.000215092 -0.000449459  -0.00044708  -0.00036306 -0.000389981
-0.000843294 -0.000347073 -0.000164816 -0.000831959 -0.000679757  -0.00036464  0.000213651 -0.000683484  -0.00168602  3.62476e-05   0.00137353 -0.000732838 -0.000120456   0.00346218   -0.0001965 -0.000676073 -0.000464321 -0.000773307   0.00057239 -0.000596037   0.00385358   0.00387283   0.00346549   0.00112043     0.009877  -0.00054416 -0.000586611 -0.000614415 -0.000589363 -0.000677111 -0.000599301 -0.000437725 -0.000682228 -0.000607633 -0.000453175 -0.000612688 -0.000602122 -0.000484071    0.0220888 -0.000597443 -0.000589401 -0.000534863 -0.000611618 -0.000554323 -0.000582645 -0.000481979  -0.00049778 -0.000512126 -0.000540676 -0.000370053 -0.000438991 -0.000322793 -0.000313283 -0.000251267 -0.000584931 -0.000590535 -0.000433982 -0.000491881
 -0.00149436 -0.000688069 -0.000243682  -0.00198868  -0.00122992  0.000137935  -0.00193319  -0.00140176  -0.00086894  -0.00159122 -0.000469666  -0.00148814  0.000130856  0.000802242 -0.000460922  -0.00111384 -0.000940662  -0.00133009 -0.000812138  -0.00113982   0.00359151   0.00280125   0.00325226   0.00111494    0.0101047 -0.000950726  -0.00096223  -0.00136666  -0.00101345 -0.000842688 -0.000762044 -0.000498424 -0.000833794 -0.000768103 -0.000492501 -0.000726373 -0.000755642 -0.000483803 -0.000597443    0.0219586 -0.000737691  -0.00051803 -0.000602433 -0.000700537 -0.000743985   -0.0005794  -0.00061197 -0.000612903 -0.000680181 -0.000374885 -0.000466415 -0.000396103 -0.000397071 -0.000280437 -0.000736797 -0.000753581 -0.000511255 -0.000600995
 -0.00189678 -0.000920954 -0.000291942  -0.00286997  -0.00160627  0.000620743  -0.00376526  -0.00192314 -1.77563e-05  -0.00297468  -0.00220187  -0.00204886  0.000368071  -0.00171113 -0.000391173  -0.00132704  -0.00130551  -0.00167215  -0.00207189  -0.00153876   0.00312431   0.00164676   0.00289334   0.00106344   0.00970965  -0.00103999  -0.00116667  -0.00197752  -0.00121385 -0.000935257 -0.000854793 -0.000523409 -0.000913894 -0.000858395 -0.000497398 -0.000779306  -0.00084055 -0.000453692 -0.000589401 -0.000737691    0.0218357 -0.000471384 -0.000559178 -0.000785605 -0.000837065  -0.00063475 -0.000679059    -0.000661 -0.000757379 -0.000355378 -0.000461556 -0.000433913 -0.000443589 -0.000288321 -0.000824121 -0.000847224 -0.000551946 -0.000663389
-0.000334164 -6.69501e-05 -0.000104161   0.00023953 -0.000240732 -0.000979874   0.00236395 -8.07127e-05  -0.00275382   0.00169719   0.00335935 -7.51282e-05 -0.000399583   0.00631422 -0.000299812 -0.000442172 -2.49585e-05 -0.000326622    0.0020931 -0.000123732   0.00426455   0.00507162   0.00369274   0.00110308   0.00989394 -0.000433216 -0.000348643  0.000152265 -0.000306025 -0.000541136 -0.000468634 -0.000390513 -0.000559363 -0.000479204 -0.000428027 -0.000521136 -0.000479681 -0.000489505 -0.000534863  -0.00051803 -0.000471384    0.0221046 -0.000607975 -0.000432538 -0.000452221  -0.00039446 -0.000395722 -0.000433578  -0.00043022 -0.000371313 -0.000418294 -0.000266518 -0.000248102 -0.000230364 -0.000459401 -0.000459283 -0.000366908 -0.000395962
-0.000748272 -0.000290257 -0.000133988 -0.000248125  -0.00050131 -0.000778521   0.00176667 -0.000357272  -0.00240009   0.00125052   0.00308956 -0.000355576 -0.000335592   0.00583454 -0.000586714 -0.000712194 -0.000187432 -0.000582461   0.00168034 -0.000346995   0.00436428   0.00501767   0.00379654   0.00115692    0.0104428 -0.000785139 -0.000593926  -0.00011358 -0.000537522 -0.000637082 -0.000560002 -0.000428413 -0.000654088 -0.000570801 -0.000462878 -0.000607066 -0.000569581 -0.000533729 -0.000611618 -0.000602433 -0.000559178 -0.000607975    0.0219539 -0.000513546 -0.000541712 -0.000449211  -0.00046034 -0.000503867 -0.000511074 -0.000404415 -0.000468127 -0.000311053 -0.000294981 -0.000256618 -0.000544449 -0.000550052 -0.000411036 -0.000459256
-0.000825713 -0.000515781 -0.000252994  -0.00270393   -0.0014318      0.00114  -0.00413576  -0.00184712  0.000872099  -0.00328756  -0.00265961   -0.0020009  0.000684446  -0.00261325   0.00428979 -0.000131213  -0.00162035 -0.000701279  -0.00232966  -0.00146855   0.00284999   0.00117185   0.00276319   0.00106529   0.00919036   0.00210414   -0.0003783  -0.00247778  0.000257664 -0.000934527  -0.00083144 -0.000537886 -0.000886595 -0.000828172 -0.000486888 -0.000744507 -0.000807546 -0.000424804 -0.000554323 -0.000700537 -0.000785605 -0.000432538 -0.000513546    0.0217535 -0.000842545  -0.00075942 -0.000906569   -0.0006295 -0.000726383 -0.000329084 -0.000431316 -0.000414494 -0.000425776  -0.00027186 -0.000881521 -0.000835701 -0.000623478 -0.000782116
 -0.00162074 -0.000850248 -0.000288067  -0.00306712  -0.00166971  0.000947232   -0.0043478  -0.00205355  0.000558904  -0.00342204  -0.00266419  -0.00218454  0.000561308   -0.0026032   0.00121271   -0.0010017  -0.00155846  -0.00144424  -0.00241023  -0.00161337   0.00292734   0.00120818   0.00273599   0.00104652   0.00942337   7.4821e-05 -0.000950742  -0.00234749 -0.000686849 -0.000966715 -0.000880321 -0.000538616 -0.000934169 -0.000880779 -0.000499093 -0.000789536 -0.000860078 -0.000441057 -0.000582645 -0.000743985 -0.000837065 -0.000452221 -0.000541712 -0.000842545    0.0217838 -0.000688721 -0.000756052 -0.000669258  -0.00077435 -0.000344482 -0.000454217 -0.000441306 -0.000454241 -0.000286759  -0.00086811  -0.00087667 -0.000587617 -0.000713921
 0.000650393  6.89979e-05 -0.000138583  -0.00165752 -0.000804459   0.00122686  -0.00307199   -0.0012142   0.00100438  -0.00256566  -0.00219346  -0.00139908  0.000801122  -0.00186894   0.00727616   0.00113373  -0.00146729  0.000330404  -0.00175916  -0.00100151   0.00279621   0.00141935   0.00294049   0.00112498   0.00877102   0.00477246  0.000598902  -0.00233769   0.00181394 -0.000782556 -0.000673729 -0.000507003 -0.000737284 -0.000669962 -0.000454366 -0.000616256 -0.000652916  -0.00039323 -0.000481979   -0.0005794  -0.00063475  -0.00039446 -0.000449211  -0.00075942 -0.000688721    0.0219433 -0.000800927 -0.000516902  -0.00058549 -0.000296266 -0.000374808 -0.000337445 -0.000342068 -0.000233036 -0.000740141 -0.000679142  -0.00059098 -0.000692082
 0.000326914 -3.17614e-05 -0.000184838  -0.00202033 -0.000997752   0.00132231  -0.00357609  -0.00143234   0.00117693  -0.00289979  -0.00254764   -0.0016205  0.000809195  -0.00238121    0.0079486    0.0010497  -0.00158416   0.00031626  -0.00209945   -0.0011769   0.00270646   0.00118094   0.00279578   0.00108693   0.00869788   0.00467304  0.000430167  -0.00250179   0.00155021 -0.000843783 -0.000724097 -0.000517346 -0.000782666 -0.000717384 -0.000456429 -0.000651567 -0.000698417  -0.00039268  -0.00049778  -0.00061197 -0.000679059 -0.000395722  -0.00046034 -0.000906569 -0.000756052 -0.000800927    0.0216383 -0.000548072 -0.000626945 -0.000299719 -0.000386674  -0.00035921 -0.000366374 -0.000242352 -0.000840705 -0.000736191 -0.000636716 -0.000813175
 -0.00140053 -0.000659645 -0.000224467  -0.00194354  -0.00116498   0.00021894   -0.0021456   -0.0013535 -0.000593477  -0.00172494 -0.000887951   -0.0014413  0.000165824  6.43272e-05 -0.000401109  -0.00102634 -0.000899801   -0.0012373  -0.00103046  -0.00109768   0.00301265   0.00214481   0.00273572  0.000952886   0.00869234 -0.000864451 -0.000893156  -0.00132645 -0.000934198 -0.000754945 -0.000685009 -0.000439762 -0.000743804 -0.000689692 -0.000429365 -0.000642575 -0.000677463 -0.000410263 -0.000512126 -0.000612903    -0.000661 -0.000433578 -0.000503867   -0.0006295 -0.000669258 -0.000516902 -0.000548072    0.0221109  -0.00061016 -0.000319412 -0.000402012 -0.000353671 -0.000356626 -0.000245591 -0.000661616 -0.000677799 -0.000454372 -0.000537457
 -0.00177271 -0.000863957 -0.000271219  -0.00268692   -0.0015023  0.000592487  -0.00355415  -0.00180076  2.42819e-05  -0.00280347  -0.00210274  -0.00191732  0.000349637  -0.00169911 -0.000375219   -0.0012413  -0.00121768  -0.00155768  -0.00196456  -0.00144015   0.00284515   0.00145375   0.00263398   0.00096948   0.00889314  -0.00097683  -0.00109124  -0.00184619  -0.00113341 -0.000864215 -0.000790696 -0.000481787  -0.00084396 -0.000793892 -0.000456881 -0.000718968 -0.000777235 -0.000414881 -0.000540676 -0.000680181 -0.000757379  -0.00043022 -0.000511074 -0.000726383  -0.00077435  -0.00058549 -0.000626945  -0.00061016    0.0219543 -0.000325184 -0.000423505 -0.000400971 -0.000410481 -0.000265168 -0.000761901 -0.000783766 -0.000508728 -0.000612303
-0.000346116 -9.14285e-05 -9.18335e-05 -4.57382e-05 -0.000249605  -0.00061534   0.00116616 -0.000183758  -0.00184679  0.000811945   0.00179661 -0.000199711 -0.000240914    0.0037762 -0.000314263 -0.000373945 -9.34927e-05 -0.000357679   0.00112145 -0.000189122   0.00293877   0.00329763   0.00257212  0.000788169   0.00703054 -0.000418714 -0.000299675   -2.933e-05 -0.000345549 -0.000409041 -0.000356401  -0.00028715 -0.000418291 -0.000363414 -0.000308352 -0.000381442 -0.000362247 -0.000337089 -0.000370053 -0.000374885 -0.000355378 -0.000371313 -0.000404415 -0.000329084 -0.000344482 -0.000296266 -0.000299719 -0.000319412 -0.000325184    0.0223969 -0.000293672  -0.00019916 -0.000187929 -0.000166617 -0.000349006 -0.000349748 -0.000273451  -0.00029896
-0.000689952 -0.000273817 -0.000132263 -0.000572873 -0.000514302 -0.000423007  0.000344093 -0.000506596  -0.00161015  0.000184327   0.00115862 -0.000547585 -0.000157354   0.00302795 -0.000407755 -0.000583675 -0.000300458 -0.000622397  0.000568563 -0.000452408   0.00314467   0.00320729   0.00279224  0.000890425   0.00794854 -0.000619438 -0.000497049 -0.000370913 -0.000546629 -0.000529647  -0.00046825 -0.000346408  -0.00053467 -0.000475339 -0.000361054  -0.00047903 -0.000471364 -0.000382089 -0.000438991 -0.000466415 -0.000461556 -0.000418294 -0.000468127 -0.000431316 -0.000454217 -0.000374808 -0.000386674 -0.000402012 -0.000423505 -0.000293672    0.0223092 -0.000253923 -0.000245303 -0.000199819 -0.000456055 -0.000460813  -0.00033954 -0.000383531
-0.000955416 -0.000457251 -0.000151097  -0.00138211 -0.000807149  0.000215499  -0.00166426 -0.000951512 -0.000242319  -0.00132242 -0.000835055  -0.00101185  0.000146456 -0.000369792 -0.000243741 -0.000693256 -0.000636257 -0.000843614 -0.000849505 -0.000765153   0.00183804   0.00117243   0.00167232  0.000592666    0.0054479 -0.000562526   -0.0006037 -0.000944778 -0.000624987 -0.000495255 -0.000451206 -0.000283503 -0.000485962 -0.000453711 -0.000273462 -0.000416949  -0.00044498 -0.000254942 -0.000322793 -0.000396103 -0.000433913 -0.000266518 -0.000311053 -0.000414494 -0.000441306 -0.000337445  -0.00035921 -0.000353671 -0.000400971  -0.00019916 -0.000253923    0.0224235 -0.000234751 -0.000157172 -0.000435237 -0.000446822 -0.000295338 -0.000351624
 -0.00103648  -0.00049987 -0.000160834  -0.00159159 -0.000889317   0.00036231  -0.00211811  -0.00106898  5.12546e-05  -0.00167953  -0.00122461  -0.00113285  0.000218409  -0.00106625 -0.000222525  -0.00073614 -0.000732036 -0.000928789  -0.00114669 -0.000846904   0.00163906   0.00080864   0.00151457  0.000557295    0.0051452 -0.000567421 -0.000638901  -0.00110249  -0.00067463 -0.000505682 -0.000463583 -0.000280777 -0.000493357 -0.000465233 -0.000265568 -0.000419958 -0.000455286 -0.000239883 -0.000313283 -0.000397071 -0.000443589 -0.000248102 -0.000294981 -0.000425776 -0.000454241 -0.000342068 -0.000366374 -0.000356626 -0.000410481 -0.000187929 -0.000245303 -0.000234751    0.0224138  -0.00015394 -0.000446389 -0.000459704    -0.000297 -0.000357508
