    34    34     1
    0.957983    0.0182499   -0.0022342   -0.0092414  -0.00240337  -0.00486935    0.0740274  -0.00659612    0.0694497   0.00905121 -0.000346524  -0.00112219 -4.53476e-16  -0.00560694  -0.00823368  -0.00341336   0.00873309    0.0140788   -0.0488106     0.031685   0.00047441    0.0198374    0.0228375    0.0169991   -0.0403846      0.03678    0.0114372 -0.000257535  -0.00567399  -0.00297801  -0.00221041 -0.000107688  0.000788313  0.000958646
   0.0182499     0.950445     -0.01583   -0.0209576  -0.00184648   0.00569754   -0.0914844   -0.0183708   -0.0973268  -0.00883498    -0.023667   -0.0120645  3.78584e-17   -0.0120408    0.0100122   -0.0598348   -0.0241839   -0.0344107    0.0196422    0.0512569   -0.0220239   -0.0274093   -0.0246273   -0.0407109    0.0112125  -0.00982085   -0.0366774   -0.0108957   -0.0160706   -0.0227297  -0.00127522 -0.000246885   -0.0114111   0.00579388
  -0.0022342     -0.01583     0.991549  -0.00665645  0.000246932   0.00125494   -0.0159757  -0.00857115    -0.019917  -0.00306066   -0.0102599  -0.00556943  6.11816e-17  -0.00755537   0.00572985   -0.0107845   -0.0088111   -0.0120911  -0.00322488    0.0443912  -0.00902449   0.00251734  -0.00464282    -0.013032  -0.00399014   0.00251251  -0.00702711  -0.00511258  -0.00430595   -0.0101333  -0.00165272 -0.000328349  -0.00645482   0.00500364
  -0.0092414   -0.0209576  -0.00665645     0.933368  -0.00286079  0.000108663   -0.0114577   -0.0238079    -0.016807    0.0238594   -0.0205164  -0.00560703 -1.03471e-16  -0.00627779    -0.013587    -0.162277  -0.00662211   -0.0127025   -0.0176509   -0.0711801   -0.0167091   -0.0473578   0.00895478   -0.0112188   -0.0225356    0.0408522   -0.0630999   0.00465235   -0.0314751   -0.0256949  -0.00385568 -0.000514728  -0.00636518   0.00472629
 -0.00240337  -0.00184648  0.000246932  -0.00286079  0.000886649  0.000759474   0.00785524  -0.00138861    0.0027715   0.00304805 -3.49681e-05 -0.000789034  1.27852e-17  0.000203744  0.000520919   -0.0082626   0.00178968   0.00227151  -0.00470412  0.000260305 -0.000224319  -0.00518315 -0.000498302  -0.00207076  -0.00411945 -0.000112684 -0.000432037  0.000732566  -0.00410681  -0.00094144  -0.00018726  6.44432e-05 -0.000891611  8.35639e-05
 -0.00486935   0.00569754   0.00125494  0.000108663  0.000759474     0.997791     0.011245   0.00105881    0.0116771   0.00129569   0.00220966  0.000716179 -4.17177e-17  0.000543587  -0.00311722   0.00222047   0.00283516   0.00417078  -0.00456855  -0.00661452   0.00194344   0.00212889   0.00353442    0.0050217  -0.00414494   0.00407024    0.0025223  0.000701913 -0.000151574   0.00192875  0.000442683  9.95777e-05   0.00255121     0.001687
   0.0740274   -0.0914844   -0.0159757   -0.0114577   0.00785524     0.011245     0.746602   -0.0151467    -0.248134   -0.0316792   -0.0282988   -0.0159396 -1.19837e-15  -0.00731668    0.0116261   -0.0773868   -0.0438827   -0.0614859    0.0900211   0.00778104    -0.029431   -0.0822395   -0.0688436   -0.0775033    0.0661607   -0.0656765   -0.0662197   -0.0194104   -0.0207741    -0.022633   0.00457014  0.000987169  -0.00457633  -0.00192428
 -0.00659612   -0.0183708  -0.00857115   -0.0238079  -0.00138861   0.00105881   -0.0151467     0.986079   -0.0200077   0.00389801    -0.013813  -0.00624088   8.3203e-18  -0.00791837 -0.000211513   -0.0548079   -0.0085745    -0.012453  -0.00996046    0.0180391   -0.0119995   -0.0125174  -0.00107823   -0.0134093   -0.0115364    0.0147035   -0.0229761  -0.00335881   -0.0133376   -0.0152149  -0.00214922 -0.000297572  -0.00614644   0.00412849
   0.0694497   -0.0973268    -0.019917    -0.016807    0.0027715    0.0116771    -0.248134   -0.0200077     0.752426   -0.0306162   -0.0329777   -0.0183709 -4.18331e-16   -0.0111231    0.0147371   -0.0868031   -0.0464052   -0.0653214    0.0835102    0.0347945   -0.0335613   -0.0791583   -0.0683957   -0.0820703    0.0598058   -0.0589576   -0.0691948   -0.0211229   -0.0243546   -0.0277868   0.00367593  0.000740392  -0.00875562   0.00143994
  0.00905121  -0.00883498  -0.00306066    0.0238594   0.00304805   0.00129569   -0.0316792   0.00389801   -0.0306162     0.984144  0.000742011  -0.00242709 -1.32145e-16  -0.00202406   0.00824165    0.0539284  -0.00618543  -0.00674356    0.0141809    0.0538243 -0.000722757    0.0104589   -0.0138808  -0.00998977    0.0132405   -0.0222217    0.0157657  -0.00740642   0.00769356   0.00364732   0.00181168  0.000313838  0.000484204 -0.000239794
-0.000346524    -0.023667   -0.0102599   -0.0205164 -3.49681e-05   0.00220966   -0.0282988    -0.013813   -0.0329777  0.000742011     0.984481  -0.00712693  4.22486e-17  -0.00885714    0.0038841   -0.0466233    -0.011907   -0.0172028  -0.00267298    0.0289336   -0.0134657   -0.0103643    -0.005574   -0.0184092  -0.00517954   0.00752518   -0.0224212  -0.00461582   -0.0110043   -0.0162218  -0.00243515 -0.000426338  -0.00837217   0.00511735
 -0.00112219   -0.0120645  -0.00556943  -0.00560703 -0.000789034  0.000716179   -0.0159396  -0.00624088   -0.0183709  -0.00242709  -0.00712693     0.995842  5.88645e-17  -0.00494753   0.00230391   -0.0124497   -0.0062573  -0.00843487   -0.0015041    0.0249122  -0.00652956  -0.00305466   -0.0044924  -0.00990919  -0.00248202  0.000950601  -0.00717225  -0.00385485  -0.00458412  -0.00707338 -0.000649431 -6.39218e-05  -0.00284053   0.00320053
-4.53476e-16  3.78584e-17  6.11816e-17 -1.03471e-16  1.27852e-17 -4.17177e-17 -1.19837e-15   8.3203e-18 -4.18331e-16 -1.32145e-16  4.22486e-17  5.88645e-17  5.73142e-30  1.60256e-17 -1.22219e-16  5.77741e-17 -1.56877e-16  1.57737e-16 -1.27824e-15    -7.14e-17  9.84144e-17 -1.30063e-17  2.76298e-16  2.31248e-17 -2.68009e-16 -1.78832e-17  2.13757e-16 -6.18348e-17 -1.14764e-16  4.49456e-17 -3.34245e-17  -3.6309e-18  1.80856e-17 -7.30642e-18
 -0.00560694   -0.0120408  -0.00755537  -0.00627779  0.000203744  0.000543587  -0.00731668  -0.00791837   -0.0111231  -0.00202406  -0.00885714  -0.00494753  1.60256e-17     0.992914   0.00426968  -0.00883948  -0.00687967  -0.00924654  -0.00695476    0.0418494  -0.00773821   0.00425757  -0.00207774  -0.00975833  -0.00691521   0.00529133  -0.00483689  -0.00452166  -0.00408352  -0.00894617   -0.0015552 -0.000286639  -0.00534626   0.00484354
 -0.00823368    0.0100122   0.00572985    -0.013587  0.000520919  -0.00311722    0.0116261 -0.000211513    0.0147371   0.00824165    0.0038841   0.00230391 -1.22219e-16   0.00426968     0.985093   -0.0400531   0.00702771   0.00983989  -0.00923414   -0.0632028   0.00317178   -0.0207728    0.0074479    0.0102113  -0.00928912    0.0129739   -0.0120761   0.00408539   -0.0084441   0.00213193    0.0016106  0.000618622   0.00963026  -0.00257331
 -0.00341336   -0.0598348   -0.0107845    -0.162277   -0.0082626   0.00222047   -0.0773868   -0.0548079   -0.0868031    0.0539284   -0.0466233   -0.0124497  5.77741e-17  -0.00883948   -0.0400531     0.577177     -0.01748   -0.0330958   -0.0197381    -0.220849   -0.0399368    -0.150808   0.00785375   -0.0346781     -0.03727    0.0853257    -0.170103    0.0109721   -0.0830901   -0.0583617   -0.0044336 -0.000179667  -0.00497781    0.0070627
  0.00873309   -0.0241839   -0.0088111  -0.00662211   0.00178968   0.00283516   -0.0438827   -0.0085745   -0.0464052  -0.00618543    -0.011907   -0.0062573 -1.56877e-16  -0.00687967   0.00702771     -0.01748     0.987245   -0.0178639   0.00970501    0.0367469   -0.0108955  -0.00718565    -0.012308   -0.0202473   0.00619324  -0.00683857   -0.0137942   -0.0061562  -0.00516052   -0.0110719   -0.0010095  -0.00021981  -0.00660053   0.00368747
   0.0140788   -0.0344107   -0.0120911   -0.0127025   0.00227151   0.00417078   -0.0614859    -0.012453   -0.0653214  -0.00674356   -0.0172028  -0.00843487  1.57737e-16  -0.00924654   0.00983989   -0.0330958   -0.0178639     0.974407    0.0150476    0.0438213   -0.0155395   -0.0122448   -0.0167244   -0.0284831   0.00952339  -0.00822437   -0.0228984  -0.00750884   -0.0080294    -0.016299  -0.00160989 -0.000402207  -0.00998319   0.00591315
  -0.0488106    0.0196422  -0.00322488   -0.0176509  -0.00470412  -0.00456855    0.0900211  -0.00996046    0.0835102    0.0141809  -0.00267298   -0.0015041 -1.27824e-15  -0.00695476  -0.00923414   -0.0197381   0.00970501    0.0150476     0.941204    0.0297709 -0.000983409    0.0201179    0.0282705    0.0188853   -0.0486622     0.046484   0.00758186    0.0011763  -0.00835603  -0.00642828  -0.00354171 -0.000308697  -0.00111674   0.00145278
    0.031685    0.0512569    0.0443912   -0.0711801  0.000260305  -0.00661452   0.00778104    0.0180391    0.0347945    0.0538243    0.0289336    0.0249122    -7.14e-17    0.0418494   -0.0632028    -0.220849    0.0367469    0.0438213    0.0297709     0.502156    0.0279221    -0.127868    0.0256658    0.0506853    0.0202575    0.0159067   -0.0806266     0.041766   -0.0225621    0.0208307   0.00530756   0.00170112    0.0388359    -0.020469
  0.00047441   -0.0220239  -0.00902449   -0.0167091 -0.000224319   0.00194344    -0.029431   -0.0119995   -0.0335613 -0.000722757   -0.0134657  -0.00652956  9.84144e-17  -0.00773821   0.00317178   -0.0399368   -0.0108955   -0.0155395 -0.000983409    0.0279221     0.987988   -0.0108682  -0.00658084   -0.0173156  -0.00361237   0.00522092   -0.0197997  -0.00485696   -0.0102044   -0.0138729  -0.00158533 -0.000256598  -0.00644046   0.00434019
   0.0198374   -0.0274093   0.00251734   -0.0473578  -0.00518315   0.00212889   -0.0822395   -0.0125174   -0.0791583    0.0104589   -0.0103643  -0.00305466 -1.30063e-17   0.00425757   -0.0207728    -0.150808  -0.00718565   -0.0122448    0.0201179    -0.127868   -0.0108682     0.915396   -0.0140143   -0.0188627   0.00912288   0.00419122   -0.0670623   0.00262598   -0.0308776    -0.012826   0.00324724   0.00115044    0.0101696  -0.00485243
   0.0228375   -0.0246273  -0.00464282   0.00895478 -0.000498302   0.00353442   -0.0688436  -0.00107823   -0.0683957   -0.0138808    -0.005574   -0.0044924  2.76298e-16  -0.00207774    0.0074479   0.00785375    -0.012308   -0.0167244    0.0282705    0.0256658  -0.00658084   -0.0140143     0.977448   -0.0223316    0.0224724   -0.0267005  -0.00740319  -0.00713628 -0.000618727  -0.00304916   0.00198236  0.000356614 -0.000932235  0.000471688
   0.0169991   -0.0407109    -0.013032   -0.0112188  -0.00207076    0.0050217   -0.0775033   -0.0134093   -0.0820703  -0.00998977   -0.0184092  -0.00990919  2.31248e-17  -0.00975833    0.0102113   -0.0346781   -0.0202473   -0.0284831    0.0188853    0.0506853   -0.0173156   -0.0188627   -0.0223316     0.965828    0.0122533   -0.0134312   -0.0250872  -0.00976653   -0.0104057   -0.0170981 -0.000815906 -0.000165928  -0.00925419   0.00462759
  -0.0403846    0.0112125  -0.00399014   -0.0225356  -0.00411945  -0.00414494    0.0661607   -0.0115364    0.0598058    0.0132405  -0.00517954  -0.00248202 -2.68009e-16  -0.00691521  -0.00928912     -0.03727   0.00619324   0.00952339   -0.0486622    0.0202575  -0.00361237   0.00912288    0.0224724    0.0122533     0.957988    0.0427297  -0.00275635  0.000461875   -0.0120641  -0.00868461  -0.00290554 -0.000256739  -0.00155568   0.00228993
     0.03678  -0.00982085   0.00251251    0.0408522 -0.000112684   0.00407024   -0.0656765    0.0147035   -0.0589576   -0.0222217   0.00752518  0.000950601 -1.78832e-17   0.00529133    0.0129739    0.0853257  -0.00683857  -0.00822437     0.046484    0.0159067   0.00522092   0.00419122   -0.0267005   -0.0134312    0.0427297     0.944328     0.021776  -0.00475234    0.0188003    0.0123793   0.00305877  0.000501356   0.00272058  -0.00435622
   0.0114372   -0.0366774  -0.00702711   -0.0630999 -0.000432037    0.0025223   -0.0662197   -0.0229761   -0.0691948    0.0157657   -0.0224212  -0.00717225  2.13757e-16  -0.00483689   -0.0120761    -0.170103   -0.0137942   -0.0228984   0.00758186   -0.0806266   -0.0197997   -0.0670623  -0.00740319   -0.0250872  -0.00275635     0.021776     0.925644   0.00153641   -0.0332301   -0.0259598  -0.00116756  -2.0957e-05  -0.00312416   0.00485349
-0.000257535   -0.0108957  -0.00511258   0.00465235  0.000732566  0.000701913   -0.0194104  -0.00335881   -0.0211229  -0.00740642  -0.00461582  -0.00385485 -6.18348e-17  -0.00452166   0.00408539    0.0109721   -0.0061562  -0.00750884    0.0011763     0.041766  -0.00485696   0.00262598  -0.00713628  -0.00976653  0.000461875  -0.00475234   0.00153641     0.994195  -0.00122082  -0.00359337  0.000246757   8.4669e-05  -0.00189329   0.00133506
 -0.00567399   -0.0160706  -0.00430595   -0.0314751  -0.00410681 -0.000151574   -0.0207741   -0.0133376   -0.0243546   0.00769356   -0.0110043  -0.00458412 -1.14764e-16  -0.00408352   -0.0084441   -0.0830901  -0.00516052   -0.0080294  -0.00835603   -0.0225621   -0.0102044   -0.0308776 -0.000618727   -0.0104057   -0.0120641    0.0188003   -0.0332301  -0.00122082     0.979871   -0.0131352 -0.000431773  0.000136637  -0.00103034  0.000368438
 -0.00297801   -0.0227297   -0.0101333   -0.0256949  -0.00094144   0.00192875    -0.022633   -0.0152149   -0.0277868   0.00364732   -0.0162218  -0.00707338  4.49456e-17  -0.00894617   0.00213193   -0.0583617   -0.0110719    -0.016299  -0.00642828    0.0208307   -0.0138729    -0.012826  -0.00304916   -0.0170981  -0.00868461    0.0123793   -0.0259598  -0.00359337   -0.0131352     0.982475  -0.00279812 -0.000466176  -0.00842284   0.00536561
 -0.00221041  -0.00127522  -0.00165272  -0.00385568  -0.00018726  0.000442683   0.00457014  -0.00214922   0.00367593   0.00181168  -0.00243515 -0.000649431 -3.34245e-17   -0.0015552    0.0016106   -0.0044336   -0.0010095  -0.00160989  -0.00354171   0.00530756  -0.00158533   0.00324724   0.00198236 -0.000815906  -0.00290554   0.00305877  -0.00116756  0.000246757 -0.000431773  -0.00279812    0.0210744 -0.000305101  -0.00392859 -0.000966398
-0.000107688 -0.000246885 -0.000328349 -0.000514728  6.44432e-05  9.95777e-05  0.000987169 -0.000297572  0.000740392  0.000313838 -0.000426338 -6.39218e-05  -3.6309e-18 -0.000286639  0.000618622 -0.000179667  -0.00021981 -0.000402207 -0.000308697   0.00170112 -0.000256598   0.00115044  0.000356614 -0.000165928 -0.000256739  0.000501356  -2.0957e-05   8.4669e-05  0.000136637 -0.000466176 -0.000305101    0.0225747 -0.000947019  1.77128e-05
 0.000788313   -0.0114111  -0.00645482  -0.00636518 -0.000891611   0.00255121  -0.00457633  -0.00614644  -0.00875562  0.000484204  -0.00837217  -0.00284053  1.80856e-17  -0.00534626   0.00963026  -0.00497781  -0.00660053  -0.00998319  -0.00111674    0.0388359  -0.00644046    0.0101696 -0.000932235  -0.00925419  -0.00155568   0.00272058  -0.00312416  -0.00189329  -0.00103034  -0.00842284  -0.00392859 -0.000947019   0.00832916  -0.00319186
 0.000958646   0.00579388   0.00500364   0.00472629  8.35639e-05     0.001687  -0.00192428   0.00412849   0.00143994 -0.000239794   0.00511735   0.00320053 -7.30642e-18   0.00484354  -0.00257331    0.0070627   0.00368747   0.00591315   0.00145278    -0.020469   0.00434019  -0.00485243  0.000471688   0.00462759   0.00228993  -0.00435622   0.00485349   0.00133506  0.000368438   0.00536561 -0.000966398  1.77128e-05  -0.00319186   0.00176538
* row and column names
hk_i:2_j:2_zone:1.0
hk_i:12_j:12_zone:1.0
hk_i:37_j:17_zone:1.0
hk_i:22_j:12_zone:1.0
rch_i:2_j:7_zone:1.0
hk_i:37_j:7_zone:1.0
hk_i:2_j:12_zone:1.0
hk_i:27_j:17_zone:1.0
hk_i:7_j:12_zone:1.0
hk_i:17_j:2_zone:1.0
hk_i:17_j:17_zone:1.0
hk_i:32_j:2_zone:1.0
hk_i:7_j:7_zone:1.0
hk_i:37_j:12_zone:1.0
hk_i:32_j:7_zone:1.0
hk_i:27_j:12_zone:1.0
hk_i:2_j:17_zone:1.0
hk_i:12_j:17_zone:1.0
hk_i:2_j:7_zone:1.0
hk_i:27_j:7_zone:1.0
hk_i:32_j:17_zone:1.0
hk_i:22_j:7_zone:1.0
hk_i:27_j:2_zone:1.0
hk_i:7_j:17_zone:1.0
hk_i:7_j:2_zone:1.0
hk_i:22_j:2_zone:1.0
hk_i:32_j:12_zone:1.0
hk_i:12_j:2_zone:1.0
hk_i:17_j:12_zone:1.0
hk_i:22_j:17_zone:1.0
rch_i:32_j:7_zone:1.0
rch_i:32_j:2_zone:1.0
rch_i:27_j:7_zone:1.0
rch_i:22_j:7_zone:1.0
