    33    33     1
    0.999523 -0.000938568 -0.000360369  -0.00357897  -0.00147794 -0.000587368   0.00031878 -0.000932673 -0.000279381   0.00171654 -0.000958803 -0.000253099  4.97827e-19 -0.000410318  -0.00103096   -0.0103951 -0.000128036 -0.000702053 -0.000975323  -0.00466506 -0.000727869  -0.00200991  0.000243164 -0.000355906  -0.00130057    0.0023217  -0.00443476   0.00067936  -0.00197645  -0.00112313 -2.21587e-06 -0.000283771  0.000766527
-0.000938568     0.984844  -0.00609967   -0.0157163   0.00258145  -0.00554385   -0.0160614  -0.00488371   -0.0180602  0.000208385   -0.0106804 -0.000581767 -4.93176e-18  -0.00556361  -0.00637826   -0.0484613  -0.00647066   -0.0131674   -0.0104133  -0.00224869  -0.00688599   -0.0110727   0.00056357   -0.0114384  -0.00112937  -0.00269313   -0.0237951  0.000186956   -0.0126938  -0.00973566 -7.09666e-07   0.00536887  -0.00207495
-0.000360369  -0.00609967     0.995604  -0.00482336  0.000224251  -0.00431551  -0.00558723   -0.0021084  -0.00694779  -0.00105871  -0.00585135  0.000168089  1.95647e-18  -0.00397529  -0.00300315  -0.00165464   -0.0036946  -0.00606457  -0.00388811   0.00260003  -0.00295089 -0.000763904 -3.45352e-06  -0.00665109  0.000439923  -0.00348019 -0.000786651 -0.000287521  -0.00457264  -0.00556433 -2.27231e-07   0.00033496  0.000340288
 -0.00357897   -0.0157163  -0.00482336     0.946027  -0.00256917  -0.00543046   -0.0162563   -0.0148529   -0.0184009    0.0189327   -0.0164981  -0.00310925 -2.60978e-18   -0.0044251   -0.0192919    -0.146193  -0.00469683   -0.0107933  -0.00977241   -0.0782181   -0.0114044   -0.0467787   0.00274834  -0.00859568   -0.0129415    0.0277465   -0.0545073   0.00680467   -0.0295262   -0.0189011  4.13269e-06  0.000493164 -0.000647865
 -0.00147794   0.00258145  0.000224251  -0.00256917  0.000911169  3.26384e-05   0.00962021 -0.000749957   0.00713889   0.00176751  0.000178293 -0.000256042 -1.68028e-19  0.000210797  -0.00118477  -0.00491177   0.00104275   0.00168707 -3.47966e-05  -0.00925674 -0.000121733   -0.0028706  0.000317342   0.00151869  -0.00247705   0.00296475 -0.000663679  0.000730869 -0.000269261 -0.000550422  4.60491e-07 -0.000571154 -0.000192383
-0.000587368  -0.00554385  -0.00431551  -0.00543046  3.26384e-05     0.995461  -0.00396538  -0.00221433  -0.00562916  -1.9144e-06  -0.00562677   7.7461e-05  1.85556e-18  -0.00399606  -0.00297349  -0.00261954  -0.00330482  -0.00557297  -0.00374877   0.00102875  -0.00282049 -5.92253e-05  9.60569e-05  -0.00608681 -0.000236754  -0.00196821  -0.00119436  0.000149229   -0.0046841  -0.00548288 -2.38865e-06 -0.000378108   0.00208922
  0.00031878   -0.0160614  -0.00558723   -0.0162563   0.00962021  -0.00396538     0.975423  -0.00532966    -0.023774  -0.00199021   -0.0113946 -3.58258e-05 -7.11986e-17  -0.00466773  -0.00794869    -0.049642  -0.00742664    -0.013328  -0.00896957  -0.00903388  -0.00716925   -0.0181468  0.000728094   -0.0124169   0.00102021  -0.00469469   -0.0212958 -0.000966154   -0.0131206   -0.0103969  9.95742e-06   0.00772046  -0.00677213
-0.000932673  -0.00488371   -0.0021084   -0.0148529 -0.000749957  -0.00221433  -0.00532966     0.995656  -0.00595267   0.00466498  -0.00545732 -0.000586558 -3.58275e-19  -0.00188354  -0.00582373   -0.0362464  -0.00193393  -0.00365683  -0.00284682   -0.0213837  -0.00345661   -0.0126248  0.000843744    -0.003473  -0.00316267   0.00662021   -0.0126841   0.00166506  -0.00842069  -0.00611903  1.12696e-06  6.30337e-06 -0.000178437
-0.000279381   -0.0180602  -0.00694779   -0.0184009   0.00713889  -0.00562916    -0.023774  -0.00595267     0.975578  -0.00132677   -0.0129833 -0.000338132 -4.65452e-17  -0.00605137  -0.00845097   -0.0547052  -0.00820806   -0.0153945    -0.011039  -0.00604024  -0.00816871    -0.017035  0.000662383   -0.0140841  0.000178347  -0.00470122   -0.0248955 -0.000575094   -0.0148636     -0.01188  6.94765e-06   0.00753052  -0.00525652
  0.00171654  0.000208385  -0.00105871    0.0189327   0.00176751  -1.9144e-06  -0.00199021   0.00466498  -0.00132677     0.989209   0.00206027   0.00132059 -5.95409e-18 -0.000717475    0.0054109    0.0538131   -0.0015902  -0.00135656  0.000454948       0.0364   0.00201739    0.0150297  -0.00139138  -0.00245132   0.00697475   -0.0169386    0.0192298  -0.00396546   0.00847066   0.00363374  6.08314e-06     0.003079  -0.00256345
-0.000958803   -0.0106804  -0.00585135   -0.0164981  0.000178293  -0.00562677   -0.0113946  -0.00545732   -0.0129833   0.00206027     0.989842 -0.000313146  9.25753e-19  -0.00522755  -0.00754287   -0.0338521  -0.00539757  -0.00944469  -0.00656783   -0.0134077  -0.00584367   -0.0118248  0.000655473  -0.00959984  -0.00175309  0.000989867   -0.0128024  0.000784756   -0.0114201   -0.0102241  1.80154e-06   0.00139419  -0.00100699
-0.000253099 -0.000581767  0.000168089  -0.00310925 -0.000256042   7.7461e-05 -3.58258e-05 -0.000586558 -0.000338132   0.00132059 -0.000313146     0.999295 -5.27981e-19  0.000111095 -0.000596364   -0.0105758  0.000144624 -0.000274336 -0.000544975  -0.00267991 -0.000436849  -0.00259601 -0.000292684  0.000167934  -0.00095924   0.00197098  -0.00495704  0.000500096  -0.00136758 -0.000415899  3.01024e-06   6.4022e-05  1.89847e-05
 4.97827e-19 -4.93176e-18  1.95647e-18 -2.60978e-18 -1.68028e-19  1.85556e-18 -7.11986e-17 -3.58275e-19 -4.65452e-17 -5.95409e-18  9.25753e-19 -5.27981e-19  9.97342e-33  1.92189e-18 -6.76131e-19   9.8261e-19 -6.62249e-18   1.3159e-18 -1.44341e-17 -1.15712e-17  1.24374e-18 -1.40033e-17 -2.25904e-18 -6.00667e-18  3.51554e-18 -7.77305e-18  4.30173e-18 -3.33602e-18 -2.89083e-18  7.14962e-19 -1.01995e-21 -3.00799e-18  1.08673e-18
-0.000410318  -0.00556361  -0.00397529   -0.0044251  0.000210797  -0.00399606  -0.00466773  -0.00188354  -0.00605137 -0.000717475  -0.00522755  0.000111095  1.92189e-18     0.996362  -0.00259058  -0.00232783  -0.00326475  -0.00552833  -0.00369942   0.00265886  -0.00266759 -0.000224782  2.03528e-05  -0.00592538  0.000205984  -0.00288686  -0.00138156 -0.000146004  -0.00419979  -0.00495341  -1.3205e-06  0.000232063  0.000830709
 -0.00103096  -0.00637826  -0.00300315   -0.0192919  -0.00118477  -0.00297349  -0.00794869  -0.00582373  -0.00845097    0.0054109  -0.00754287 -0.000596364 -6.76131e-19  -0.00259058     0.991842    -0.044407  -0.00287264  -0.00483716  -0.00333151   -0.0292332  -0.00461436   -0.0175882   0.00112477  -0.00504059  -0.00360458   0.00784068   -0.0143383   0.00186182   -0.0109444  -0.00846224  4.87174e-06  0.000564651 -2.50947e-05
  -0.0103951   -0.0484613  -0.00165464    -0.146193  -0.00491177  -0.00261954    -0.049642   -0.0362464   -0.0547052    0.0538131   -0.0338521   -0.0105758   9.8261e-19  -0.00232783    -0.044407     0.486376   -0.0069499   -0.0302597   -0.0357084    -0.201165   -0.0302913    -0.136928   0.00922401   -0.0126561   -0.0393665    0.0807034    -0.216369     0.019427   -0.0818467    -0.037665  -5.4446e-06    0.0200461  -0.00332551
-0.000128036  -0.00647066   -0.0036946  -0.00469683   0.00104275  -0.00330482  -0.00742664  -0.00193393  -0.00820806   -0.0015902  -0.00539757  0.000144624 -6.62249e-18  -0.00326475  -0.00287264   -0.0069499     0.996402  -0.00609203   -0.0039911   0.00223806   -0.0029393  -0.00275448  3.75043e-05  -0.00630713  0.000760181  -0.00389673  -0.00335281 -0.000555286  -0.00457748  -0.00496039  1.79558e-06   0.00175024  -0.00122153
-0.000702053   -0.0131674  -0.00606457   -0.0107933   0.00168707  -0.00557297    -0.013328  -0.00365683   -0.0153945  -0.00135656  -0.00944469 -0.000274336   1.3159e-18  -0.00552833  -0.00483716   -0.0302597  -0.00609203      0.98809  -0.00910671   0.00447514  -0.00578577  -0.00602258  0.000226286   -0.0108195 -1.34358e-05  -0.00507853   -0.0160919 -0.000354257  -0.00980915  -0.00843803 -8.08171e-07    0.0043525  -0.00148585
-0.000975323   -0.0104133  -0.00388811  -0.00977241 -3.47966e-05  -0.00374877  -0.00896957  -0.00284682    -0.011039  0.000454948  -0.00656783 -0.000544975 -1.44341e-17  -0.00369942  -0.00333151   -0.0357084   -0.0039911  -0.00910671     0.992005   0.00182091  -0.00452594  -0.00523315  0.000412085  -0.00721091  -0.00130203  -0.00172652   -0.0192014  0.000347188  -0.00832578  -0.00574079 -4.77576e-06   0.00390048 -0.000321762
 -0.00466506  -0.00224869   0.00260003   -0.0782181  -0.00925674   0.00102875  -0.00903388   -0.0213837  -0.00604024       0.0364   -0.0134077  -0.00267991 -1.15712e-17   0.00265886   -0.0292332    -0.201165   0.00223806   0.00447514   0.00182091     0.819862  -0.00983749   -0.0799241   0.00698999   0.00441621   -0.0225691      0.06088   -0.0581164    0.0124709   -0.0357245   -0.0203084  7.53332e-06  -0.00568351   0.00303241
-0.000727869  -0.00688599  -0.00295089   -0.0114044 -0.000121733  -0.00282049  -0.00716925  -0.00345661  -0.00816871   0.00201739  -0.00584367 -0.000436849  1.24374e-18  -0.00266759  -0.00461436   -0.0302913   -0.0029393  -0.00578577  -0.00452594  -0.00983749     0.996293  -0.00893963  0.000522245  -0.00523258  -0.00171245   0.00188903   -0.0126189  0.000757641  -0.00765249  -0.00584954  6.74436e-07   0.00167783 -0.000647947
 -0.00200991   -0.0110727 -0.000763904   -0.0467787   -0.0028706 -5.92253e-05   -0.0181468   -0.0126248    -0.017035    0.0150297   -0.0118248  -0.00259601 -1.40033e-17 -0.000224782   -0.0175882    -0.136928  -0.00275448  -0.00602258  -0.00523315   -0.0799241  -0.00893963     0.948354   0.00259424  -0.00433803   -0.0100232    0.0248173   -0.0482101    0.0049396   -0.0242629   -0.0141892  2.02988e-05   0.00458591  -0.00530345
 0.000243164   0.00056357 -3.45352e-06   0.00274834  0.000317342  9.60569e-05  0.000728094  0.000843744  0.000662383  -0.00139138  0.000655473 -0.000292684 -2.25904e-18  2.03528e-05   0.00112477   0.00922401  3.75043e-05  0.000226286  0.000412085   0.00698999  0.000522245   0.00259424     0.999251  3.70904e-05   0.00093599  -0.00222036   0.00303443 -0.000491144   0.00164849  0.000840605  4.01059e-06 -0.000284037 -0.000825543
-0.000355906   -0.0114384  -0.00665109  -0.00859568   0.00151869  -0.00608681   -0.0124169    -0.003473   -0.0140841  -0.00245132  -0.00959984  0.000167934 -6.00667e-18  -0.00592538  -0.00504059   -0.0126561  -0.00630713   -0.0108195  -0.00721091   0.00441621  -0.00523258  -0.00433803  3.70904e-05     0.988863    0.0010691  -0.00650152   -0.0063165 -0.000814171   -0.0082264  -0.00885299  2.21891e-06   0.00274527  -0.00162301
 -0.00130057  -0.00112937  0.000439923   -0.0129415  -0.00247705 -0.000236754   0.00102021  -0.00316267  0.000178347   0.00697475  -0.00175309  -0.00095924  3.51554e-18  0.000205984  -0.00360458   -0.0393665  0.000760181 -1.34358e-05  -0.00130203   -0.0225691  -0.00171245   -0.0100232   0.00093599    0.0010691     0.995249    0.0106883   -0.0152057   0.00259795  -0.00616723  -0.00264638 -4.71384e-06  -0.00131197   0.00168787
   0.0023217  -0.00269313  -0.00348019    0.0277465   0.00296475  -0.00196821  -0.00469469   0.00662021  -0.00470122   -0.0169386  0.000989867   0.00197098 -7.77305e-18  -0.00288686   0.00784068    0.0807034  -0.00389673  -0.00507853  -0.00172652      0.06088   0.00188903    0.0248173  -0.00222036  -0.00650152    0.0106883     0.972232    0.0271454  -0.00610002    0.0112087   0.00372408  5.83233e-06   0.00476213  -0.00364555
 -0.00443476   -0.0237951 -0.000786651   -0.0545073 -0.000663679  -0.00119436   -0.0212958   -0.0126841   -0.0248955    0.0192298   -0.0128024  -0.00495704  4.30173e-18  -0.00138156   -0.0143383    -0.216369  -0.00335281   -0.0160919   -0.0192014   -0.0581164   -0.0126189   -0.0482101   0.00303443   -0.0063165   -0.0152057    0.0271454     0.900615   0.00719646   -0.0324977   -0.0129113 -8.25589e-06    0.0117871 -0.000962473
  0.00067936  0.000186956 -0.000287521   0.00680467  0.000730869  0.000149229 -0.000966154   0.00166506 -0.000575094  -0.00396546  0.000784756  0.000500096 -3.33602e-18 -0.000146004   0.00186182     0.019427 -0.000555286 -0.000354257  0.000347188    0.0124709  0.000757641    0.0049396 -0.000491144 -0.000814171   0.00259795  -0.00610002   0.00719646     0.998521   0.00309859   0.00132925  2.96391e-06   0.00121356   -0.0011541
 -0.00197645   -0.0126938  -0.00457264   -0.0295262 -0.000269261   -0.0046841   -0.0131206  -0.00842069   -0.0148636   0.00847066   -0.0114201  -0.00136758 -2.89083e-18  -0.00419979   -0.0109444   -0.0818467  -0.00457748  -0.00980915  -0.00832578   -0.0357245  -0.00765249   -0.0242629   0.00164849   -0.0082264  -0.00616723    0.0112087   -0.0324977   0.00309859     0.982147   -0.0121258 -7.05399e-07   0.00214838  -0.00066417
 -0.00112313  -0.00973566  -0.00556433   -0.0189011 -0.000550422  -0.00548288   -0.0103969  -0.00611903     -0.01188   0.00363374   -0.0102241 -0.000415899  7.14962e-19  -0.00495341  -0.00846224    -0.037665  -0.00496039  -0.00843803  -0.00574079   -0.0203084  -0.00584954   -0.0141892  0.000840605  -0.00885299  -0.00264638   0.00372408   -0.0129113   0.00132925   -0.0121258     0.989312  2.33131e-06   0.00042721  -0.00061388
-2.21587e-06 -7.09666e-07 -2.27231e-07  4.13269e-06  4.60491e-07 -2.38865e-06  9.95742e-06  1.12696e-06  6.94765e-06  6.08314e-06  1.80154e-06  3.01024e-06 -1.01995e-21  -1.3205e-06  4.87174e-06  -5.4446e-06  1.79558e-06 -8.08171e-07 -4.77576e-06  7.53332e-06  6.74436e-07  2.02988e-05  4.01059e-06  2.21891e-06 -4.71384e-06  5.83233e-06 -8.25589e-06  2.96391e-06 -7.05399e-07  2.33131e-06    1.002e-08 -7.92172e-06  2.62481e-08
-0.000283771   0.00536887   0.00033496  0.000493164 -0.000571154 -0.000378108   0.00772046  6.30337e-06   0.00753052     0.003079   0.00139419   6.4022e-05 -3.00799e-18  0.000232063  0.000564651    0.0200461   0.00175024    0.0043525   0.00390048  -0.00568351   0.00167783   0.00458591 -0.000284037   0.00274527  -0.00131197   0.00476213    0.0117871   0.00121356   0.00214838   0.00042721 -7.92172e-06    0.0146096  -0.00235848
 0.000766527  -0.00207495  0.000340288 -0.000647865 -0.000192383   0.00208922  -0.00677213 -0.000178437  -0.00525652  -0.00256345  -0.00100699  1.89847e-05  1.08673e-18  0.000830709 -2.50947e-05  -0.00332551  -0.00122153  -0.00148585 -0.000321762   0.00303241 -0.000647947  -0.00530345 -0.000825543  -0.00162301   0.00168787  -0.00364555 -0.000962473   -0.0011541  -0.00066417  -0.00061388  2.62481e-08  -0.00235848  0.000732198
* row and column names
hk_i:2_j:2_zone:1.0
hk_i:12_j:12_zone:1.0
hk_i:37_j:17_zone:1.0
hk_i:22_j:12_zone:1.0
rch_i:2_j:7_zone:1.0
hk_i:37_j:7_zone:1.0
hk_i:2_j:12_zone:1.0
hk_i:27_j:17_zone:1.0
hk_i:7_j:12_zone:1.0
hk_i:17_j:2_zone:1.0
hk_i:17_j:17_zone:1.0
hk_i:32_j:2_zone:1.0
hk_i:7_j:7_zone:1.0
hk_i:37_j:12_zone:1.0
hk_i:32_j:7_zone:1.0
hk_i:27_j:12_zone:1.0
hk_i:2_j:17_zone:1.0
hk_i:12_j:17_zone:1.0
hk_i:2_j:7_zone:1.0
hk_i:27_j:7_zone:1.0
hk_i:32_j:17_zone:1.0
hk_i:22_j:7_zone:1.0
hk_i:27_j:2_zone:1.0
hk_i:7_j:17_zone:1.0
hk_i:7_j:2_zone:1.0
hk_i:22_j:2_zone:1.0
hk_i:32_j:12_zone:1.0
hk_i:12_j:2_zone:1.0
hk_i:17_j:12_zone:1.0
hk_i:22_j:17_zone:1.0
rch_i:32_j:2_zone:1.0
rch_i:27_j:7_zone:1.0
rch_i:22_j:7_zone:1.0
