    58    58     1
    0.995476   0.00547654  0.000423598   -0.0137078   -0.0006901  -0.00221944    0.0246515   -0.0030261    0.0191598   0.00775734 -0.000901725  -0.00361224   0.00863943  -0.00071411  -0.00917045   -0.0129003   0.00602786   0.00135484   0.00277299   -0.0215905  -0.00188507   -0.0116287   0.00420225   0.00421837  -0.00805681    0.0135383  -0.00951287  0.000103343  -0.00411935  -0.00251953 -0.000756553 -0.000581905 -0.000191149 -0.000464639 -0.000615624 -0.000463945 -0.000252678 -3.59957e-06 -0.000402083  7.63861e-05 -0.000597935 -0.000234312  -0.00059411 -0.000158945 -0.000311012 -0.000375575 -0.000543015 -2.88244e-05 -0.000495667 -0.000589828 -0.000520806 -0.000253536  2.33577e-05 -8.15279e-05 -0.000378002  0.000121133 -0.000425995  4.18169e-05
  0.00547654     0.955416  -0.00463042    -0.017175   0.00138305   -0.0271201    -0.119852      -0.0077   -0.0980721  -0.00859685    -0.010292   -0.0133274   -0.0535881    -0.016418   -0.0160473   -0.0144721   -0.0368486   -0.0164082    -0.030896   -0.0175491  -0.00658651  -0.00979927  -0.00884232   -0.0279702   0.00912775  -0.00963048   -0.0152228  -0.00226069    -0.019946  -0.00840148   0.00206364 -0.000176762 -0.000243399 -0.000704776  0.000309384 -0.000350521 -0.000319193  0.000155525  -0.00070035  0.000464355   0.00188758 -0.000331642  7.88149e-05   0.00128494 -0.000340836   0.00155573 -0.000435483  3.25937e-05 -0.000651327  0.000959925 -0.000568068  -0.00033073  0.000182727  0.000152355 -0.000651691   0.00073998 -0.000707091  0.000984405
 0.000423598  -0.00463042     0.991795   0.00396432   0.00194892   -0.0452426   0.00235798 -0.000832749 -7.81586e-06  0.000229551  -0.00403252   -0.0156451    0.0107311   -0.0230744   -0.0126445   0.00891972  -0.00442383  -0.00589987   0.00727158   0.00249697  -0.00124932   0.00938056   -0.0010319  -0.00466209   0.00376831   0.00499553   0.00295601    0.0010214  -0.00150974  -0.00245493   0.00206333   0.00182093  0.000857053   0.00133181   0.00154781   0.00181629   0.00155033   0.00151669    0.0012989   0.00143121   0.00188842  0.000659024   0.00157596   0.00183234   0.00159234   0.00183659   0.00127034  0.000891815    0.0012976   0.00179733    0.0012655   0.00137099   0.00197352   0.00178332   0.00116844   0.00199394   0.00133036   0.00191417
  -0.0137078    -0.017175   0.00396432     0.878674  -0.00340831   -0.0151308  -0.00308239   -0.0272232  -0.00921142    0.0357316   -0.0101851   -0.0347262   -0.0292788  -0.00565756   -0.0800553    -0.141463   0.00138526  -0.00632771   -0.0260884    -0.186975   -0.0199443    -0.102237    0.0133186  -0.00240616   -0.0367426    0.0634315    -0.100077  -0.00289471    -0.045801   -0.0208238  -0.00301329  -0.00340977  -0.00118898  -0.00291154  -0.00315726  -0.00285808  -0.00129427   0.00022088  -0.00265052  0.000946088  -0.00217749  -0.00143032  -0.00319503  3.44264e-05  -0.00174295  -0.00110703  -0.00290647 -0.000223229  -0.00295585  -0.00303283  -0.00292946   -0.0015313   0.00131089  0.000124237  -0.00250369   0.00192215  -0.00274919    0.0013897
  -0.0006901   0.00138305   0.00194892  -0.00340831    0.0215189    0.0116553   0.00721244 -0.000912739   0.00419228   0.00104003  0.000254469   0.00366039 -0.000465714   0.00548028   0.00213857   -0.0049545   0.00226566  0.000983703 -0.000243442  -0.00326492 -0.000702515  -0.00371731  0.000657563   0.00138283  -0.00207521  0.000387117  -0.00305569 -0.000247409 -0.000765346 -0.000346344 -0.000887432 -0.000716472 -0.000311567 -0.000536089 -0.000850945 -0.000660495 -0.000532328 -0.000440284  -0.00051842 -0.000381389 -0.000708441 -0.000270333 -0.000745385 -0.000519217 -0.000555778  -0.00057275 -0.000573551 -0.000269525 -0.000535382 -0.000860721 -0.000544721 -0.000483196 -0.000551073 -0.000528011 -0.000474561 -0.000517694 -0.000529488 -0.000503881
 -0.00221944   -0.0271201   -0.0452426   -0.0151308    0.0116553     0.716029    0.0048873  -0.00701665   -0.0040131    0.0163483   -0.0203121    -0.109789    0.0473197    -0.137524     -0.10697   0.00771651   -0.0210955   -0.0299979    0.0295708   -0.0560703  -0.00718893    0.0175206  4.26088e-05   -0.0221595   0.00881211    0.0596261   -0.0135812   0.00509705   -0.0195004   -0.0146398    0.0120753    0.0111761   0.00548825   0.00848276   0.00960458    0.0112562   0.00982496   0.00950128   0.00834533   0.00907447     0.011151   0.00431793   0.00972902    0.0114651    0.0100179    0.0111603   0.00806873   0.00561093   0.00824783    0.0106889   0.00805074    0.0087308    0.0120806    0.0109573   0.00755653    0.0125477   0.00851136    0.0120747
   0.0246515    -0.119852   0.00235798  -0.00308239   0.00721244    0.0048873     0.536364    0.0010985    -0.349069   -0.0500174  -0.00794307  -0.00044372     -0.21897   0.00217545   0.00336021   0.00979315    -0.115365   -0.0220228    -0.128105   0.00524577   0.00307081   -0.0155938   -0.0311313   -0.0732609    0.0415064   -0.0753074   0.00752973  -0.00955985   -0.0295573  -0.00188915    0.0068581  0.000679753 -0.000469206 -0.000680581   0.00355388 -0.000365575   -0.0008843 -0.000828386 -0.000773862 -0.000638479   0.00525594 -0.000335314   0.00216218   0.00151269 -0.000783621    0.0030706  0.000512639 -0.000492441 -0.000424314   0.00455519 -3.34609e-05 -0.000763319  -0.00122908 -0.000731113 -0.000665535  -0.00075755  -0.00078035  5.19105e-05
  -0.0030261      -0.0077 -0.000832749   -0.0272232 -0.000912739  -0.00701665    0.0010985     0.991316  -0.00295819   0.00748295  -0.00557777  -0.00816577  -0.00276957  -0.00505865   -0.0175793   -0.0308302  -0.00254731  -0.00546343   -0.0033608   -0.0374114  -0.00709275   -0.0197437    0.0021369  -0.00401061  -0.00740461    0.0130638   -0.0234919 -0.000458371   -0.0128237  -0.00744351 -0.000676997  -0.00113804 -0.000483247  -0.00109915  -0.00103651  -0.00101145  -0.00060042 -5.82207e-05  -0.00103256  0.000191367 -0.000456034 -0.000559898  -0.00105749  2.86656e-05 -0.000713049 -0.000219548  -0.00107673 -0.000140546  -0.00110428 -0.000827437  -0.00109388 -0.000650577  0.000202415 -9.42418e-05 -0.000976206  0.000435919  -0.00105815   0.00033117
   0.0191598   -0.0980721 -7.81586e-06  -0.00921142   0.00419228   -0.0040131    -0.349069  -0.00295819     0.730677   -0.0371036  -0.00969582   -0.0044478    -0.166752  -0.00392472  -0.00286902  -0.00131782   -0.0902594   -0.0216691   -0.0958897  -0.00261545  -0.00142605   -0.0139887    -0.024782   -0.0600215    0.0316263   -0.0553151  -0.00271362  -0.00734519   -0.0278363  -0.00492618   0.00482196   0.00010734 -0.000501674  -0.00089376   0.00177499 -0.000584492 -0.000875774 -0.000622981 -0.000961926 -0.000342044   0.00391701 -0.000437742  0.000999243   0.00140826 -0.000820249   0.00251813 -7.89736e-05 -0.000398525 -0.000706122    0.0027416 -0.000440313 -0.000787483  -0.00089615 -0.000577451 -0.000859331 -0.000336638 -0.000965163   0.00031561
  0.00775734  -0.00859685  0.000229551    0.0357316   0.00104003    0.0163483   -0.0500174   0.00748295   -0.0371036     0.981029   0.00210949    0.0148374   -0.0167528   0.00591059      0.02815    0.0391842   -0.0131576 -0.000680974  -0.00626946    0.0589868   0.00551794    0.0292499  -0.00850711  -0.00781529    0.0168164   -0.0344991    0.0299158 -0.000419438    0.0107645   0.00572106   0.00109615  0.000581265   7.6211e-05  0.000396244  0.000745584  0.000350759  3.25063e-05 -0.000367781  0.000322538 -0.000554941  0.000763061  0.000188003  0.000672565 -0.000255775  0.000122041  0.000234554  0.000519738 -0.000192335  0.000443994   0.00081599  0.000480552  6.09006e-05 -0.000370517 -0.000208065  0.000314936  -0.00073621  0.000343743 -0.000621979
-0.000901725    -0.010292  -0.00403252   -0.0101851  0.000254469   -0.0203121  -0.00794307  -0.00557777  -0.00969582   0.00210949     0.993822  -0.00877287  8.58306e-05   -0.0122518   -0.0110429  -0.00833502  -0.00722481  -0.00753169 -0.000437295   -0.0112101  -0.00496136  -0.00336337 -0.000586746  -0.00728806 -0.000750891    0.0055079  -0.00925989  5.28477e-05  -0.00864116  -0.00586819  0.000499936 -0.000204435 -0.000114849 -0.000417092 -0.000144158 -0.000177094 -6.86655e-05  0.000300329 -0.000389078  0.000460325  0.000535212 -0.000215804 -0.000185385  0.000630112 -0.000104424  0.000573337 -0.000393622  0.000125991 -0.000423704   0.00018296 -0.000420914 -0.000115441  0.000453769  0.000314911 -0.000378675  0.000702267 -0.000396373  0.000699931
 -0.00361224   -0.0133274   -0.0156451   -0.0347262   0.00366039    -0.109789  -0.00044372  -0.00816577   -0.0044478    0.0148374  -0.00877287       0.9498   0.00857242   -0.0520589    -0.060142   -0.0316593  -0.00657289   -0.0114315   0.00392489   -0.0683221  -0.00663012   -0.0192176   0.00329913  -0.00781174  -0.00534813    0.0381285   -0.0291326   0.00115306   -0.0172001  -0.00937833   0.00390413    0.0036622   0.00192785   0.00277786   0.00305906   0.00381983   0.00359559   0.00375058   0.00276907   0.00372084   0.00374763   0.00141883   0.00312475   0.00440708   0.00357489   0.00401901   0.00262056   0.00215241   0.00268126   0.00342281   0.00261375   0.00312835     0.004973   0.00428035   0.00248609    0.0052635   0.00281732   0.00495909
  0.00863943   -0.0535881    0.0107311   -0.0292788 -0.000465714    0.0473197     -0.21897  -0.00276957    -0.166752   -0.0167528  8.58306e-05   0.00857242     0.873757    0.0256821  -0.00169068   -0.0306165   -0.0477146  -0.00248021   -0.0750033   -0.0408609 -6.38186e-05   -0.0400777   -0.0105961   -0.0283803   0.00813016   -0.0272703    -0.017482  -0.00659102   -0.0199463  -0.00125252  7.67732e-05  -0.00196026  -0.00116607  -0.00190343  -0.00105879  -0.00223752    -0.002002  -0.00170365  -0.00188881  -0.00146252 -6.40465e-05 -0.000981803  -0.00136482  -0.00101989  -0.00205477   -0.0005626  -0.00144304  -0.00103585  -0.00177784 -0.000770759  -0.00161043  -0.00181113  -0.00219234  -0.00193968  -0.00171545  -0.00191789  -0.00192775  -0.00154727
 -0.00071411    -0.016418   -0.0230744  -0.00565756   0.00548028    -0.137524   0.00217545  -0.00505865  -0.00392472   0.00591059   -0.0122518   -0.0520589    0.0256821     0.930877   -0.0497937   0.00561407   -0.0129317   -0.0176115    0.0162873   -0.0203242  -0.00518652    0.0126831  -0.00124013   -0.0137021   0.00593461    0.0245328  -0.00576147   0.00257872   -0.0108334  -0.00896946   0.00581325   0.00504756   0.00247469   0.00369826   0.00433901   0.00509518   0.00451362   0.00452166   0.00364781   0.00437204   0.00538385   0.00188044    0.0043856   0.00549093   0.00457565   0.00535871   0.00351405   0.00262568   0.00358764   0.00500834   0.00349596   0.00397176   0.00594812   0.00526231    0.0032889   0.00614458   0.00372098    0.0058726
 -0.00917045   -0.0160473   -0.0126445   -0.0800553   0.00213857     -0.10697   0.00336021   -0.0175793  -0.00286902      0.02815   -0.0110429    -0.060142  -0.00169068   -0.0497937     0.912197   -0.0857489  -0.00331984    -0.011376  -0.00574345    -0.138866   -0.0132028   -0.0588657   0.00897726  -0.00610088   -0.0200716    0.0605743   -0.0657102 -1.81967e-05   -0.0326439   -0.0161292   0.00241177    0.0022058   0.00141631   0.00160249   0.00172776   0.00258983   0.00302861   0.00371625   0.00170293   0.00392328   0.00257597  0.000838309   0.00177336   0.00409795   0.00281834   0.00325462   0.00143929   0.00197998   0.00148762    0.0020522   0.00142985   0.00246076   0.00545744   0.00424169    0.0014817   0.00583057   0.00170822   0.00525608
  -0.0129003   -0.0144721   0.00891972    -0.141463   -0.0049545   0.00771651   0.00979315   -0.0308302  -0.00131782    0.0391842  -0.00833502   -0.0316593   -0.0306165   0.00561407   -0.0857489     0.820717    0.0089727  -0.00518517   -0.0263283    -0.216215   -0.0231379    -0.119377    0.0143294   0.00144226   -0.0412754    0.0645617    -0.122387  -0.00325486   -0.0490167   -0.0214916  -0.00453999  -0.00449763  -0.00158116  -0.00358801  -0.00413152  -0.00383069  -0.00176475 -0.000263954  -0.00330919  0.000564769  -0.00348927  -0.00171679  -0.00415212 -0.000850658  -0.00234501  -0.00221966  -0.00351966 -0.000654752  -0.00360134  -0.00439775  -0.00353709  -0.00209978    0.0013864 -0.000237505  -0.00310409   0.00173932  -0.00341854  0.000955725
  0.00602786   -0.0368486  -0.00442383   0.00138526   0.00226566   -0.0210955    -0.115365  -0.00254731   -0.0902594   -0.0131576  -0.00722481  -0.00657289   -0.0477146   -0.0129317  -0.00331984    0.0089727     0.965415   -0.0122007   -0.0274452   0.00863536  -0.00214738   0.00368563  -0.00919787   -0.0243666    0.0127293   -0.0180574   0.00300136  -0.00186855   -0.0111537  -0.00434355   0.00248424  0.000403647 -4.09852e-05 -0.000195286   0.00101647  0.000148116 -2.56245e-05  0.000205534  -0.00021041  0.000329773    0.0020825 -0.000102532  0.000694033   0.00111606  5.43797e-06   0.00152883  7.63938e-05  0.000101216 -0.000145869    0.0015968 -6.54469e-05 -3.55676e-05  0.000207211  0.000275679 -0.000197541  0.000498256 -0.000209897   0.00072653
  0.00135484   -0.0164082  -0.00589987  -0.00632771  0.000983703   -0.0299979   -0.0220228  -0.00546343   -0.0216691 -0.000680974  -0.00753169   -0.0114315  -0.00248021   -0.0176115    -0.011376  -0.00518517   -0.0122007     0.988905 -0.000905576   -0.0040957  -0.00536385   0.00227513  -0.00301225    -0.011695    0.0033904   0.00163561  -0.00828021  0.000212699  -0.00922359   -0.0061034   0.00127346  0.000245496  6.27112e-05 -0.000117395  0.000390424  0.000204431  0.000201453   0.00049188 -0.000118086  0.000664309   0.00120139  -4.2395e-05  0.000293998   0.00107597  0.000192515   0.00111815 -3.65024e-05   0.00024706 -0.000109273  0.000756595 -8.95505e-05  0.000139603  0.000648752  0.000546349 -0.000123288  0.000973565 -0.000112651   0.00103304
  0.00277299    -0.030896   0.00727158   -0.0260884 -0.000243442    0.0295708    -0.128105   -0.0033608   -0.0958897  -0.00626946 -0.000437295   0.00392489   -0.0750033    0.0162873  -0.00574345   -0.0263283   -0.0274452 -0.000905576     0.953399   -0.0373212 -0.000922268   -0.0317765  -0.00427534   -0.0157522  0.000512593  -0.00979977   -0.0161044  -0.00407613   -0.0150079  -0.00215001 -0.000226993   -0.0016094 -0.000885064  -0.00153556  -0.00079527  -0.00175844  -0.00148119  -0.00115123  -0.00148398 -0.000946335  -0.00032987 -0.000779826  -0.00110869 -0.000808518  -0.00155131 -0.000617907  -0.00123335 -0.000715469  -0.00146688 -0.000626702  -0.00135679  -0.00135211  -0.00146905  -0.00135778  -0.00135113  -0.00123463  -0.00152693  -0.00104067
  -0.0215905   -0.0175491   0.00249697    -0.186975  -0.00326492   -0.0560703   0.00524577   -0.0374114  -0.00261545    0.0589868   -0.0112101   -0.0683221   -0.0408609   -0.0203242    -0.138866    -0.216215   0.00863536   -0.0040957   -0.0373212     0.695111   -0.0264117     -0.16062    0.0231807   0.00291148   -0.0573872     0.109214    -0.151585  -0.00389597   -0.0654997   -0.0282465  -0.00293213  -0.00257316 -0.000466249    -0.002071   -0.0026856  -0.00168738  0.000340345   0.00220612  -0.00173352   0.00299535  -0.00184021  -0.00101486  -0.00263094   0.00172613 -0.000287042 -0.000136391  -0.00219386  0.000811524  -0.00218693  -0.00271606  -0.00219302 -0.000241059   0.00440489   0.00238898  -0.00171529   0.00504243  -0.00183721   0.00402743
 -0.00188507  -0.00658651  -0.00124932   -0.0199443 -0.000702515  -0.00718893   0.00307081  -0.00709275  -0.00142605   0.00551794  -0.00496136  -0.00663012 -6.38186e-05  -0.00518652   -0.0132028   -0.0231379  -0.00214738  -0.00536385 -0.000922268   -0.0264117     0.993923   -0.0133155   0.00123655  -0.00380076  -0.00498092   0.00960184   -0.0182269 -0.000198977  -0.00993395  -0.00615328 -0.000460943 -0.000851977 -0.000370475 -0.000845349  -0.00079926  -0.00075889 -0.000461432  -3.3422e-05 -0.000804182  0.000172215 -0.000282733 -0.000433273  -0.00080275  8.45111e-05 -0.000541179 -9.79011e-05 -0.000822376 -0.000100278 -0.000845397  -0.00061673 -0.000835979 -0.000500161  0.000155757 -6.10323e-05 -0.000762466  0.000364795 -0.000819077  0.000297874
  -0.0116287  -0.00979927   0.00938056    -0.102237  -0.00371731    0.0175206   -0.0155938   -0.0197437   -0.0139887    0.0292499  -0.00336337   -0.0192176   -0.0400777    0.0126831   -0.0588657    -0.119377   0.00368563   0.00227513   -0.0317765     -0.16062   -0.0133155     0.905839    0.0123312   0.00264282   -0.0331195    0.0502602   -0.0812949  -0.00350451   -0.0350652   -0.0136188  -0.00356847  -0.00348203  -0.00130378  -0.00278245  -0.00319266  -0.00304073  -0.00171912 -0.000564633  -0.00256521  -1.8285e-05  -0.00282547  -0.00139815  -0.00321931  -0.00100422  -0.00208354   -0.0019283  -0.00275441 -0.000578475  -0.00280256  -0.00330155  -0.00276532  -0.00180138 -2.28269e-05 -0.000803094  -0.00240209  0.000395975  -0.00265702  1.64296e-05
  0.00420225  -0.00884232   -0.0010319    0.0133186  0.000657563  4.26088e-05   -0.0311313    0.0021369    -0.024782  -0.00850711 -0.000586746   0.00329913   -0.0105961  -0.00124013   0.00897726    0.0143294  -0.00919787  -0.00301225  -0.00427534    0.0231807   0.00123655    0.0123312     0.995257  -0.00662994    0.0084488   -0.0145551   0.00986681 -0.000229674   0.00220498   0.00133794  0.000810457  0.000365356  7.87045e-05  0.000209399  0.000444777  0.000246834  8.08267e-05 -6.11353e-05  0.000167989 -9.54701e-05  0.000659317  0.000112082  0.000406166  0.000182347  0.000126246   0.00041734  0.000288471 -2.29643e-05  0.000236739  0.000535485  0.000260129  9.17422e-05 -9.08409e-05 -8.33423e-07  0.000163276 -0.000130332  0.000181817 -3.30263e-05
  0.00421837   -0.0279702  -0.00466209  -0.00240616   0.00138283   -0.0221595   -0.0732609  -0.00401061   -0.0600215  -0.00781529  -0.00728806  -0.00781174   -0.0283803   -0.0137021  -0.00610088   0.00144226   -0.0243666    -0.011695   -0.0157522   0.00291148  -0.00380076   0.00264282  -0.00662994     0.981258   0.00864339   -0.0100392  -0.00277816  -0.00101475   -0.0103384  -0.00512195   0.00175075  0.000199364 -5.28898e-05 -0.000251842  0.000532779  5.15515e-05 -2.66035e-05   0.00023674 -0.000263546  0.000394025   0.00154801 -0.000122694  0.000356568  0.000997139 -1.54511e-05   0.00124027 -7.36854e-05  0.000107588 -0.000218022   0.00101258  -0.00016649 -5.04926e-05  0.000289106  0.000287251 -0.000251093  0.000598113 -0.000260279  0.000758111
 -0.00805681   0.00912775   0.00376831   -0.0367426  -0.00207521   0.00881211    0.0415064  -0.00740461    0.0316263    0.0168164 -0.000750891  -0.00534813   0.00813016   0.00593461   -0.0200716   -0.0412754    0.0127293    0.0033904  0.000512593   -0.0573872  -0.00498092   -0.0331195    0.0084488   0.00864339      0.98215    0.0280149   -0.0289329  -0.00034878   -0.0104263  -0.00508255  -0.00215722  -0.00168723 -0.000615436  -0.00128057  -0.00168575  -0.00144468 -0.000912438 -0.000411124  -0.00117007 -0.000188521  -0.00174868 -0.000642375   -0.0016379 -0.000758465  -0.00104889   -0.0012356  -0.00137387 -0.000304749  -0.00131517  -0.00178423  -0.00133683 -0.000882179 -0.000445944 -0.000636091  -0.00108932 -0.000207255  -0.00121598 -0.000346911
   0.0135383  -0.00963048   0.00499553    0.0634315  0.000387117    0.0596261   -0.0753074    0.0130638   -0.0553151   -0.0344991    0.0055079    0.0381285   -0.0272703    0.0245328    0.0605743    0.0645617   -0.0180574   0.00163561  -0.00979977     0.109214   0.00960184    0.0502602   -0.0145551   -0.0100392    0.0280149     0.932878    0.0522551 -0.000972482    0.0213184    0.0110435  0.000424719 -0.000302409 -0.000488463 -0.000302002  0.000143908 -0.000676312 -0.000970592  -0.00161442 -0.000405837  -0.00189254 -3.00869e-05 -0.000171188  1.10606e-05  -0.00175682 -0.000866718 -0.000921738 -5.44368e-05 -0.000956326 -0.000196854  0.000122827 -0.000114911 -0.000855045  -0.00164985  -0.00140934 -0.000333251  -0.00245592 -0.000389205  -0.00230676
 -0.00951287   -0.0152228   0.00295601    -0.100077  -0.00305569   -0.0135812   0.00752973   -0.0234919  -0.00271362    0.0299158  -0.00925989   -0.0291326    -0.017482  -0.00576147   -0.0657102    -0.122387   0.00300136  -0.00828021   -0.0161044    -0.151585   -0.0182269   -0.0812949   0.00986681  -0.00277816   -0.0289329    0.0522551     0.912152   -0.0018726   -0.0380486   -0.0175841  -0.00257548  -0.00288139  -0.00100379  -0.00242426  -0.00268799   -0.0024413  -0.00116528   1.4669e-05   -0.0022427  0.000688893  -0.00182671  -0.00115456  -0.00269182  3.46239e-05  -0.00152142 -0.000902315   -0.0023835 -0.000276275  -0.00243851   -0.0026839  -0.00240203  -0.00133724  0.000789481 -0.000113411  -0.00210593   0.00143623  -0.00231095   0.00106795
 0.000103343  -0.00226069    0.0010214  -0.00289471 -0.000247409   0.00509705  -0.00955985 -0.000458371  -0.00734519 -0.000419438  5.28477e-05   0.00115306  -0.00659102   0.00257872 -1.81967e-05  -0.00325486  -0.00186855  0.000212699  -0.00407613  -0.00389597 -0.000198977  -0.00350451 -0.000229674  -0.00101475  -0.00034878 -0.000972482   -0.0018726     0.999591  -0.00135723 -0.000240117 -0.000199877 -0.000276781 -0.000136034 -0.000234656  -0.00023667 -0.000276442 -0.000222012 -0.000174711 -0.000226404 -0.000149881 -0.000174332 -0.000120881 -0.000241618 -0.000176724 -0.000234621 -0.000172876 -0.000216871 -0.000111296 -0.000228949 -0.000223904 -0.000221531 -0.000206252 -0.000200137 -0.000200289 -0.000207691 -0.000190202 -0.000232246 -0.000180516
 -0.00411935    -0.019946  -0.00150974    -0.045801 -0.000765346   -0.0195004   -0.0295573   -0.0128237   -0.0278363    0.0107645  -0.00864116   -0.0172001   -0.0199463   -0.0108334   -0.0326439   -0.0490167   -0.0111537  -0.00922359   -0.0150079   -0.0654997  -0.00993395   -0.0350652   0.00220498   -0.0103384   -0.0104263    0.0213184   -0.0380486  -0.00135723     0.976907   -0.0112634 -0.000367545  -0.00138575 -0.000569734  -0.00143016  -0.00114312  -0.00124384 -0.000706275  8.52815e-05  -0.00132362  0.000485127 -0.000109509 -0.000699304  -0.00123185  0.000490134 -0.000861345   0.00017696  -0.00136633 -7.83896e-05    -0.001438 -0.000775129  -0.00141382 -0.000758972  0.000330864 -1.83287e-05  -0.00124335   0.00085784  -0.00136593  0.000803066
 -0.00251953  -0.00840148  -0.00245493   -0.0208238 -0.000346344   -0.0146398  -0.00188915  -0.00744351  -0.00492618   0.00572106  -0.00586819  -0.00937833  -0.00125252  -0.00896946   -0.0161292   -0.0214916  -0.00434355   -0.0061034  -0.00215001   -0.0282465  -0.00615328   -0.0136188   0.00133794  -0.00512195  -0.00508255    0.0110435   -0.0175841 -0.000240117   -0.0112634     0.993078 -0.000123305 -0.000667433 -0.000285674 -0.000751758 -0.000602504 -0.000573661 -0.000290805  0.000190389 -0.000697652  0.000392097  1.53007e-05 -0.000389264 -0.000629661  0.000361144  -0.00037347  0.000177892 -0.000740066  2.75483e-05 -0.000762837 -0.000330489 -0.000759879 -0.000351959  0.000445594  0.000190826 -0.000668735  0.000673006   -0.0007159  0.000593411
-0.000756553   0.00206364   0.00206333  -0.00301329 -0.000887432    0.0120753    0.0068581 -0.000676997   0.00482196   0.00109615  0.000499936   0.00390413  7.67732e-05   0.00581325   0.00241177  -0.00453999   0.00248424   0.00127346 -0.000226993  -0.00293213 -0.000460943  -0.00356847  0.000810457   0.00175075  -0.00215722  0.000424719  -0.00257548 -0.000199877 -0.000367545 -0.000123305    0.0218546 -0.000674401 -0.000300775 -0.000508818 -0.000694186  -0.00063672 -0.000514182 -0.000437691 -0.000490971 -0.000388685 -0.000676979 -0.000256367 -0.000649425 -0.000542012 -0.000537378  -0.00058777 -0.000522153 -0.000267574 -0.000505446 -0.000730781 -0.000506663  -0.00046683 -0.000542911 -0.000520907 -0.000448469 -0.000527937  -0.00050248 -0.000521879
-0.000581905 -0.000176762   0.00182093  -0.00340977 -0.000716472    0.0111761  0.000679753  -0.00113804   0.00010734  0.000581265 -0.000204435    0.0036622  -0.00196026   0.00504756    0.0022058  -0.00449763  0.000403647  0.000245496   -0.0016094  -0.00257316 -0.000851977  -0.00348203  0.000365356  0.000199364  -0.00168723 -0.000302409  -0.00288139 -0.000276781  -0.00138575 -0.000667433 -0.000674401    0.0219157 -0.000348996 -0.000610082  -0.00065374  -0.00072164 -0.000591468 -0.000475052 -0.000588572 -0.000403514 -0.000587172 -0.000305623 -0.000659781 -0.000520977 -0.000617087 -0.000544237 -0.000594119 -0.000293665 -0.000602152 -0.000651693  -0.00059422 -0.000538409 -0.000594627 -0.000567676 -0.000537964 -0.000544762 -0.000602584 -0.000522559
-0.000191149 -0.000243399  0.000857053  -0.00118898 -0.000311567   0.00548825 -0.000469206 -0.000483247 -0.000501674   7.6211e-05 -0.000114849   0.00192785  -0.00116607   0.00247469   0.00141631  -0.00158116 -4.09852e-05  6.27112e-05 -0.000885064 -0.000466249 -0.000370475  -0.00130378  7.87045e-05 -5.28898e-05 -0.000615436 -0.000488463  -0.00100379 -0.000136034 -0.000569734 -0.000285674 -0.000300775 -0.000348996    0.0224845 -0.000292789 -0.000296412 -0.000345914 -0.000290927 -0.000237556 -0.000283817  -0.00020435 -0.000266922 -0.000147716 -0.000305225 -0.000253011 -0.000300901 -0.000256422 -0.000280872 -0.000145055 -0.000287921 -0.000292499 -0.000282826 -0.000263529 -0.000305171 -0.000283326 -0.000259362 -0.000279803 -0.000290161 -0.000264176
-0.000464639 -0.000704776   0.00133181  -0.00291154 -0.000536089   0.00848276 -0.000680581  -0.00109915  -0.00089376  0.000396244 -0.000417092   0.00277786  -0.00190343   0.00369826   0.00160249  -0.00358801 -0.000195286 -0.000117395  -0.00153556    -0.002071 -0.000845349  -0.00278245  0.000209399 -0.000251842  -0.00128057 -0.000302002  -0.00242426 -0.000234656  -0.00143016 -0.000751758 -0.000508818 -0.000610082 -0.000292789    0.0221362 -0.000520376 -0.000599592 -0.000492519 -0.000382871 -0.000500102 -0.000319108 -0.000445746 -0.000260758 -0.000535942 -0.000404962 -0.000513948 -0.000420094 -0.000499793 -0.000238149 -0.000511504 -0.000503413 -0.000503424 -0.000449565 -0.000478963 -0.000458684 -0.000457967 -0.000429204 -0.000511919 -0.000408804
-0.000615624  0.000309384   0.00154781  -0.00315726 -0.000850945   0.00960458   0.00355388  -0.00103651   0.00177499  0.000745584 -0.000144158   0.00305906  -0.00105879   0.00433901   0.00172776  -0.00413152   0.00101647  0.000390424  -0.00079527   -0.0026856  -0.00079926  -0.00319266  0.000444777  0.000532779  -0.00168575  0.000143908  -0.00268799  -0.00023667  -0.00114312 -0.000602504 -0.000694186  -0.00065374 -0.000296412 -0.000520376    0.0219608 -0.000617386 -0.000500875 -0.000396432 -0.000501972 -0.000335464  -0.00056752 -0.000262768  -0.00064089 -0.000444399 -0.000523206  -0.00048072 -0.000534642 -0.000245032 -0.000517677 -0.000683165 -0.000520111 -0.000456374 -0.000495502 -0.000476262 -0.000460109 -0.000452947 -0.000513322 -0.000436795
-0.000463945 -0.000350521   0.00181629  -0.00285808 -0.000660495    0.0112562 -0.000365575  -0.00101145 -0.000584492  0.000350759 -0.000177094   0.00381983  -0.00223752   0.00509518   0.00258983  -0.00383069  0.000148116  0.000204431  -0.00175844  -0.00168738  -0.00075889  -0.00304073  0.000246834  5.15515e-05  -0.00144468 -0.000676312   -0.0024413 -0.000276442  -0.00124384 -0.000573661  -0.00063672  -0.00072164 -0.000345914 -0.000599592 -0.000617386    0.0219429 -0.000592383 -0.000483454 -0.000579875 -0.000413766 -0.000562056  -0.00030017 -0.000633259 -0.000520134 -0.000614939 -0.000533336 -0.000577556 -0.000295814 -0.000590261 -0.000616297 -0.000580429 -0.000536143 -0.000617606 -0.000578812 -0.000529268 -0.000564751 -0.000593389 -0.000535441
-0.000252678 -0.000319193   0.00155033  -0.00129427 -0.000532328   0.00982496   -0.0008843  -0.00060042 -0.000875774  3.25063e-05 -6.86655e-05   0.00359559    -0.002002   0.00451362   0.00302861  -0.00176475 -2.56245e-05  0.000201453  -0.00148119  0.000340345 -0.000461432  -0.00171912  8.08267e-05 -2.66035e-05 -0.000912438 -0.000970592  -0.00116528 -0.000222012 -0.000706275 -0.000290805 -0.000514182 -0.000591468 -0.000290927 -0.000492519 -0.000500875 -0.000592383    0.0221387 -0.000436262 -0.000479695 -0.000379873 -0.000457976 -0.000247357 -0.000515363 -0.000448149 -0.000527176 -0.000444193 -0.000471256   -0.0002573 -0.000483158 -0.000499349 -0.000474246 -0.000457483 -0.000599985  -0.00053146 -0.000436494 -0.000539606 -0.000489941 -0.000494951
-3.59957e-06  0.000155525   0.00151669   0.00022088 -0.000440284   0.00950128 -0.000828386 -5.82207e-05 -0.000622981 -0.000367781  0.000300329   0.00375058  -0.00170365   0.00452166   0.00371625 -0.000263954  0.000205534   0.00049188  -0.00115123   0.00220612  -3.3422e-05 -0.000564633 -6.11353e-05   0.00023674 -0.000411124  -0.00161442   1.4669e-05 -0.000174711  8.52815e-05  0.000190389 -0.000437691 -0.000475052 -0.000237556 -0.000382871 -0.000396432 -0.000483454 -0.000436262    0.0222541 -0.000375836 -0.000362503 -0.000398105 -0.000190323 -0.000408629 -0.000415073 -0.000439999 -0.000398033  -0.00036318 -0.000230708 -0.000373289 -0.000414771 -0.000365022 -0.000380614 -0.000565528 -0.000484935 -0.000339311 -0.000523131 -0.000383427 -0.000476003
-0.000402083  -0.00070035    0.0012989  -0.00265052  -0.00051842   0.00834533 -0.000773862  -0.00103256 -0.000961926  0.000322538 -0.000389078   0.00276907  -0.00188881   0.00364781   0.00170293  -0.00330919  -0.00021041 -0.000118086  -0.00148398  -0.00173352 -0.000804182  -0.00256521  0.000167989 -0.000263546  -0.00117007 -0.000405837   -0.0022427 -0.000226404  -0.00132362 -0.000697652 -0.000490971 -0.000588572 -0.000283817 -0.000500102 -0.000501972 -0.000579875 -0.000479695 -0.000375836    0.0221714 -0.000314559 -0.000430612 -0.000251903 -0.000516721 -0.000395082 -0.000499253 -0.000407322 -0.000480978 -0.000232488 -0.000492778 -0.000486256 -0.000484623 -0.000436746 -0.000474888 -0.000450715 -0.000442535 -0.000425567 -0.000494377 -0.000403279
 7.63861e-05  0.000464355   0.00143121  0.000946088 -0.000381389   0.00907447 -0.000638479  0.000191367 -0.000342044 -0.000554941  0.000460325   0.00372084  -0.00146252   0.00437204   0.00392328  0.000564769  0.000329773  0.000664309 -0.000946335   0.00299535  0.000172215  -1.8285e-05 -9.54701e-05  0.000394025 -0.000188521  -0.00189254  0.000688893 -0.000149881  0.000485127  0.000392097 -0.000388685 -0.000403514  -0.00020435 -0.000319108 -0.000335464 -0.000413766 -0.000379873 -0.000362503 -0.000314559    0.0223182  -0.00035873 -0.000159357  -0.00034563 -0.000386099 -0.000380852 -0.000364953 -0.000301893 -0.000206955 -0.000310248 -0.000359315 -0.000302971 -0.000329573 -0.000512015 -0.000435036 -0.000283257  -0.00048687 -0.000320713 -0.000444915
-0.000597935   0.00188758   0.00188842  -0.00217749 -0.000708441     0.011151   0.00525594 -0.000456034   0.00391701  0.000763061  0.000535212   0.00374763 -6.40465e-05   0.00538385   0.00257597  -0.00348927    0.0020825   0.00120139  -0.00032987  -0.00184021 -0.000282733  -0.00282547  0.000659317   0.00154801  -0.00174868 -3.00869e-05  -0.00182671 -0.000174332 -0.000109509  1.53007e-05 -0.000676979 -0.000587172 -0.000266922 -0.000445746  -0.00056752 -0.000562056 -0.000457976 -0.000398105 -0.000430612  -0.00035873    0.0220675 -0.000224664 -0.000546878 -0.000495823 -0.000477492 -0.000528052 -0.000448476 -0.000242642 -0.000441212 -0.000606692 -0.000439263 -0.000415206 -0.000492972 -0.000470334  -0.00039277 -0.000487754 -0.000440827 -0.000482204
-0.000234312 -0.000331642  0.000659024  -0.00143032 -0.000270333   0.00431793 -0.000335314 -0.000559898 -0.000437742  0.000188003 -0.000215804   0.00141883 -0.000981803   0.00188044  0.000838309  -0.00171679 -0.000102532  -4.2395e-05 -0.000779826  -0.00101486 -0.000433273  -0.00139815  0.000112082 -0.000122694 -0.000642375 -0.000171188  -0.00115456 -0.000120881 -0.000699304 -0.000389264 -0.000256367 -0.000305623 -0.000147716 -0.000260758 -0.000262768  -0.00030017 -0.000247357 -0.000190323 -0.000251903 -0.000159357 -0.000224664    0.0225221 -0.000269741 -0.000203971 -0.000257843 -0.000211628 -0.000251399 -0.000118357 -0.000257211 -0.000252218 -0.000253195 -0.000226134  -0.00023733 -0.000227639 -0.000231268 -0.000214331 -0.000257613  -0.00020495
 -0.00059411  7.88149e-05   0.00157596  -0.00319503 -0.000745385   0.00972902   0.00216218  -0.00105749  0.000999243  0.000672565 -0.000185385   0.00312475  -0.00136482    0.0043856   0.00177336  -0.00415212  0.000694033  0.000293998  -0.00110869  -0.00263094  -0.00080275  -0.00321931  0.000406166  0.000356568   -0.0016379  1.10606e-05  -0.00269182 -0.000241618  -0.00123185 -0.000629661 -0.000649425 -0.000659781 -0.000305225 -0.000535942  -0.00064089 -0.000633259 -0.000515363 -0.000408629 -0.000516721  -0.00034563 -0.000546878 -0.000269741    0.0220372 -0.000453831 -0.000538446 -0.000483613 -0.000536062 -0.000253069 -0.000531224  -0.00063336  -0.00052895 -0.000469837 -0.000509723 -0.000489731 -0.000473143 -0.000465893 -0.000528793 -0.000448847
-0.000158945   0.00128494   0.00183234  3.44264e-05 -0.000519217    0.0114651   0.00151269  2.86656e-05   0.00140826 -0.000255775  0.000630112   0.00440708  -0.00101989   0.00549093   0.00409795 -0.000850658   0.00111606   0.00107597 -0.000808518   0.00172613  8.45111e-05  -0.00100422  0.000182347  0.000997139 -0.000758465  -0.00175682  3.46239e-05 -0.000176724  0.000490134  0.000361144 -0.000542012 -0.000520977 -0.000253011 -0.000404962 -0.000444399 -0.000520134 -0.000448149 -0.000415073 -0.000395082 -0.000386099 -0.000495823 -0.000203971 -0.000453831    0.0221639 -0.000458981 -0.000487383 -0.000389499 -0.000246659 -0.000396351 -0.000482627 -0.000388844 -0.000399677 -0.000534627 -0.000485709 -0.000358192 -0.000535695 -0.000403831 -0.000514138
-0.000311012 -0.000340836   0.00159234  -0.00174295 -0.000555778    0.0100179 -0.000783621 -0.000713049 -0.000820249  0.000122041 -0.000104424   0.00357489  -0.00205477   0.00457565   0.00281834  -0.00234501  5.43797e-06  0.000192515  -0.00155131 -0.000287042 -0.000541179  -0.00208354  0.000126246 -1.54511e-05  -0.00104889 -0.000866718  -0.00152142 -0.000234621 -0.000861345  -0.00037347 -0.000537378 -0.000617087 -0.000300901 -0.000513948 -0.000523206 -0.000614939 -0.000527176 -0.000439999 -0.000499253 -0.000380852 -0.000477492 -0.000257843 -0.000538446 -0.000458981    0.0221132 -0.000460126 -0.000492661 -0.000262821   -0.0005048  -0.00052146  -0.00049573 -0.000470715 -0.000590451 -0.000532901 -0.000454797 -0.000533844 -0.000510288  -0.00049498
-0.000375575   0.00155573   0.00183659  -0.00110703  -0.00057275    0.0111603    0.0030706 -0.000219548   0.00251813  0.000234554  0.000573337   0.00401901   -0.0005626   0.00535871   0.00325462  -0.00221966   0.00152883   0.00111815 -0.000617907 -0.000136391 -9.79011e-05   -0.0019283   0.00041734   0.00124027   -0.0012356 -0.000921738 -0.000902315 -0.000172876   0.00017696  0.000177892  -0.00058777 -0.000544237 -0.000256422 -0.000420094  -0.00048072 -0.000533336 -0.000444193 -0.000398033 -0.000407322 -0.000364953 -0.000528052 -0.000211628 -0.000483613 -0.000487383 -0.000460126    0.0221537  -0.00041022 -0.000240898 -0.000413254 -0.000520621 -0.000407373 -0.000400926 -0.000495837 -0.000465517 -0.000370555 -0.000498199 -0.000416876 -0.000488002
-0.000543015 -0.000435483   0.00127034  -0.00290647 -0.000573551   0.00806873  0.000512639  -0.00107673 -7.89736e-05  0.000519738 -0.000393622   0.00262056  -0.00144304   0.00351405   0.00143929  -0.00351966  7.63938e-05 -3.65024e-05  -0.00123335  -0.00219386 -0.000822376  -0.00275441  0.000288471 -7.36854e-05  -0.00137387 -5.44368e-05   -0.0023835 -0.000216871  -0.00136633 -0.000740066 -0.000522153 -0.000594119 -0.000280872 -0.000499793 -0.000534642 -0.000577556 -0.000471256  -0.00036318 -0.000480978 -0.000301893 -0.000448476 -0.000251399 -0.000536062 -0.000389499 -0.000492661  -0.00041022    0.0221647 -0.000226381 -0.000494694 -0.000516078 -0.000489707 -0.000430555 -0.000452922 -0.000436225 -0.000440691 -0.000405533 -0.000492604  -0.00038821
-2.88244e-05  3.25937e-05  0.000891815 -0.000223229 -0.000269525   0.00561093 -0.000492441 -0.000140546 -0.000398525 -0.000192335  0.000125991   0.00215241  -0.00103585   0.00262568   0.00197998 -0.000654752  0.000101216   0.00024706 -0.000715469  0.000811524 -0.000100278 -0.000578475 -2.29643e-05  0.000107588 -0.000304749 -0.000956326 -0.000276275 -0.000111296 -7.83896e-05  2.75483e-05 -0.000267574 -0.000293665 -0.000145055 -0.000238149 -0.000245032 -0.000295814   -0.0002573 -0.000230708 -0.000232488 -0.000206955 -0.000242642 -0.000118357 -0.000253069 -0.000246659 -0.000262821 -0.000240898 -0.000226381    0.0225177 -0.000232746  -0.00025467 -0.000227714 -0.000229091 -0.000306392 -0.000273631 -0.000210642 -0.000289334 -0.000237497 -0.000269624
-0.000495667 -0.000651327    0.0012976  -0.00295585 -0.000535382   0.00824783 -0.000424314  -0.00110428 -0.000706122  0.000443994 -0.000423704   0.00268126  -0.00177784   0.00358764   0.00148762  -0.00360134 -0.000145869 -0.000109273  -0.00146688  -0.00218693 -0.000845397  -0.00280256  0.000236739 -0.000218022  -0.00131517 -0.000196854  -0.00243851 -0.000228949    -0.001438 -0.000762837 -0.000505446 -0.000602152 -0.000287921 -0.000511504 -0.000517677 -0.000590261 -0.000483158 -0.000373289 -0.000492778 -0.000310248 -0.000441212 -0.000257211 -0.000531224 -0.000396351   -0.0005048 -0.000413254 -0.000494694 -0.000232746    0.0221497 -0.000499809 -0.000497684  -0.00044151 -0.000465296 -0.000447462  -0.00045139 -0.000416398 -0.000504587 -0.000397617
-0.000589828  0.000959925   0.00179733  -0.00303283 -0.000860721    0.0106889   0.00455519 -0.000827437    0.0027416   0.00081599   0.00018296   0.00342281 -0.000770759   0.00500834    0.0020522  -0.00439775    0.0015968  0.000756595 -0.000626702  -0.00271606  -0.00061673  -0.00330155  0.000535485   0.00101258  -0.00178423  0.000122827   -0.0026839 -0.000223904 -0.000775129 -0.000330489 -0.000730781 -0.000651693 -0.000292499 -0.000503413 -0.000683165 -0.000616297 -0.000499349 -0.000414771 -0.000486256 -0.000359315 -0.000606692 -0.000252218  -0.00063336 -0.000482627  -0.00052146 -0.000520621 -0.000516078  -0.00025467 -0.000499809    0.0219567 -0.000501219  -0.00045357 -0.000517531 -0.000495381 -0.000444241 -0.000486581 -0.000497322 -0.000472948
-0.000520806 -0.000568068    0.0012655  -0.00292946 -0.000544721   0.00805074 -3.34609e-05  -0.00109388 -0.000440313  0.000480552 -0.000420914   0.00261375  -0.00161043   0.00349596   0.00142985  -0.00353709 -6.54469e-05 -8.95505e-05  -0.00135679  -0.00219302 -0.000835979  -0.00276532  0.000260129  -0.00016649  -0.00133683 -0.000114911  -0.00240203 -0.000221531  -0.00141382 -0.000759879 -0.000506663  -0.00059422 -0.000282826 -0.000503424 -0.000520111 -0.000580429 -0.000474246 -0.000365022 -0.000484623 -0.000302971 -0.000439263 -0.000253195  -0.00052895 -0.000388844  -0.00049573 -0.000407373 -0.000489707 -0.000227714 -0.000497684 -0.000501219    0.0221634 -0.000433442 -0.000454916 -0.000438093 -0.000444012 -0.000406618 -0.000496329 -0.000388725
-0.000253536  -0.00033073   0.00137099   -0.0015313 -0.000483196    0.0087308 -0.000763319 -0.000650577 -0.000787483  6.09006e-05 -0.000115441   0.00312835  -0.00181113   0.00397176   0.00246076  -0.00209978 -3.55676e-05  0.000139603  -0.00135211 -0.000241059 -0.000500161  -0.00180138  9.17422e-05 -5.04926e-05 -0.000882179 -0.000855045  -0.00133724 -0.000206252 -0.000758972 -0.000351959  -0.00046683 -0.000538409 -0.000263529 -0.000449565 -0.000456374 -0.000536143 -0.000457483 -0.000380614 -0.000436746 -0.000329573 -0.000415206 -0.000226134 -0.000469837 -0.000399677 -0.000470715 -0.000400926 -0.000430555 -0.000229091  -0.00044151  -0.00045357 -0.000433442     0.022244 -0.000502756  -0.00045744 -0.000398289 -0.000458119 -0.000446312 -0.000427353
 2.33577e-05  0.000182727   0.00197352   0.00131089 -0.000551073    0.0120806  -0.00122908  0.000202415  -0.00089615 -0.000370517  0.000453769     0.004973  -0.00219234   0.00594812   0.00545744    0.0013864  0.000207211  0.000648752  -0.00146905   0.00440489  0.000155757 -2.28269e-05 -9.08409e-05  0.000289106 -0.000445944  -0.00164985  0.000789481 -0.000200137  0.000330864  0.000445594 -0.000542911 -0.000594627 -0.000305171 -0.000478963 -0.000495502 -0.000617606 -0.000599985 -0.000565528 -0.000474888 -0.000512015 -0.000492972  -0.00023733 -0.000509723 -0.000534627 -0.000590451 -0.000495837 -0.000452922 -0.000306392 -0.000465296 -0.000517531 -0.000454916 -0.000502756    0.0217579 -0.000716191 -0.000425625 -0.000785235 -0.000483285 -0.000680035
