    58    58     1
    0.966905   -0.0256171  -0.00243339   -0.0234641   -0.0200322   -0.0051573  -0.00185744   -0.0165756    -0.015284    0.0036689   -0.0416882  -0.00756669    0.0209382   0.00583138   -0.0660595   -0.0162275 -0.000713685   -0.0250836   -0.0096093   -0.0112211     0.023722  -0.00424202  -0.00699147   -0.0090024  -0.00273538   -0.0576422   -0.0251166   0.00173502   -0.0168948 -0.000255996 -0.000507962   0.00129959 -0.000319911 -0.000542767  0.000297932 -0.000313313 -0.000568133  0.000524849  -0.00155388 -0.000356056 -0.000587583 -0.000766553 -0.000849712 -6.64609e-05 -0.000459926   0.00138454  0.000271445 -0.000496978 -0.000625021 -0.000254056 -0.000791601 -0.000392263 -0.000358986  -0.00108775 -0.000140324 -0.000489028   0.00129635 -0.000266584
  -0.0256171     0.976409    -0.001389   -0.0165287   -0.0178136  -0.00457647  -0.00241482   -0.0144143   -0.0148076    0.0084617   -0.0252096   -0.0052583    0.0113687   0.00755922   -0.0227539   -0.0117845 -0.000982945   -0.0162635   -0.0109093  -0.00998353    0.0137067   -0.0021095  -0.00805958  -0.00992343  -0.00434486   -0.0256262   -0.0201134   0.00111089    0.0106286 -0.000166182  -0.00034562   0.00108813 -0.000197632 -0.000372294  0.000259265 -0.000196702 -0.000405578   0.00099209  -0.00136545 -0.000235965  -0.00043105 -0.000183586 -0.000687606 -5.06563e-05 -0.000331963   0.00108929 -0.000185056 -0.000378471 -0.000472339  0.000487274 -0.000729868 -0.000316258 -0.000264368 -0.000838532 -0.000101458 -0.000342999   0.00107261 -0.000574308
 -0.00243339    -0.001389     0.996281   0.00495263    0.0013165  -0.00915335  -0.00109407   0.00297933   -0.0152748    -0.004136     0.029399   0.00354198   -0.0168773   0.00405693   -0.0227327  -0.00334726   0.00136513  -0.00412427   0.00191016   0.00204379   -0.0130136   0.00630114   0.00066215  0.000170579   0.00250461   -0.0147689  -0.00376521   0.00588662   -0.0135121 -1.83551e-05 -1.50231e-05 -0.000357558 -8.66629e-05 -3.41429e-05 -0.000608967 -0.000111394 -5.54639e-05 -0.000422735 -0.000569213 -0.000119203   -6.539e-05 -0.000428319  -0.00042644  4.92468e-05   2.7776e-06  0.000256925  0.000183981 -0.000111154 -5.73049e-05 -0.000121744 -0.000211024  -6.1554e-05 -2.47606e-05   0.00021783  3.13002e-05 -4.48789e-06  0.000103847  2.73127e-05
  -0.0234641   -0.0165287   0.00495263     0.964147   -0.0205741    0.0150143   0.00160737   -0.0220419     0.020005   0.00075422    -0.116204   -0.0169001    0.0650594  -0.00616754   -0.0312963  -0.00851157  -0.00555251   -0.0194302   -0.0061169    -0.014794     0.061353   -0.0168659  -0.00172699  -0.00359242   0.00188661   -0.0324449   -0.0137255   -0.0143835   -0.0101705  -0.00101668   -0.0011417 -3.58622e-05 -0.000858586  -0.00112983 -0.000108707 -0.000665289  -0.00108553  0.000464767  -0.00142397 -0.000668477   -0.0010649 -0.000555288 -0.000738575 -0.000930106  -0.00113244  -0.00195896  -0.00267878 -0.000783813  -0.00108546  0.000618117 -0.000592229 -0.000572393 -0.000667655  -0.00179944 -0.000967194   -0.0011451  -0.00136406  -0.00259292
  -0.0200322   -0.0178136    0.0013165   -0.0205741     0.982967   0.00327192  -0.00095921   -0.0156905  -0.00122048   0.00535456   -0.0488964  -0.00876826    0.0277487  -0.00439611   -0.0112852  -0.00842923  -0.00320311   -0.0137699  -0.00537417   -0.0105554    0.0290376  -0.00472858  -0.00357075  -0.00585512    0.0016854   -0.0162295   -0.0143085   -0.0056687   0.00968083 -0.000753363 -0.000852905 -0.000317636 -0.000705625 -0.000864911 -0.000670999 -0.000607736 -0.000870721  0.000761826  -0.00197166  -0.00063229 -0.000878995 -0.000284562  -0.00117463  -0.00063871  -0.00084895  -0.00112051  -0.00214822 -0.000736142 -0.000897955   0.00159962 -0.000841887 -0.000526911 -0.000536994  -0.00116993  -0.00068151 -0.000856636 -0.000814215  -0.00225039
  -0.0051573  -0.00457647  -0.00915335    0.0150143   0.00327192     0.976193  -0.00329687     0.007798   -0.0405865  -0.00701726    0.0827976    0.0100591   -0.0479112    0.0117171   -0.0440347  -0.00777246   0.00380376  -0.00808705   0.00302178   0.00523118   -0.0382137    0.0171128  0.000141209  -0.00104812   0.00452998   -0.0275413   -0.0093154    0.0157544   -0.0232781  8.30279e-05  9.27578e-05 -0.000662452 -9.60686e-05  4.55444e-05  -0.00136605 -0.000181959 -1.78325e-05  -0.00091817  -0.00136039  -0.00020394 -4.94783e-05 -0.000993341  -0.00100162  0.000222447  0.000128465   0.00100375  0.000569828 -0.000194988 -3.56993e-05 -0.000416735 -0.000542879 -0.000105666  8.01224e-06  0.000649671  0.000186586  0.000115211  0.000584548  0.000199015
 -0.00185744  -0.00241482  -0.00109407   0.00160737  -0.00095921  -0.00329687     0.836796  0.000132969   -0.0104865    -0.159899    -0.145447   0.00105237    -0.171369   -0.0214005   0.00484447 -0.000189274   0.00185431   0.00393947    -0.161544 -0.000586688    -0.162212    0.0105459   0.00634087   0.00343484    0.0145738 -0.000697666  -0.00200705   0.00183217    0.0050129 -0.000789907 -0.000666183  -0.00284362 -0.000881113 -0.000703892  -0.00454311 -0.000863046 -0.000738693   -0.0014259  -0.00304741 -0.000891881 -0.000758919 -0.000152278   -0.0024132 -0.000584181 -0.000623303  -0.00104747 -0.000914082 -0.000809421 -0.000719989   0.00112772  -0.00100711 -0.000462019 -0.000417269   0.00343837 -0.000634689 -0.000641323 -0.000861094 -0.000947346
  -0.0165756   -0.0144143   0.00297933   -0.0220419   -0.0156905     0.007798  0.000132969     0.984195   0.00785163   0.00412742   -0.0656784   -0.0103529    0.0368337  -0.00377951  -0.00445834  -0.00602273  -0.00375147   -0.0114429  -0.00551416   -0.0107109    0.0354747  -0.00898141  -0.00300808   -0.0047457  0.000448224   -0.0111804   -0.0108294  -0.00851993   0.00854799 -0.000714712 -0.000797131 -9.90619e-05 -0.000614461 -0.000794406 -0.000250735 -0.000493838 -0.000782462  0.000942429  -0.00132211 -0.000504376  -0.00078051  9.46043e-05 -0.000702166 -0.000668299   -0.0008029  -0.00130568  -0.00221081 -0.000605694 -0.000801633   0.00155932 -0.000580992 -0.000445733 -0.000488177  -0.00119126 -0.000688983 -0.000805601 -0.000893764  -0.00213186
   -0.015284   -0.0148076   -0.0152748     0.020005  -0.00122048   -0.0405865   -0.0104865   0.00785163     0.924331   -0.0101232     0.138709    0.0149721   -0.0824009    0.0249144   -0.0699976   -0.0163992   0.00465253   -0.0183315   0.00411647   0.00551212   -0.0605637    0.0361084   0.00197705  -0.00236025    0.0165723   -0.0454843   -0.0210136    0.0242402   -0.0290453 -0.000651333 -0.000592828  -0.00275512 -0.000983575 -0.000689564  -0.00430655  -0.00108723 -0.000818361  -0.00225808  -0.00503341   -0.0011516 -0.000885912  -0.00311691  -0.00371678 -0.000287353 -0.000530162 -0.000155349  -0.00148868   -0.0011196 -0.000841564  0.000309998  -0.00191074 -0.000668044 -0.000444327  0.000583598 -0.000379088 -0.000555299 -0.000626589  -0.00210716
   0.0036689    0.0084617    -0.004136   0.00075422   0.00535456  -0.00701726    -0.159899   0.00412742   -0.0101232     0.812087    -0.165344 -0.000344402    -0.161474    -0.014232   -0.0452769 -0.000854248   0.00169704  -0.00219968    -0.151744   0.00188976    -0.150573   0.00841824    0.0168319    0.0131836    0.0278892   -0.0303453    0.0018335   0.00180952   -0.0486291   -0.0017494  -0.00147892  -0.00527382  -0.00173891  -0.00151143  -0.00660872    -0.001499  -0.00149573  -0.00306987  -0.00367047  -0.00146781  -0.00147468 -0.000950532  -0.00276398    -0.001452  -0.00139947  -0.00406703  -0.00330276  -0.00135279  -0.00139224  0.000938172  -0.00100348 -0.000793881 -0.000837101   0.00329517  -0.00151568  -0.00143278  -0.00357477  -0.00303099
  -0.0416882   -0.0252096     0.029399    -0.116204   -0.0488964    0.0827976    -0.145447   -0.0656784     0.138709    -0.165344     0.318883    -0.062418     0.109279    0.0109961   0.00971184  0.000608403   -0.0159628   -0.0220121    -0.206046   -0.0479474    0.0717908   -0.0949679  -0.00466417  -0.00449798   -0.0147434   -0.0323684  -0.00993076   -0.0627635 -0.000849675  -0.00170649  -0.00191097   0.00347784 -0.000774969  -0.00176444   0.00305532  3.50817e-06  -0.00147153   0.00190032   0.00364679  0.000146091  -0.00131552   0.00276607   0.00390685  -0.00199009   -0.0019381  -0.00362794  -0.00390633 -0.000288113  -0.00143993  -0.00332596   0.00127096 -0.000473474 -0.000942493  -0.00149782  -0.00194473  -0.00193818  -0.00121948  -0.00249411
 -0.00756669   -0.0052583   0.00354198   -0.0169001  -0.00876826    0.0100591   0.00105237   -0.0103529    0.0149721 -0.000344402    -0.062418     0.991208    0.0348281  -0.00232793  -0.00267153  -0.00177738  -0.00312748  -0.00601338  -0.00242394  -0.00700951    0.0319907  -0.00950807  0.000131022 -0.000690047   0.00152611  -0.00643063   -0.0033661  -0.00895086 -0.000223655 -0.000581421 -0.000608493 -0.000264487 -0.000470068 -0.000595096  -0.00014137 -0.000350486 -0.000564995  0.000541635 -0.000554945 -0.000343546 -0.000549816  0.000188781 -0.000261182 -0.000569419 -0.000612742  -0.00145164  -0.00171475 -0.000391458 -0.000556574   0.00112457 -0.000206291  -0.00028181 -0.000348175  -0.00087182  -0.00057617 -0.000614545  -0.00106778  -0.00154212
   0.0209382    0.0113687   -0.0168773    0.0650594    0.0277487   -0.0479112    -0.171369    0.0368337   -0.0824009    -0.161474     0.109279    0.0348281     0.684868  -0.00744331     0.005281   0.00202304    0.0132867    0.0214905    -0.151185     0.024411    -0.288605    0.0550087   0.00759537   0.00551765    0.0171246    0.0158089   0.00442101    0.0378981   0.00564932  0.000703562  0.000959323  -0.00342516  0.000140411  0.000845247  -0.00595696  -0.00026153  0.000664961  -0.00262533  -0.00331923  -0.00033991  0.000569236 -0.000474854  -0.00315341  0.000997348   0.00103104   0.00304064    0.0036394 -6.58758e-05  0.000652702  0.000927832  -0.00107543  0.000145338  0.000464907   0.00649827  0.000938756   0.00101234   0.00188085   0.00289485
  0.00583138   0.00755922   0.00405693  -0.00616754  -0.00439611    0.0117171   -0.0214005  -0.00377951    0.0249144    -0.014232    0.0109961  -0.00232793  -0.00744331      0.04338   -0.0251109  -0.00839964   -0.0166244     -0.03465     0.016031   0.00681675   -0.0247504   -0.0258975   -0.0195057   -0.0119177   -0.0341171    0.0209932   0.00370519   -0.0140577  -0.00360337   0.00105615  0.000513402  -0.00475034   0.00120616  0.000635806   0.00531153   0.00106547  0.000705085   0.00360549   0.00446919   0.00104984  0.000738985   0.00394797   0.00346754  0.000605089  0.000310027  -0.00352391  -0.00509031  0.000926064  0.000683292  -0.00136981   0.00123328  0.000488947  0.000314269  0.000872618  0.000701294   0.00037526  -0.00425844  -0.00544139
  -0.0660595   -0.0227539   -0.0227327   -0.0312963   -0.0112852   -0.0440347   0.00484447  -0.00445834   -0.0699976   -0.0452769   0.00971184  -0.00267153     0.005281   -0.0251109     0.515568   -0.0531986     0.011379   -0.0945005     0.024342  -0.00065359    0.0225276   0.00698723   0.00705552   0.00478962    0.0153145    -0.326728   -0.0578383    0.0338489    -0.308677 -0.000293737 -0.000952066   0.00146015 -0.000876224  -0.00107761  -0.00059082  -0.00104507  -0.00112554  -0.00107067  -0.00268113  -0.00110289  -0.00113503   -0.0020792  -0.00228355  0.000592628  -0.00057523    0.0056208   0.00644269  -0.00105776  -0.00109027  0.000553575  -0.00101898 -0.000641375 -0.000657217 -0.000875856  0.000277974 -0.000773121   0.00391043   0.00406497
  -0.0162275   -0.0117845  -0.00334726  -0.00851157  -0.00842923  -0.00777246 -0.000189274  -0.00602273   -0.0163992 -0.000854248  0.000608403  -0.00177738   0.00202304  -0.00839964   -0.0531986     0.989667 -1.64614e-05   -0.0167616   0.00090272   -0.0037653   0.00632343   0.00261279  -0.00165701  -0.00313048   0.00243793   -0.0391633    -0.013959   0.00365059   -0.0247812 -0.000325213 -0.000423231 -0.000145006 -0.000389625 -0.000448023 -0.000581883 -0.000387176  -0.00047172 -7.04486e-05  -0.00147363 -0.000410701  -0.00048566 -0.000727481 -0.000983605 -0.000191764 -0.000390146  0.000163279 -0.000514337 -0.000455416 -0.000489547  0.000277994 -0.000624729 -0.000311275  -0.00028495 -0.000477043 -0.000236845 -0.000408994  8.83029e-05 -0.000795558
-0.000713685 -0.000982945   0.00136513  -0.00555251  -0.00320311   0.00380376   0.00185431  -0.00375147   0.00465253   0.00169704   -0.0159628  -0.00312748    0.0132867   -0.0166244     0.011379 -1.64614e-05     0.996696   -0.0033086   0.00323805   -0.0023047    0.0134414  -0.00127109   0.00118741  0.000476979   0.00337785   0.00680548 -1.25957e-05  -0.00579102   0.00344086 -0.000503152  -0.00043197  -0.00102906 -0.000418106 -0.000419533  -0.00067718 -0.000342219 -0.000408222 -0.000192373 -0.000872099 -0.000338734 -0.000402583 -0.000429885 -0.000595687 -0.000561395 -0.000466076  -0.00197038  -0.00245507 -0.000340672 -0.000394607  0.000440194 -0.000293227 -0.000219729 -0.000240967 -0.000434504 -0.000533119 -0.000449453  -0.00156653  -0.00208328
  -0.0250836   -0.0162635  -0.00412427   -0.0194302   -0.0137699  -0.00808705   0.00393947   -0.0114429   -0.0183315  -0.00219968   -0.0220121  -0.00601338    0.0214905     -0.03465   -0.0945005   -0.0167616   -0.0033086     0.965932   0.00602871  -0.00697508    0.0264998 -0.000105155  -0.00107881  -0.00313167   0.00509395   -0.0674344   -0.0211892 -0.000102598   -0.0592049 -0.000767134 -0.000842486 -0.000665828 -0.000758865 -0.000854764  -0.00084003 -0.000692526 -0.000865521  -0.00106758  -0.00231907 -0.000711185 -0.000871709  -0.00216613  -0.00155048 -0.000698929 -0.000827441  -0.00128556  -0.00282549 -0.000773063 -0.000871338  -0.00138317  -0.00095356 -0.000524715 -0.000513639   -0.0010939 -0.000715216  -0.00083743 -0.000993628  -0.00275576
  -0.0096093   -0.0109093   0.00191016   -0.0061169  -0.00537417   0.00302178    -0.161544  -0.00551416   0.00411647    -0.151744    -0.206046  -0.00242394    -0.151185     0.016031     0.024342   0.00090272   0.00323805   0.00602871     0.812854    -0.006187     -0.15513   -0.0110818  -0.00726734  -0.00658836   -0.0125452   0.00320739  -0.00571585   0.00129185    0.0241123  0.000958084  0.000894096   0.00273959  0.000978758  0.000891079  0.000640878  0.000910301  0.000882783  0.000863082   0.00195443  0.000912608  0.000871934   0.00242259   0.00162695  0.000841095  0.000901571     0.004147   0.00387991  0.000807482  0.000812733  -0.00192388  0.000569562   0.00045814  0.000515507   0.00369641  0.000865526  0.000904382   0.00411874   0.00388335
  -0.0112211  -0.00998353   0.00204379    -0.014794   -0.0105554   0.00523118 -0.000586688   -0.0107109   0.00551212   0.00188976   -0.0479474  -0.00700951     0.024411   0.00681675  -0.00065359   -0.0037653   -0.0023047  -0.00697508    -0.006187      0.99251    0.0230538  -0.00675926  -0.00235244  -0.00345359 -0.000457459   -0.0066635  -0.00725869  -0.00556817   0.00721999 -0.000427117 -0.000479434  0.000151316 -0.000352413 -0.000477046 -4.71725e-05 -0.000267009 -0.000467786  0.000814402 -0.000702041 -0.000270168  -0.00046557  0.000291557 -0.000304873  -0.00040661 -0.000483706  -0.00068393   -0.0013036 -0.000348041 -0.000483251   0.00119247 -0.000325882 -0.000267058 -0.000292592 -0.000766666 -0.000417253 -0.000484608 -0.000402893  -0.00123324
    0.023722    0.0137067   -0.0130136     0.061353    0.0290376   -0.0382137    -0.162212    0.0354747   -0.0605637    -0.150573    0.0717908    0.0319907    -0.288605   -0.0247504    0.0225276   0.00632343    0.0134414    0.0264998     -0.15513    0.0230538     0.725729    0.0366749 -0.000376124   0.00111608  -0.00281597     0.025707   0.00868209    0.0345886    0.0136772   0.00199203    0.0021137  0.000153394   0.00153708    0.0020415  -0.00180666   0.00106791   0.00189776 -0.000855228   0.00103133   0.00101912   0.00181897    0.0017953  0.000176681   0.00199763   0.00215023   0.00615613   0.00694624   0.00120205   0.00184094  -0.00104801  0.000381648  0.000893133   0.00116192   0.00667891   0.00200908   0.00214852   0.00483495   0.00632301
 -0.00424202   -0.0021095   0.00630114   -0.0168659  -0.00472858    0.0171128    0.0105459  -0.00898141    0.0361084   0.00841824   -0.0949679  -0.00950807    0.0550087   -0.0258975   0.00698723   0.00261279  -0.00127109 -0.000105155   -0.0110818  -0.00675926    0.0366749     0.966481   -0.0119191  -0.00743663   -0.0283272  -0.00187806  0.000727443  -0.00835695   0.00214136   0.00148154    0.0012392   0.00518644   0.00170274   0.00130141   0.00595481   0.00168523   0.00136976   0.00355346   0.00597223   0.00173108   0.00140211   0.00412989   0.00472084   0.00109414   0.00119606   0.00390635    0.0039718   0.00155389   0.00130383 -0.000996137    0.0019942  0.000873014  0.000747097 -0.000202428   0.00118119   0.00121378   0.00387347   0.00417736
 -0.00699147  -0.00805958   0.00066215  -0.00172699  -0.00357075  0.000141209   0.00634087  -0.00300808   0.00197705    0.0168319  -0.00466417  0.000131022   0.00759537   -0.0195057   0.00705552  -0.00165701   0.00118741  -0.00107881  -0.00726734  -0.00235244 -0.000376124   -0.0119191     0.987218  -0.00994681   -0.0228919   0.00027707  -0.00551334   0.00301329    0.0145604   0.00151725   0.00129922   0.00422253   0.00152762   0.00131654   0.00428754   0.00136299   0.00130645    0.0024183   0.00363248    0.0013554   0.00129284   0.00236175   0.00282765   0.00126712   0.00126692    0.0044949   0.00395782   0.00122884   0.00121424  -0.00135824   0.00106186   0.00070877  0.000728946  0.000272291   0.00132109   0.00128196   0.00411375   0.00380667
  -0.0090024  -0.00992343  0.000170579  -0.00359242  -0.00585512  -0.00104812   0.00343484   -0.0047457  -0.00236025    0.0131836  -0.00449798 -0.000690047   0.00551765   -0.0119177   0.00478962  -0.00313048  0.000476979  -0.00313167  -0.00658836  -0.00345359   0.00111608  -0.00743663  -0.00994681     0.991398   -0.0154704  -0.00165834   -0.0073202   0.00219657    0.0146441  0.000917343   0.00074808   0.00284603  0.000918779  0.000753763   0.00273504  0.000811017  0.000737017   0.00204142   0.00197418   0.00079666  0.000720715   0.00175463   0.00161331  0.000768803  0.000725616   0.00300728   0.00232149   0.00068758  0.000661993 -0.000128496  0.000501659  0.000376122  0.000400367  2.44116e-05  0.000798067  0.000735271   0.00277828   0.00218496
 -0.00273538  -0.00434486   0.00250461   0.00188661    0.0016854   0.00452998    0.0145738  0.000448224    0.0165723    0.0278892   -0.0147434   0.00152611    0.0171246   -0.0341171    0.0153145   0.00243793   0.00337785   0.00509395   -0.0125452 -0.000457459  -0.00281597   -0.0283272   -0.0228919   -0.0154704     0.952079   0.00501427  -0.00137498   0.00517748    0.0165018   0.00341765   0.00302289   0.00895341   0.00347289   0.00307692   0.00945543   0.00313544   0.00308644   0.00480696    0.0090522    0.0031488   0.00307927   0.00545334   0.00684852   0.00282858   0.00295839   0.00944028   0.00924351   0.00294405   0.00292847   -0.0032935   0.00287868   0.00174953   0.00174435  0.000993598   0.00296412   0.00299039   0.00861367    0.0090724
  -0.0576422   -0.0256262   -0.0147689   -0.0324449   -0.0162295   -0.0275413 -0.000697666   -0.0111804   -0.0454843   -0.0303453   -0.0323684  -0.00643063    0.0158089    0.0209932    -0.326728   -0.0391633   0.00680548   -0.0674344   0.00320739   -0.0066635     0.025707  -0.00187806   0.00027707  -0.00165834   0.00501427     0.765356   -0.0472854    0.0211417    -0.198434 -6.37736e-05 -0.000616611   0.00269064 -0.000437198 -0.000708036  0.000590957 -0.000556746 -0.000745578   0.00132924  -0.00146243 -0.000609347 -0.000759461  0.000284678   -0.0011412  0.000472819 -0.000365873   0.00498646    0.0050144 -0.000657325 -0.000761713   0.00282925 -0.000656484  -0.00044136 -0.000458363 -0.000935557  0.000285938 -0.000496741   0.00397338   0.00352906
  -0.0251166   -0.0201134  -0.00376521   -0.0137255   -0.0143085   -0.0093154  -0.00200705   -0.0108294   -0.0210136    0.0018335  -0.00993076   -0.0033661   0.00442101   0.00370519   -0.0578383    -0.013959 -1.25957e-05   -0.0211892  -0.00571585  -0.00725869   0.00868209  0.000727443  -0.00551334   -0.0073202  -0.00137498   -0.0472854     0.979097   0.00454214   -0.0190965 -0.000199603 -0.000374127  0.000802634 -0.000273287 -0.000406468 -3.79155e-05 -0.000291125 -0.000443348  0.000566876  -0.00148604 -0.000328001 -0.000467924 -0.000439602  -0.00088153 -6.79751e-05 -0.000339819   0.00111382 -4.06303e-05 -0.000430805 -0.000494221   0.00040867 -0.000729543 -0.000326817 -0.000281602  -0.00066075 -0.000117369 -0.000359969   0.00101333 -0.000415939
  0.00173502   0.00111089   0.00588662   -0.0143835   -0.0056687    0.0157544   0.00183217  -0.00851993    0.0242402   0.00180952   -0.0627635  -0.00895086    0.0378981   -0.0140577    0.0338489   0.00365059  -0.00579102 -0.000102598   0.00129185  -0.00556817    0.0345886  -0.00835695   0.00301329   0.00219657   0.00517748    0.0211417   0.00454214     0.985112    0.0141289 -0.000886081 -0.000773054  -0.00147558 -0.000695509 -0.000739912 -0.000833054 -0.000528453 -0.000694577 -0.000218173 -0.000957837 -0.000511432 -0.000670662  -0.00046606 -0.000635272 -0.000967708 -0.000822862  -0.00344011   -0.0037237 -0.000510629  -0.00065848   0.00073577 -0.000266002 -0.000332256 -0.000412477 -0.000895019 -0.000933208 -0.000800611  -0.00270019  -0.00312433
  -0.0168948    0.0106286   -0.0135121   -0.0101705   0.00968083   -0.0232781    0.0050129   0.00854799   -0.0290453   -0.0486291 -0.000849675 -0.000223655   0.00564932  -0.00360337    -0.308677   -0.0247812   0.00344086   -0.0592049    0.0241123   0.00721999    0.0136772   0.00214136    0.0145604    0.0146441    0.0165018    -0.198434   -0.0190965    0.0141289     0.746694 -0.000517485 -0.000561826 -0.000377696 -0.000649874 -0.000574578 -0.000723231 -0.000659011 -0.000553441  -0.00152936 -0.000563914 -0.000623179 -0.000523498  -0.00105666 -0.000898705 -0.000436619  -0.00041132  0.000165087  0.000241358 -0.000454054 -0.000450301  0.000359491  1.66953e-05 -0.000197028 -0.000298606 -5.88179e-06 -0.000440679 -0.000482199  -2.3929e-06  0.000428098
-0.000255996 -0.000166182 -1.83551e-05  -0.00101668 -0.000753363  8.30279e-05 -0.000789907 -0.000714712 -0.000651333   -0.0017494  -0.00170649 -0.000581421  0.000703562   0.00105615 -0.000293737 -0.000325213 -0.000503152 -0.000767134  0.000958084 -0.000427117   0.00199203   0.00148154   0.00151725  0.000917343   0.00341765 -6.37736e-05 -0.000199603 -0.000886081 -0.000517485    0.0223681 -0.000258527 -0.000678495 -0.000281263 -0.000261449  -0.00068986 -0.000248387 -0.000261091 -0.000246101 -0.000688832 -0.000248772 -0.000260159 -0.000315988 -0.000502571 -0.000248319 -0.000256087 -0.000798967 -0.000840785  -0.00023951 -0.000250388  0.000414509 -0.000223541 -0.000146835 -0.000150346 -0.000125847 -0.000256845 -0.000257546   -0.0007087 -0.000806238
-0.000507962  -0.00034562 -1.50231e-05   -0.0011417 -0.000852905  9.27578e-05 -0.000666183 -0.000797131 -0.000592828  -0.00147892  -0.00191097 -0.000608493  0.000959323  0.000513402 -0.000952066 -0.000423231  -0.00043197 -0.000842486  0.000894096 -0.000479434    0.0021137    0.0012392   0.00129922   0.00074808   0.00302289 -0.000616611 -0.000374127 -0.000773054 -0.000561826 -0.000258527    0.0224172 -0.000595716 -0.000255109 -0.000240648 -0.000609903 -0.000225926 -0.000240474  -0.00019127 -0.000624952 -0.000226796 -0.000239778 -0.000263516 -0.000454337 -0.000220384 -0.000234336 -0.000693486 -0.000728423 -0.000219599 -0.000231377  0.000415602 -0.000204905 -0.000135416 -0.000139167 -0.000123852 -0.000229584 -0.000236334 -0.000618695 -0.000709609
  0.00129959   0.00108813 -0.000357558 -3.58622e-05 -0.000317636 -0.000662452  -0.00284362 -9.90619e-05  -0.00275512  -0.00527382   0.00347784 -0.000264487  -0.00342516  -0.00475034   0.00146015 -0.000145006  -0.00102906 -0.000665828   0.00273959  0.000151316  0.000153394   0.00518644   0.00422253   0.00284603   0.00895341   0.00269064  0.000802634  -0.00147558 -0.000377696 -0.000678495 -0.000595716    0.0207537 -0.000677633  -0.00060392  -0.00183804 -0.000604301 -0.000604443 -0.000894816    -0.001711  -0.00060502 -0.000602237 -0.000991797   -0.0012728 -0.000573897 -0.000589873  -0.00203407  -0.00202686 -0.000570199 -0.000573659  0.000651019 -0.000543781 -0.000341684 -0.000342714 -0.000183772 -0.000597664 -0.000593101  -0.00185659  -0.00197651
-0.000319911 -0.000197632 -8.66629e-05 -0.000858586 -0.000705625 -9.60686e-05 -0.000881113 -0.000614461 -0.000983575  -0.00173891 -0.000774969 -0.000470068  0.000140411   0.00120616 -0.000876224 -0.000389625 -0.000418106 -0.000758865  0.000978758 -0.000352413   0.00153708   0.00170274   0.00152762  0.000918779   0.00347289 -0.000437198 -0.000273287 -0.000695509 -0.000649874 -0.000281263 -0.000255109 -0.000677633    0.0223745 -0.000258856 -0.000701679 -0.000250035 -0.000259336 -0.000255053 -0.000705328 -0.000251158 -0.000258859 -0.000328005 -0.000518616 -0.000238094 -0.000251329 -0.000762322 -0.000791073 -0.000240807 -0.000248782   0.00041776 -0.000229708 -0.000146912 -0.000149099  -0.00011729 -0.000248269 -0.000253476 -0.000684575 -0.000771687
-0.000542767 -0.000372294 -3.41429e-05  -0.00112983 -0.000864911  4.55444e-05 -0.000703892 -0.000794406 -0.000689564  -0.00151143  -0.00176444 -0.000595096  0.000845247  0.000635806  -0.00107761 -0.000448023 -0.000419533 -0.000854764  0.000891079 -0.000477046    0.0020415   0.00130141   0.00131654  0.000753763   0.00307692 -0.000708036 -0.000406468 -0.000739912 -0.000574578 -0.000261449 -0.000240648  -0.00060392 -0.000258856    0.0224108 -0.000622041 -0.000229664 -0.000243967 -0.000194998 -0.000637825   -0.0002307 -0.000243366  -0.00026881 -0.000463972 -0.000221591 -0.000237029 -0.000695582 -0.000728461 -0.000223337 -0.000234812  0.000423689 -0.000209378 -0.000137659 -0.000141158 -0.000123968 -0.000231334 -0.000239206 -0.000622259 -0.000712897
 0.000297932  0.000259265 -0.000608967 -0.000108707 -0.000670999  -0.00136605  -0.00454311 -0.000250735  -0.00430655  -0.00660872   0.00305532  -0.00014137  -0.00595696   0.00531153  -0.00059082 -0.000581883  -0.00067718  -0.00084003  0.000640878 -4.71725e-05  -0.00180666   0.00595481   0.00428754   0.00273504   0.00945543  0.000590957 -3.79155e-05 -0.000833054 -0.000723231  -0.00068986 -0.000609903  -0.00183804 -0.000701679 -0.000622041    0.0207018 -0.000632401 -0.000626248 -0.000987342  -0.00186356 -0.000635574 -0.000626169  -0.00111617  -0.00138772 -0.000567948 -0.000598221   -0.0018937  -0.00189955 -0.000600561 -0.000597157  0.000591322 -0.000602094 -0.000360106 -0.000354332 -0.000163829 -0.000596685 -0.000604009  -0.00173147  -0.00187796
-0.000313313 -0.000196702 -0.000111394 -0.000665289 -0.000607736 -0.000181959 -0.000863046 -0.000493838  -0.00108723    -0.001499  3.50817e-06 -0.000350486  -0.00026153   0.00106547  -0.00104507 -0.000387176 -0.000342219 -0.000692526  0.000910301 -0.000267009   0.00106791   0.00168523   0.00136299  0.000811017   0.00313544 -0.000556746 -0.000291125 -0.000528453 -0.000659011 -0.000248387 -0.000225926 -0.000604301 -0.000250035 -0.000229664 -0.000632401    0.0224294 -0.000230798 -0.000218719 -0.000645323 -0.000227122 -0.000230823  -0.00028952 -0.000479159 -0.000208592 -0.000222177 -0.000663551 -0.000688872 -0.000216711 -0.000221617  0.000405239 -0.000211108 -0.000131542 -0.000132762 -9.93624e-05 -0.000218038 -0.000224297 -0.000599051 -0.000676213
-0.000568133 -0.000405578 -5.54639e-05  -0.00108553 -0.000870721 -1.78325e-05 -0.000738693 -0.000782462 -0.000818361  -0.00149573  -0.00147153 -0.000564995  0.000664961  0.000705085  -0.00112554  -0.00047172 -0.000408222 -0.000865521  0.000882783 -0.000467786   0.00189776   0.00136976   0.00130645  0.000737017   0.00308644 -0.000745578 -0.000443348 -0.000694577 -0.000553441 -0.000261091 -0.000240474 -0.000604443 -0.000259336 -0.000243967 -0.000626248 -0.000230798    0.0224104 -0.000189969 -0.000645194  -0.00023207 -0.000243945 -0.000266003  -0.00046997 -0.000220804 -0.000236771 -0.000690122 -0.000725805 -0.000224589 -0.000235369  0.000438469 -0.000212439  -0.00013834 -0.000141423 -0.000122017 -0.000230657 -0.000238987 -0.000618237 -0.000711614
 0.000524849   0.00099209 -0.000422735  0.000464767  0.000761826  -0.00091817   -0.0014259  0.000942429  -0.00225808  -0.00306987   0.00190032  0.000541635  -0.00262533   0.00360549  -0.00107067 -7.04486e-05 -0.000192373  -0.00106758  0.000863082  0.000814402 -0.000855228   0.00355346    0.0024183   0.00204142   0.00480696   0.00132924  0.000566876 -0.000218173  -0.00152936 -0.000246101  -0.00019127 -0.000894816 -0.000255053 -0.000194998 -0.000987342 -0.000218719 -0.000189969    0.0188397 -0.000885269 -0.000214523 -0.000184506   -0.0038749 -0.000645807 -0.000175606 -0.000183252 -0.000861807 -0.000807065 -0.000198476 -0.000168219   -0.0064806 -0.000306167 -0.000115177 -8.76293e-05 -7.32325e-05 -0.000192829 -0.000185691 -0.000813011 -0.000828728
 -0.00155388  -0.00136545 -0.000569213  -0.00142397  -0.00197166  -0.00136039  -0.00304741  -0.00132211  -0.00503341  -0.00367047   0.00364679 -0.000554945  -0.00331923   0.00446919  -0.00268113  -0.00147363 -0.000872099  -0.00231907   0.00195443 -0.000702041   0.00103133   0.00597223   0.00363248   0.00197418    0.0090522  -0.00146243  -0.00148604 -0.000957837 -0.000563914 -0.000688832 -0.000624952    -0.001711 -0.000705328 -0.000637825  -0.00186356 -0.000645323 -0.000645194 -0.000885269    0.0206692 -0.000653888 -0.000647883  -0.00115693  -0.00148104 -0.000569067 -0.000614298  -0.00180311  -0.00194193 -0.000623551 -0.000621546  0.000663794 -0.000666663 -0.000377431 -0.000368333 -0.000266696 -0.000597545  -0.00062002  -0.00163607  -0.00192744
-0.000356056 -0.000235965 -0.000119203 -0.000668477  -0.00063229  -0.00020394 -0.000891881 -0.000504376   -0.0011516  -0.00146781  0.000146091 -0.000343546  -0.00033991   0.00104984  -0.00110289 -0.000410701 -0.000338734 -0.000711185  0.000912608 -0.000270168   0.00101912   0.00173108    0.0013554   0.00079666    0.0031488 -0.000609347 -0.000328001 -0.000511432 -0.000623179 -0.000248772 -0.000226796  -0.00060502 -0.000251158   -0.0002307 -0.000635574 -0.000227122  -0.00023207 -0.000214523 -0.000653888    0.0224256  -0.00023226  -0.00028909 -0.000486574 -0.000208233 -0.000222933 -0.000660256 -0.000686049  -0.00021855 -0.000223025  0.000418187 -0.000214573 -0.000132583 -0.000133595 -9.96665e-05 -0.000217941  -0.00022513 -0.000596906  -0.00067565
-0.000587583  -0.00043105   -6.539e-05   -0.0010649 -0.000878995 -4.94783e-05 -0.000758919  -0.00078051 -0.000885912  -0.00147468  -0.00131552 -0.000549816  0.000569236  0.000738985  -0.00113503  -0.00048566 -0.000402583 -0.000871709  0.000871934  -0.00046557   0.00181897   0.00140211   0.00129284  0.000720715   0.00307927 -0.000759461 -0.000467924 -0.000670662 -0.000523498 -0.000260159 -0.000239778 -0.000602237 -0.000258859 -0.000243366 -0.000626169 -0.000230823 -0.000243945 -0.000184506 -0.000647883  -0.00023226    0.0224111 -0.000262209 -0.000472347 -0.000219823 -0.000236066 -0.000684815 -0.000722647 -0.000224755 -0.000235153  0.000448643 -0.000213806  -0.00013841 -0.000141266 -0.000120895 -0.000229692 -0.000238289 -0.000613775 -0.000709166
-0.000766553 -0.000183586 -0.000428319 -0.000555288 -0.000284562 -0.000993341 -0.000152278  9.46043e-05  -0.00311691 -0.000950532   0.00276607  0.000188781 -0.000474854   0.00394797   -0.0020792 -0.000727481 -0.000429885  -0.00216613   0.00242259  0.000291557    0.0017953   0.00412989   0.00236175   0.00175463   0.00545334  0.000284678 -0.000439602  -0.00046606  -0.00105666 -0.000315988 -0.000263516 -0.000991797 -0.000328005  -0.00026881  -0.00111617  -0.00028952 -0.000266003   -0.0038749  -0.00115693  -0.00028909 -0.000262209    0.0185967 -0.000845397 -0.000234293 -0.000255461  -0.00100454  -0.00104432 -0.000274154 -0.000245053   -0.0064457 -0.000412975 -0.000163682  -0.00013248 -0.000183353 -0.000254465 -0.000258209 -0.000933775  -0.00106974
-0.000849712 -0.000687606  -0.00042644 -0.000738575  -0.00117463  -0.00100162   -0.0024132 -0.000702166  -0.00371678  -0.00276398   0.00390685 -0.000261182  -0.00315341   0.00346754  -0.00228355 -0.000983605 -0.000595687  -0.00155048   0.00162695 -0.000304873  0.000176681   0.00472084   0.00282765   0.00161331   0.00684852   -0.0011412  -0.00088153 -0.000635272 -0.000898705 -0.000502571 -0.000454337   -0.0012728 -0.000518616 -0.000463972  -0.00138772 -0.000479159  -0.00046997 -0.000645807  -0.00148104 -0.000486574 -0.000472347 -0.000845397    0.0215324 -0.000414207 -0.000446098  -0.00132115  -0.00140187 -0.000458884 -0.000451777  0.000559033 -0.000494553  -0.00027482 -0.000267986 -0.000178309 -0.000434933 -0.000450493  -0.00120311  -0.00139146
-6.64609e-05 -5.06563e-05  4.92468e-05 -0.000930106  -0.00063871  0.000222447 -0.000584181 -0.000668299 -0.000287353    -0.001452  -0.00199009 -0.000569419  0.000997348  0.000605089  0.000592628 -0.000191764 -0.000561395 -0.000698929  0.000841095  -0.00040661   0.00199763   0.00109414   0.00126712  0.000768803   0.00282858  0.000472819 -6.79751e-05 -0.000967708 -0.000436619 -0.000248319 -0.000220384 -0.000573897 -0.000238094 -0.000221591 -0.000567948 -0.000208592 -0.000220804 -0.000175606 -0.000569067 -0.000208233 -0.000219823 -0.000234293 -0.000414207    0.0224274 -0.000221071 -0.000730201 -0.000807902 -0.000200738 -0.000211815  0.000394376 -0.000184401 -0.000123348 -0.000127593 -0.000111364 -0.000230142 -0.000220803  -0.00063183 -0.000742927
-0.000459926 -0.000331963   2.7776e-06  -0.00113244  -0.00084895  0.000128465 -0.000623303   -0.0008029 -0.000530162  -0.00139947   -0.0019381 -0.000612742   0.00103104  0.000310027  -0.00057523 -0.000390146 -0.000466076 -0.000827441  0.000901571 -0.000483706   0.00215023   0.00119606   0.00126692  0.000725616   0.00295839 -0.000365873 -0.000339819 -0.000822862  -0.00041132 -0.000256087 -0.000234336 -0.000589873 -0.000251329 -0.000237029 -0.000598221 -0.000222177 -0.000236771 -0.000183252 -0.000614298 -0.000222933 -0.000236066 -0.000255461 -0.000446098 -0.000221071    0.0224228 -0.000699168 -0.000743226 -0.000215982 -0.000227862  0.000414468 -0.000201529 -0.000133279 -0.000137094 -0.000123602 -0.000229172 -0.000233458 -0.000620176 -0.000717158
  0.00138454   0.00108929  0.000256925  -0.00195896  -0.00112051   0.00100375  -0.00104747  -0.00130568 -0.000155349  -0.00406703  -0.00362794  -0.00145164   0.00304064  -0.00352391    0.0056208  0.000163279  -0.00197038  -0.00128556     0.004147  -0.00068393   0.00615613   0.00390635    0.0044949   0.00300728   0.00944028   0.00498646   0.00111382  -0.00344011  0.000165087 -0.000798967 -0.000693486  -0.00203407 -0.000762322 -0.000695582   -0.0018937 -0.000663551 -0.000690122 -0.000861807  -0.00180311 -0.000660256 -0.000684815  -0.00100454  -0.00132115 -0.000730201 -0.000699168    0.0201164  -0.00268937 -0.000629188 -0.000655986  0.000792824 -0.000570646 -0.000382377 -0.000394385  -0.00033406  -0.00073949 -0.000696456  -0.00222075  -0.00248405
 0.000271445 -0.000185056  0.000183981  -0.00267878  -0.00214822  0.000569828 -0.000914082  -0.00221081  -0.00148868  -0.00330276  -0.00390633  -0.00171475    0.0036394  -0.00509031   0.00644269 -0.000514337  -0.00245507  -0.00282549   0.00387991   -0.0013036   0.00694624    0.0039718   0.00395782   0.00232149   0.00924351    0.0050144 -4.06303e-05   -0.0037237  0.000241358 -0.000840785 -0.000728423  -0.00202686 -0.000791073 -0.000728461  -0.00189955 -0.000688872 -0.000725805 -0.000807065  -0.00194193 -0.000686049 -0.000722647  -0.00104432  -0.00140187 -0.000807902 -0.000743226  -0.00268937    0.0195025 -0.000664123 -0.000696305  0.000815803  -0.00064093  -0.00040937 -0.000417285 -0.000392558 -0.000802304 -0.000735487  -0.00229607  -0.00282666
-0.000496978 -0.000378471 -0.000111154 -0.000783813 -0.000736142 -0.000194988 -0.000809421 -0.000605694   -0.0011196  -0.00135279 -0.000288113 -0.000391458 -6.58758e-05  0.000926064  -0.00105776 -0.000455416 -0.000340672 -0.000773063  0.000807482 -0.000348041   0.00120205   0.00155389   0.00122884   0.00068758   0.00294405 -0.000657325 -0.000430805 -0.000510629 -0.000454054  -0.00023951 -0.000219599 -0.000570199 -0.000240807 -0.000223337 -0.000600561 -0.000216711 -0.000224589 -0.000198476 -0.000623551  -0.00021855 -0.000224755 -0.000274154 -0.000458884 -0.000200738 -0.000215982 -0.000629188 -0.000664123    0.0224446 -0.000216389  0.000390921  -0.00020636 -0.000128547  -0.00012957 -0.000103167 -0.000210145 -0.000218072 -0.000567163 -0.000654675
-0.000625021 -0.000472339 -5.73049e-05  -0.00108546 -0.000897955 -3.56993e-05 -0.000719989 -0.000801633 -0.000841564  -0.00139224  -0.00143993 -0.000556574  0.000652702  0.000683292  -0.00109027 -0.000489547 -0.000394607 -0.000871338  0.000812733 -0.000483251   0.00184094   0.00130383   0.00121424  0.000661993   0.00292847 -0.000761713 -0.000494221  -0.00065848 -0.000450301 -0.000250388 -0.000231377 -0.000573659 -0.000248782 -0.000234812 -0.000597157 -0.000221617 -0.000235369 -0.000168219 -0.000621546 -0.000223025 -0.000235153 -0.000245053 -0.000451777 -0.000211815 -0.000227862 -0.000655986 -0.000696305 -0.000216389    0.0224276  0.000439619 -0.000205778 -0.000133602 -0.000136493 -0.000119155 -0.000221295 -0.000229992 -0.000587029 -0.000683297
-0.000254056  0.000487274 -0.000121744  0.000618117   0.00159962 -0.000416735   0.00112772   0.00155932  0.000309998  0.000938172  -0.00332596   0.00112457  0.000927832  -0.00136981  0.000553575  0.000277994  0.000440194  -0.00138317  -0.00192388   0.00119247  -0.00104801 -0.000996137  -0.00135824 -0.000128496   -0.0032935   0.00282925   0.00040867   0.00073577  0.000359491  0.000414509  0.000415602  0.000651019   0.00041776  0.000423689  0.000591322  0.000405239  0.000438469   -0.0064806  0.000663794  0.000418187  0.000448643   -0.0064457  0.000559033  0.000394376  0.000414468  0.000792824  0.000815803  0.000390921  0.000439619   0.00845722  0.000155385  0.000234948  0.000287078  8.38169e-05  0.000397206  0.000418129  0.000684555  0.000740311
-0.000791601 -0.000729868 -0.000211024 -0.000592229 -0.000841887 -0.000542879  -0.00100711 -0.000580992  -0.00191074  -0.00100348   0.00127096 -0.000206291  -0.00107543   0.00123328  -0.00101898 -0.000624729 -0.000293227  -0.00095356  0.000569562 -0.000325882  0.000381648    0.0019942   0.00106186  0.000501659   0.00287868 -0.000656484 -0.000729543 -0.000266002  1.66953e-05 -0.000223541 -0.000204905 -0.000543781 -0.000229708 -0.000209378 -0.000602094 -0.000211108 -0.000212439 -0.000306167 -0.000666663 -0.000214573 -0.000213806 -0.000412975 -0.000494553 -0.000184401 -0.000201529 -0.000570646  -0.00064093  -0.00020636 -0.000205778  0.000155385    0.0224256 -0.000125851  -0.00012164 -9.51108e-05 -0.000193792  -0.00020338 -0.000517055 -0.000638453
-0.000392263 -0.000316258  -6.1554e-05 -0.000572393 -0.000526911 -0.000105666 -0.000462019 -0.000445733 -0.000668044 -0.000793881 -0.000473474  -0.00028181  0.000145338  0.000488947 -0.000641375 -0.000311275 -0.000219729 -0.000524715   0.00045814 -0.000267058  0.000893133  0.000873014   0.00070877  0.000376122   0.00174953  -0.00044136 -0.000326817 -0.000332256 -0.000197028 -0.000146835 -0.000135416 -0.000341684 -0.000146912 -0.000137659 -0.000360106 -0.000131542  -0.00013834 -0.000115177 -0.000377431 -0.000132583  -0.00013841 -0.000163682  -0.00027482 -0.000123348 -0.000133279 -0.000382377  -0.00040937 -0.000128547 -0.000133602  0.000234948 -0.000125851    0.0225755 -8.00093e-05  -6.7829e-05 -0.000129119  -0.00013454 -0.000343503 -0.000403651
-0.000358986 -0.000264368 -2.47606e-05 -0.000667655 -0.000536994  8.01224e-06 -0.000417269 -0.000488177 -0.000444327 -0.000837101 -0.000942493 -0.000348175  0.000464907  0.000314269 -0.000657217  -0.00028495 -0.000240967 -0.000513639  0.000515507 -0.000292592   0.00116192  0.000747097  0.000728946  0.000400367   0.00174435 -0.000458363 -0.000281602 -0.000412477 -0.000298606 -0.000150346 -0.000139167 -0.000342714 -0.000149099 -0.000141158 -0.000354332 -0.000132762 -0.000141423 -8.76293e-05 -0.000368333 -0.000133595 -0.000141266  -0.00013248 -0.000267986 -0.000127593 -0.000137094 -0.000394385 -0.000417285  -0.00012957 -0.000136493  0.000287078  -0.00012164 -8.00093e-05    0.0225726 -7.19116e-05 -0.000133187 -0.000138375   -0.0003526 -0.000408787
