    58    58     1
    0.995202   0.00492604  0.000640552   -0.0155443 -0.000923669  -0.00045806    0.0255836  -0.00371679    0.0193418   0.00814188  -0.00133358  -0.00334873   0.00860355 -0.000333412  -0.00959158   -0.0150537   0.00598055  0.000978008     0.002636   -0.0234738  -0.00244949   -0.0129144   0.00429906   0.00396842  -0.00865442     0.013906   -0.0111209  4.51905e-05  -0.00508023  -0.00308859 -0.000935976 -0.000801569  -0.00028166 -0.000656185  -0.00083297 -0.000668523 -0.000400674 -8.73268e-05 -0.000584211    2.284e-05 -0.000738233 -0.000329351 -0.000803172 -0.000251633 -0.000473383 -0.000487698 -0.000736082  -8.6913e-05 -0.000687067 -0.000786166 -0.000712194 -0.000390318 -5.27432e-05 -0.000187289 -0.000546348  6.41963e-05 -0.000612787 -2.03734e-05
  0.00492604     0.957219  -0.00278105    -0.018765  0.000977263   -0.0152774    -0.119581  -0.00784148   -0.0969043  -0.00830116  -0.00950337   -0.0094854   -0.0560279   -0.0106798   -0.0133175   -0.0161273   -0.0356444   -0.0146007   -0.0328512   -0.0195798  -0.00650207   -0.0130633   -0.0081431   -0.0265264   0.00758739   -0.0102501   -0.0154797  -0.00255156   -0.0196681  -0.00821453   0.00155114 -0.000649097 -0.000472663  -0.00108145 -6.68195e-05 -0.000817025 -0.000708475   -0.0001601   -0.0010672  0.000157273    0.0014003  -0.00054395 -0.000324718  0.000819696 -0.000745885   0.00107403 -0.000790606 -0.000155703  -0.00102114  0.000557901 -0.000928294 -0.000681616 -0.000191136 -0.000219224 -0.000993216   0.00032212  -0.00108136  0.000553949
 0.000640552  -0.00278105     0.993383   0.00287285   0.00171901   -0.0384086     0.001758 -0.000252723  0.000327797  0.000428252  -0.00257246   -0.0134544   0.00800134   -0.0184822      -0.0112   0.00588002  -0.00282345  -0.00408252   0.00569469 -7.29172e-05  -0.00066618   0.00675002 -0.000659277  -0.00305551   0.00308465   0.00469969   0.00188318  0.000834976 -0.000531168  -0.00144367   0.00177917   0.00171974  0.000796623   0.00131908   0.00145445    0.0017141   0.00145443   0.00133615   0.00127969   0.00123209    0.0016198  0.000652844   0.00148999   0.00158223   0.00150021   0.00158065   0.00126576  0.000784719   0.00129147   0.00160172   0.00126497    0.0012748   0.00173803   0.00160069   0.00115519   0.00171653   0.00131195   0.00163806
  -0.0155443    -0.018765   0.00287285     0.878611  -0.00353919   -0.0181824  -0.00289398   -0.0283345    -0.009361    0.0357325   -0.0121698   -0.0350748   -0.0276934  -0.00885698   -0.0804353    -0.136651  -0.00100501   -0.0074276   -0.0262421    -0.184727   -0.0205065    -0.101175    0.0136822  -0.00393931   -0.0376567    0.0638139   -0.0974482  -0.00296102   -0.0478465   -0.0225977  -0.00306576  -0.00375266  -0.00133876  -0.00330593  -0.00348905   -0.0031688  -0.00151078  0.000225534  -0.00299778  0.000992632  -0.00220055   -0.0016366  -0.00353266  3.68562e-05     -0.00199  -0.00112047  -0.00334136 -0.000240026  -0.00337049  -0.00316089  -0.00336171  -0.00173353   0.00137857   0.00010491  -0.00282963   0.00201685  -0.00311624   0.00146099
-0.000923669  0.000977263   0.00171901  -0.00353919    0.0215234    0.0110165   0.00755406  -0.00118367   0.00431987    0.0011211 -0.000159719   0.00345054   0.00016682   0.00475131    0.0019204  -0.00447665   0.00190092  0.000592424 -2.40013e-05  -0.00297179 -0.000912829  -0.00347135  0.000671634   0.00104271  -0.00219001  0.000574317  -0.00296456 -0.000227668  -0.00120142 -0.000704864 -0.000881085  -0.00077518  -0.00033433 -0.000606513 -0.000890871  -0.00071697 -0.000572902 -0.000439027 -0.000582676 -0.000367803 -0.000701195 -0.000305947 -0.000794374 -0.000511187 -0.000601602   -0.0005672 -0.000644258 -0.000270112 -0.000607517  -0.00087042 -0.000617549 -0.000516961 -0.000544791 -0.000537772   -0.0005346 -0.000496584 -0.000596364 -0.000483344
 -0.00045806   -0.0152774   -0.0384086   -0.0181824    0.0110165     0.741573   0.00449172  -0.00257455  0.000420283    0.0168176   -0.0116456     -0.10171    0.0353058    -0.117372    -0.101969  -0.00612252   -0.0114577   -0.0195656    0.0233656    -0.069253  -0.00299726   0.00608199   0.00194702   -0.0125803   0.00664825      0.05798   -0.0168664   0.00437227   -0.0120832  -0.00819163    0.0111479    0.0114837   0.00557167   0.00916425   0.00976077    0.0115703    0.0100699   0.00911659   0.00897024   0.00848176    0.0102446   0.00465852   0.00998047    0.0106596    0.0102992    0.0103155   0.00874946   0.00536795   0.00895105    0.0102546   0.00876764   0.00886573    0.0116885    0.0107419   0.00814816    0.0117663   0.00915663    0.0112091
   0.0255836    -0.119581     0.001758  -0.00289398   0.00755406   0.00449172     0.537077  0.000721569    -0.348417   -0.0501088   -0.0080655  -0.00124328    -0.218147   0.00167669   0.00273335   0.00890974     -0.11495   -0.0224328     -0.12701   0.00429196    0.0023793   -0.0154487   -0.0313255   -0.0733207    0.0422328   -0.0755567   0.00684593  -0.00944079   -0.0289039  -0.00211966   0.00707561  0.000920952 -0.000377265 -0.000504121    0.0038377 -0.000145566 -0.000714938 -0.000653953 -0.000630852 -0.000494892   0.00541302 -0.000284962   0.00241137   0.00163227 -0.000602766   0.00319098  0.000736998 -0.000384269 -0.000234636   0.00482036  0.000172813  -0.00061558 -0.000964618  -0.00051514 -0.000550818 -0.000551283 -0.000620569   0.00022355
 -0.00371679  -0.00784148 -0.000252723   -0.0283345  -0.00118367  -0.00257455  0.000721569     0.990829  -0.00316142   0.00765535  -0.00588167  -0.00662034  -0.00372335  -0.00342029   -0.0166096    -0.030887  -0.00287718  -0.00522236  -0.00441873   -0.0379606  -0.00732709   -0.0210653   0.00244472   -0.0040503  -0.00832761     0.012963   -0.0234717 -0.000617331   -0.0135804  -0.00792775 -0.000943672  -0.00148415 -0.000642679  -0.00140884  -0.00133802  -0.00134607 -0.000869218 -0.000230482  -0.00132396   4.6735e-05 -0.000692171 -0.000722169  -0.00136879 -0.000185361 -0.000997896 -0.000444187  -0.00138735 -0.000247523  -0.00141554  -0.00108466  -0.00140535 -0.000891464 -2.30926e-06 -0.000310875   -0.0012456  0.000243141  -0.00135915  0.000138489
   0.0193418   -0.0969043  0.000327797    -0.009361   0.00431987  0.000420283    -0.348417  -0.00316142     0.731968   -0.0370137  -0.00945531  -0.00329202     -0.16685  -0.00199159  -0.00195738  -0.00164819   -0.0895354   -0.0210797   -0.0959604  -0.00347036  -0.00170141   -0.0149546   -0.0245126   -0.0593693    0.0313604   -0.0556298  -0.00262571  -0.00737225   -0.0272065  -0.00497773   0.00477924  6.87598e-05 -0.000539272 -0.000943114   0.00183603 -0.000638478 -0.000932269 -0.000640159  -0.00102527 -0.000377948   0.00382959 -0.000496832   0.00100875   0.00128848 -0.000875965   0.00239529 -8.64676e-05 -0.000404998 -0.000745432   0.00278576 -0.000464677 -0.000839762 -0.000885587 -0.000594152 -0.000929751  -0.00038245  -0.00102238  0.000242232
  0.00814188  -0.00830116  0.000428252    0.0357325    0.0011211    0.0168176   -0.0501088   0.00765535   -0.0370137     0.981289   0.00245292     0.014804   -0.0170132   0.00660328    0.0282125    0.0384022   -0.0126767 -0.000552227   -0.0062355    0.0584599   0.00554592    0.0289518  -0.00851342  -0.00753743    0.0168979   -0.0340016    0.0292507 -0.000386909    0.0111256   0.00603221   0.00113065   0.00065826  0.000101847  0.000475753  0.000844818  0.000412127  5.34639e-05  -0.00038864  0.000388067 -0.000580106  0.000781999  0.000226104  0.000760137 -0.000253856   0.00015635  0.000244814  0.000616924 -0.000191268  0.000530017  0.000872926  0.000573185  8.99223e-05 -0.000461526  -0.00024486  0.000376231 -0.000801512  0.000414928 -0.000662812
 -0.00133358  -0.00950337  -0.00257246   -0.0121698 -0.000159719   -0.0116456   -0.0080655  -0.00588167  -0.00945531   0.00245292     0.994269  -0.00606474  -0.00210286  -0.00805237  -0.00939881   -0.0107446  -0.00651026  -0.00645331  -0.00209447   -0.0135372  -0.00505722  -0.00625316 -0.000131861  -0.00647005  -0.00201225   0.00524754   -0.0103671 -0.000189797  -0.00892263    -0.005869  6.28117e-05 -0.000619153 -0.000308776 -0.000744763 -0.000506274 -0.000581126 -0.000398923  2.88979e-05 -0.000705498  0.000210643  0.000140294 -0.000388893 -0.000553874  0.000273678 -0.000449902  0.000199974 -0.000711362  -3.8739e-05 -0.000746859 -0.000196791 -0.000738743 -0.000414144  0.000125572 -6.92675e-06 -0.000669857  0.000364779 -0.000720396  0.000361561
 -0.00334873   -0.0094854   -0.0134544   -0.0350748   0.00345054     -0.10171  -0.00124328  -0.00662034  -0.00329202     0.014804  -0.00606474     0.952784   0.00458559   -0.0455792   -0.0579517   -0.0345807  -0.00386412  -0.00795175   0.00162058   -0.0712679    -0.005076   -0.0224119   0.00397804  -0.00481342  -0.00611268    0.0373493   -0.0290874  0.000892536   -0.0148066  -0.00731838   0.00359687   0.00371801   0.00192698   0.00295201   0.00307503    0.0038782   0.00363582   0.00359563   0.00293365   0.00349904   0.00344435   0.00150809   0.00316726   0.00412197     0.003626   0.00372771    0.0027859   0.00205323   0.00285857   0.00327093    0.0027919   0.00313374   0.00480156   0.00417875   0.00264459   0.00496805   0.00298432   0.00464042
  0.00860355   -0.0560279   0.00800134   -0.0276934   0.00016682    0.0353058    -0.218147  -0.00372335     -0.16685   -0.0170132  -0.00210286   0.00458559     0.878513    0.0181682  -0.00456792   -0.0267484   -0.0499797  -0.00535443   -0.0721763   -0.0377379  -0.00110682   -0.0360532   -0.0111464   -0.0307412     0.009411   -0.0267031   -0.0162124  -0.00622785    -0.021115  -0.00280754   0.00067583  -0.00164205  -0.00101493  -0.00175563  -0.00069452  -0.00193117  -0.00172687  -0.00132891   -0.0017417  -0.00107933   0.00046035 -0.000916518  -0.00104983 -0.000558079  -0.00178121 -9.13813e-05  -0.00128443 -0.000820174  -0.00163606 -0.000274751  -0.00146926   -0.0015637  -0.00166907  -0.00151862  -0.00159155   -0.0013696  -0.00177616  -0.00102574
-0.000333412   -0.0106798   -0.0184822  -0.00885698   0.00475131    -0.117372   0.00167669  -0.00342029  -0.00199159   0.00660328  -0.00805237   -0.0455792    0.0181682     0.944229   -0.0455567  -0.00277277  -0.00807368   -0.0121476    0.0118651   -0.0278476   -0.0034848   0.00493773  9.22545e-06  -0.00882296   0.00369216    0.0238462  -0.00853074   0.00202906  -0.00798596  -0.00612184   0.00494079   0.00471961   0.00228765   0.00363062   0.00401314   0.00477284    0.0042204    0.0040037   0.00356534   0.00379836   0.00456781   0.00184281   0.00409126   0.00474804   0.00428994   0.00459091   0.00346053   0.00231695   0.00353629   0.00440048   0.00345746   0.00367821   0.00528485   0.00473792   0.00322402    0.0053493   0.00363939   0.00507195
 -0.00959158   -0.0133175      -0.0112   -0.0804353    0.0019204    -0.101969   0.00273335   -0.0166096  -0.00195738    0.0282125  -0.00939881   -0.0579517  -0.00456792   -0.0455567     0.913715   -0.0866837  -0.00183094  -0.00879723  -0.00776851    -0.140784   -0.0120349   -0.0612481   0.00970608  -0.00406899   -0.0210587    0.0603071   -0.0648707 -0.000256044   -0.0313308   -0.0149513   0.00214898   0.00216552   0.00137511   0.00164497   0.00164365   0.00256335   0.00301054    0.0035929   0.00175331   0.00375647    0.0023291   0.00086138   0.00171575   0.00387937   0.00280182   0.00302545   0.00145577     0.001894   0.00152481   0.00189208   0.00146009   0.00241364   0.00533063   0.00415907    0.0015331   0.00561562   0.00175401   0.00501844
  -0.0150537   -0.0161273   0.00588002    -0.136651  -0.00447665  -0.00612252   0.00890974    -0.030887  -0.00164819    0.0384022   -0.0107446   -0.0345807   -0.0267484  -0.00277277   -0.0866837     0.834384   0.00511024  -0.00660681   -0.0252777      -0.2078   -0.0227152    -0.113543    0.0145356 -0.000752466   -0.0408879    0.0650593    -0.114226  -0.00309956   -0.0500533   -0.0230403  -0.00400664  -0.00431704  -0.00149877   -0.0035949  -0.00400551  -0.00363261   -0.0015894   9.2574e-05  -0.00326915  0.000910205  -0.00300235   -0.0017319  -0.00403156 -0.000425394  -0.00217611  -0.00177296  -0.00360206 -0.000447703  -0.00364465  -0.00398197  -0.00361442  -0.00193736   0.00183751  0.000145496  -0.00307589   0.00221106  -0.00339479   0.00140938
  0.00598055   -0.0356444  -0.00282345  -0.00100501   0.00190092   -0.0114577     -0.11495  -0.00287718   -0.0895354   -0.0126767  -0.00651026  -0.00386412   -0.0499797  -0.00807368  -0.00183094   0.00511024     0.966725   -0.0109771   -0.0289058   0.00512771  -0.00238612  0.000215997  -0.00874285    -0.023224    0.0115373   -0.0182315   0.00101337  -0.00209168   -0.0111063   -0.0041988   0.00205605  5.04011e-05 -0.000211269 -0.000459582  0.000726797 -0.000200759 -0.000315332  -4.7828e-05 -0.000476123  8.85818e-05   0.00168518 -0.000251849  0.000391287  0.000756631  -0.00029493   0.00114939 -0.000161454 -5.04618e-05  -0.00039972   0.00125416  -0.00030751  -0.00029942  -9.2363e-05 -1.88328e-05 -0.000445178  0.000172421 -0.000477436  0.000392981
 0.000978008   -0.0146007  -0.00408252   -0.0074276  0.000592424   -0.0195656   -0.0224328  -0.00522236   -0.0210797 -0.000552227  -0.00645331  -0.00795175  -0.00535443   -0.0121476  -0.00879723  -0.00660681   -0.0109771     0.990875  -0.00296533  -0.00579955  -0.00494488 -0.000626472  -0.00242964   -0.0101813   0.00215223  0.000921552  -0.00828882 -7.25992e-05  -0.00864545  -0.00555194  0.000817105 -0.000117206 -0.000113678 -0.000382106  7.57421e-05 -0.000151827 -0.000100364  0.000212447 -0.000375557  0.000382933  0.000774779 -0.000189553  -2.6425e-05  0.000672344 -0.000118884  0.000703895 -0.000292082  8.20286e-05 -0.000369117  0.000398255 -0.000343984 -0.000132779  0.000304817  0.000224626 -0.000360442  0.000585793 -0.000376179   0.00064019
    0.002636   -0.0328512   0.00569469   -0.0262421 -2.40013e-05    0.0233656     -0.12701  -0.00441873   -0.0959604   -0.0062355  -0.00209447   0.00162058   -0.0721763    0.0118651  -0.00776851   -0.0252777   -0.0289058  -0.00296533     0.955079   -0.0365444  -0.00197288   -0.0300745  -0.00459833   -0.0174298  0.000991013  -0.00930727   -0.0163523   -0.0038936   -0.0163445  -0.00349942  2.38616e-05  -0.00155187 -0.000847884  -0.00156596 -0.000721459  -0.00169738  -0.00140487 -0.000968213  -0.00151039 -0.000738926 -9.51229e-05  -0.00080202  -0.00105312 -0.000577856  -0.00148467 -0.000393912  -0.00125896 -0.000615432  -0.00150055 -0.000454369  -0.00139113  -0.00128464  -0.00118781  -0.00116095  -0.00138391 -0.000925979  -0.00155276 -0.000751745
  -0.0234738   -0.0195798 -7.29172e-05    -0.184727  -0.00297179    -0.069253   0.00429196   -0.0379606  -0.00347036    0.0584599   -0.0135372   -0.0712679   -0.0377379   -0.0278476    -0.140784      -0.2078   0.00512771  -0.00579955   -0.0365444     0.700134   -0.0264375    -0.156603    0.0233001  0.000677395   -0.0572499      0.10973    -0.146631  -0.00378382   -0.0671942   -0.0299104  -0.00253462  -0.00248223  -0.00042696  -0.00211834  -0.00265657  -0.00156639  0.000488843   0.00249104  -0.00173109   0.00328693  -0.00145785  -0.00103117  -0.00259421   0.00209254 -0.000156166  0.000231541  -0.00231528  0.000950681   -0.0022678  -0.00244885  -0.00230553 -0.000135199   0.00483948   0.00273567  -0.00171645   0.00548551  -0.00185284   0.00443485
 -0.00244949  -0.00650207  -0.00066618   -0.0205065 -0.000912829  -0.00299726    0.0023793  -0.00732709  -0.00170141   0.00554592  -0.00505722    -0.005076  -0.00110682   -0.0034848   -0.0120349   -0.0227152  -0.00238612  -0.00494488  -0.00197288   -0.0264375     0.993894   -0.0143011   0.00150208  -0.00370319  -0.00570413    0.0093015   -0.0177822 -0.000344986   -0.0103353  -0.00639921 -0.000682928  -0.00113146 -0.000501877  -0.00109254  -0.00103601  -0.00103149 -0.000684637 -0.000185872  -0.00103648  3.72595e-05 -0.000485151 -0.000563634  -0.00105064 -0.000109813 -0.000776135 -0.000296859   -0.0010697 -0.000193253  -0.00109378 -0.000822004  -0.00108431 -0.000699326 -3.03894e-05 -0.000249999 -0.000976812  0.000181487   -0.0010594  0.000115684
  -0.0129144   -0.0130633   0.00675002    -0.101175  -0.00347135   0.00608199   -0.0154487   -0.0210653   -0.0149546    0.0289518  -0.00625316   -0.0224119   -0.0360532   0.00493773   -0.0612481    -0.113543  0.000215997 -0.000626472   -0.0300745    -0.156603   -0.0143011     0.909595    0.0120528 -0.000280161   -0.0327273    0.0508143   -0.0787605  -0.00331323   -0.0374877   -0.0158302  -0.00320936  -0.00350455   -0.0012987  -0.00294409  -0.00322357  -0.00304231   -0.0016739 -0.000319784  -0.00269003  0.000269195  -0.00247305  -0.00147709  -0.00326162 -0.000661592  -0.00206067  -0.00158813  -0.00295344 -0.000453397  -0.00298545  -0.00310026  -0.00296653  -0.00176657  0.000352165  -0.00054342  -0.00252396  0.000827023  -0.00279475  0.000425379
  0.00429906   -0.0081431 -0.000659277    0.0136822  0.000671634   0.00194702   -0.0313255   0.00244472   -0.0245126  -0.00851342 -0.000131861   0.00397804   -0.0111464  9.22545e-06   0.00970608    0.0145356  -0.00874285  -0.00242964  -0.00459833    0.0233001   0.00150208    0.0120528     0.995364  -0.00612054   0.00837505   -0.0146757    0.0102182 -0.000258646   0.00274674   0.00171046  0.000776183  0.000374282  7.52443e-05  0.000230774  0.000472244  0.000248088     6.58e-05 -0.000100045  0.000184127   -0.0001455  0.000614028  0.000118156  0.000425109   0.00012235   0.00011701  0.000362915  0.000317784 -3.93516e-05  0.000260974  0.000535879  0.000287545  8.24807e-05 -0.000163923 -4.71314e-05  0.000178277 -0.000212885  0.000199688 -0.000109333
  0.00396842   -0.0265264  -0.00305551  -0.00393931   0.00104271   -0.0125803   -0.0733207   -0.0040503   -0.0593693  -0.00753743  -0.00647005  -0.00481342   -0.0307412  -0.00882296  -0.00406899 -0.000752466    -0.023224   -0.0101813   -0.0174298  0.000677395  -0.00370319 -0.000280161  -0.00612054     0.982503    0.0074739   -0.0104743   -0.0035295  -0.00125392   -0.0100386  -0.00481372    0.0013367  -0.00014823 -0.000222237 -0.000513874  0.000249599 -0.000292507 -0.000316641 -1.97077e-05  -0.00052191  0.000142769   0.00115814 -0.000269749  5.85189e-05  0.000629938 -0.000315237  0.000860017 -0.000317199 -4.42431e-05 -0.000472878  0.000687676 -0.000412771 -0.000312314 -2.32511e-05 -1.14798e-05 -0.000490614  0.000253447 -0.000522845  0.000407992
 -0.00865442   0.00758739   0.00308465   -0.0376567  -0.00219001   0.00664825    0.0422328  -0.00832761    0.0313604    0.0168979  -0.00201225  -0.00611268     0.009411   0.00369216   -0.0210587   -0.0408879    0.0115373   0.00215223  0.000991013   -0.0572499  -0.00570413   -0.0327273   0.00837505    0.0074739     0.981907    0.0282355   -0.0292137 -0.000333333   -0.0119141  -0.00621131  -0.00218325  -0.00186861 -0.000681746   -0.0014841  -0.00187339  -0.00160641  -0.00101119 -0.000393226  -0.00135385 -0.000133693  -0.00174433   -0.0007423  -0.00181974 -0.000720535  -0.00116754  -0.00121288  -0.00159209 -0.000307642  -0.00152567  -0.00187886  -0.00155372 -0.000974569 -0.000370213 -0.000629785  -0.00126119 -0.000103754  -0.00140778  -0.00025722
    0.013906   -0.0102501   0.00469969    0.0638139  0.000574317      0.05798   -0.0755567     0.012963   -0.0556298   -0.0340016   0.00524754    0.0373493   -0.0267031    0.0238462    0.0603071    0.0650593   -0.0182315  0.000921552  -0.00930727      0.10973    0.0093015    0.0508143   -0.0146757   -0.0104743    0.0282355     0.934145    0.0516805 -0.000860292    0.0211788    0.0109499  0.000562516 -0.000216048 -0.000462185 -0.000247064  0.000281232 -0.000618135 -0.000981539  -0.00163075  -0.00036812  -0.00189419  8.16034e-05 -0.000147282  0.000120332  -0.00168415 -0.000855876 -0.000828978  2.82142e-05  -0.00093718 -0.000133694  0.000252078 -4.28657e-05 -0.000834681   -0.0018172  -0.00148169 -0.000297955  -0.00252641 -0.000344524  -0.00231684
  -0.0111209   -0.0154797   0.00188318   -0.0974482  -0.00296456   -0.0168664   0.00684593   -0.0234717  -0.00262571    0.0292507   -0.0103671   -0.0290874   -0.0162124  -0.00853074   -0.0648707    -0.114226   0.00101337  -0.00828882   -0.0163523    -0.146631   -0.0177822   -0.0787605    0.0102182   -0.0035295   -0.0292137    0.0516805     0.917581  -0.00191861   -0.0384714     -0.01839  -0.00247673  -0.00298316  -0.00105018  -0.00259691   -0.0027951  -0.00252434  -0.00121389  0.000109448  -0.00237738  0.000776823  -0.00174183  -0.00125524  -0.00280714  9.12476e-05  -0.00158616 -0.000839679  -0.00260124 -0.000229517  -0.00263304  -0.00261756  -0.00261612    -0.001383  0.000956706 -1.31681e-05   -0.0022362   0.00157382  -0.00246087   0.00117596
 4.51905e-05  -0.00255156  0.000834976  -0.00296102 -0.000227668   0.00437227  -0.00944079 -0.000617331  -0.00737225 -0.000386909 -0.000189797  0.000892536  -0.00622785   0.00202906 -0.000256044  -0.00309956  -0.00209168 -7.25992e-05   -0.0038936  -0.00378382 -0.000344986  -0.00331323 -0.000258646  -0.00125392 -0.000333333 -0.000860292  -0.00191861     0.999612  -0.00158982 -0.000440778 -0.000176187 -0.000285421 -0.000138651 -0.000253339 -0.000239207 -0.000284654 -0.000226184  -0.00016123 -0.000243482 -0.000130781 -0.000151619 -0.000130505 -0.000247871 -0.000154449 -0.000240439  -0.00015138 -0.000234952 -0.000104088 -0.000248184 -0.000211574 -0.000240889 -0.000209357 -0.000180692  -0.00018899 -0.000224143 -0.000162454 -0.000249843 -0.000153042
 -0.00508023   -0.0196681 -0.000531168   -0.0478465  -0.00120142   -0.0120832   -0.0289039   -0.0135804   -0.0272065    0.0111256  -0.00892263   -0.0148066    -0.021115  -0.00798596   -0.0313308   -0.0500533   -0.0111063  -0.00864545   -0.0163445   -0.0671942   -0.0103353   -0.0374877   0.00274674   -0.0100386   -0.0119141    0.0211788   -0.0384714  -0.00158982      0.97596   -0.0119236 -0.000803063  -0.00189397 -0.000799982  -0.00187456  -0.00159606  -0.00172998  -0.00108564 -0.000155593  -0.00174355  0.000279044   -0.0004951 -0.000936137  -0.00169382  0.000155029  -0.00126733 -0.000183538  -0.00181137 -0.000232225  -0.00188377   -0.0011784  -0.00185911  -0.00110417  7.67395e-05  -0.00031273  -0.00163363  0.000596033  -0.00179861  0.000525028
 -0.00308859  -0.00821453  -0.00144367   -0.0225977 -0.000704864  -0.00819163  -0.00211966  -0.00792775  -0.00497773   0.00603221    -0.005869  -0.00731838  -0.00280754  -0.00612184   -0.0149513   -0.0230403   -0.0041988  -0.00555194  -0.00349942   -0.0299104  -0.00639921   -0.0158302   0.00171046  -0.00481372  -0.00621131    0.0109499     -0.01839 -0.000440778   -0.0119236     0.992761 -0.000483623   -0.0010633 -0.000469125  -0.00108439 -0.000949334 -0.000957503  -0.00060081 -3.82209e-05  -0.00101482  0.000192354 -0.000305062  -0.00056268 -0.000983962  7.52264e-05 -0.000700002 -0.000123258  -0.00106806 -0.000113311  -0.00109388 -0.000662413  -0.00108829 -0.000631984   0.00017075  -8.6841e-05 -0.000960943  0.000405356  -0.00104202  0.000326636
-0.000935976   0.00155114   0.00177917  -0.00306576 -0.000881085    0.0111479   0.00707561 -0.000943672   0.00477924   0.00113065  6.28117e-05   0.00359687   0.00067583   0.00494079   0.00214898  -0.00400664   0.00205605  0.000817105  2.38616e-05  -0.00253462 -0.000682928  -0.00320936  0.000776183    0.0013367  -0.00218325  0.000562516  -0.00247673 -0.000176187 -0.000803063 -0.000483623     0.021874 -0.000717856 -0.000316392 -0.000566475 -0.000727672 -0.000677929 -0.000543162 -0.000427481 -0.000543549 -0.000366597 -0.000655353 -0.000285475 -0.000688019 -0.000519455 -0.000570643 -0.000566595 -0.000581052 -0.000262453 -0.000564778 -0.000732689 -0.000567056 -0.000489908 -0.000526885 -0.000520072 -0.000497841  -0.00049569 -0.000557106 -0.000489034
-0.000801569 -0.000649097   0.00171974  -0.00375266  -0.00077518    0.0114837  0.000920952  -0.00148415  6.87598e-05   0.00065826 -0.000619153   0.00371801  -0.00164205   0.00471961   0.00216552  -0.00431704  5.04011e-05 -0.000117206  -0.00155187  -0.00248223  -0.00113146  -0.00350455  0.000374282  -0.00014823  -0.00186861 -0.000216048  -0.00298316 -0.000285421  -0.00189397   -0.0010633 -0.000717856    0.0218099 -0.000393216 -0.000718703 -0.000744366 -0.000823536 -0.000670536 -0.000502661 -0.000691053 -0.000414932 -0.000620832 -0.000362272 -0.000755145 -0.000547075 -0.000702622 -0.000574188 -0.000702115  -0.00031107 -0.000711523 -0.000710888 -0.000703753 -0.000605957 -0.000624808 -0.000613358  -0.00063363 -0.000558141 -0.000707935 -0.000534897
 -0.00028166 -0.000472663  0.000796623  -0.00133876  -0.00033433   0.00557167 -0.000377265 -0.000642679 -0.000539272  0.000101847 -0.000308776   0.00192698  -0.00101493   0.00228765   0.00137511  -0.00149877 -0.000211269 -0.000113678 -0.000847884  -0.00042696 -0.000501877   -0.0012987  7.52443e-05 -0.000222237 -0.000681746 -0.000462185  -0.00105018 -0.000138651 -0.000799982 -0.000469125 -0.000316392 -0.000393216    0.0224664 -0.000339259 -0.000334222 -0.000388353 -0.000323183 -0.000246343 -0.000327687 -0.000206112 -0.000278541 -0.000172173 -0.000345145 -0.000261421 -0.000336147   -0.0002666 -0.000326934 -0.000150859 -0.000334713 -0.000315755 -0.000329658 -0.000291019 -0.000312647  -0.00029941 -0.000300485 -0.000280563  -0.00033521 -0.000265158
-0.000656185  -0.00108145   0.00131908  -0.00330593 -0.000606513   0.00916425 -0.000504121  -0.00140884 -0.000943114  0.000475753 -0.000744763   0.00295201  -0.00175563   0.00363062   0.00164497   -0.0035949 -0.000459582 -0.000382106  -0.00156596  -0.00211834  -0.00109254  -0.00294409  0.000230774 -0.000513874   -0.0014841 -0.000247064  -0.00259691 -0.000253339  -0.00187456  -0.00108439 -0.000566475 -0.000718703 -0.000339259    0.0220297  -0.00061399 -0.000704556  -0.00057507 -0.000419953 -0.000601232 -0.000341277 -0.000492876  -0.00031636   -0.0006336 -0.000443864  -0.00060252 -0.000462908 -0.000605055  -0.00026111 -0.000618316 -0.000572061 -0.000609996 -0.000520849 -0.000521721  -0.00051354 -0.000552139 -0.000457637 -0.000615719 -0.000435951
 -0.00083297 -6.68195e-05   0.00145445  -0.00348905 -0.000890871   0.00976077    0.0038377  -0.00133802   0.00183603  0.000844818 -0.000506274   0.00307503  -0.00069452   0.00401314   0.00164365  -0.00400551  0.000726797  7.57421e-05 -0.000721459  -0.00265657  -0.00103601  -0.00322357  0.000472244  0.000249599  -0.00187339  0.000281232   -0.0027951 -0.000239207  -0.00159606 -0.000949334 -0.000727672 -0.000744366 -0.000334222  -0.00061399    0.0218885 -0.000704881 -0.000567713 -0.000419215 -0.000589647  -0.00034401 -0.000594524 -0.000310857 -0.000720072 -0.000465761 -0.000595983 -0.000505855 -0.000627381  -0.00025988 -0.000612132 -0.000729076 -0.000614613 -0.000513839 -0.000519527 -0.000514188 -0.000541733 -0.000462206 -0.000603751 -0.000445725
-0.000668523 -0.000817025    0.0017141   -0.0031688  -0.00071697    0.0115703 -0.000145566  -0.00134607 -0.000638478  0.000412127 -0.000581126    0.0038782  -0.00193117   0.00477284   0.00256335  -0.00363261 -0.000200759 -0.000151827  -0.00169738  -0.00156639  -0.00103149  -0.00304231  0.000248088 -0.000292507  -0.00160641 -0.000618135  -0.00252434 -0.000284654  -0.00172998 -0.000957503 -0.000677929 -0.000823536 -0.000388353 -0.000704556 -0.000704881    0.0218447 -0.000668528  -0.00050932  -0.00067905 -0.000424088 -0.000593872 -0.000355143 -0.000725211 -0.000544991 -0.000697354 -0.000561743 -0.000681759 -0.000312094 -0.000695885 -0.000673022  -0.00068616 -0.000601034 -0.000645136 -0.000622086 -0.000621949 -0.000576529 -0.000695267 -0.000546418
-0.000400674 -0.000708475   0.00145443  -0.00151078 -0.000572902    0.0100699 -0.000714938 -0.000869218 -0.000932269  5.34639e-05 -0.000398923   0.00363582  -0.00172687    0.0042204   0.00301054   -0.0015894 -0.000315332 -0.000100364  -0.00140487  0.000488843 -0.000684637   -0.0016739     6.58e-05 -0.000316641  -0.00101119 -0.000981539  -0.00121389 -0.000226184  -0.00108564  -0.00060081 -0.000543162 -0.000670536 -0.000323183  -0.00057507 -0.000567713 -0.000668528    0.0220808 -0.000453167 -0.000557766 -0.000384685 -0.000480301 -0.000290807 -0.000586258 -0.000465882 -0.000590392 -0.000464656 -0.000552728 -0.000268414 -0.000566143 -0.000541294  -0.00055716 -0.000506733 -0.000613624 -0.000561078 -0.000509646 -0.000542813 -0.000570071 -0.000498936
-8.73268e-05   -0.0001601   0.00133615  0.000225534 -0.000439027   0.00911659 -0.000653953 -0.000230482 -0.000640159  -0.00038864  2.88979e-05   0.00359563  -0.00132891    0.0040037    0.0035929   9.2574e-05  -4.7828e-05  0.000212447 -0.000968213   0.00249104 -0.000185872 -0.000319784 -0.000100045 -1.97077e-05 -0.000393226  -0.00163075  0.000109448  -0.00016123 -0.000155593 -3.82209e-05 -0.000427481 -0.000502661 -0.000246343 -0.000419953 -0.000419215  -0.00050932 -0.000453167    0.0222651 -0.000410407 -0.000345099 -0.000386437 -0.000210586 -0.000433958 -0.000402555 -0.000460171  -0.00038673 -0.000400249 -0.000224859 -0.000411099 -0.000417043 -0.000403194 -0.000393591 -0.000543874 -0.000478968 -0.000372442 -0.000496058 -0.000418926 -0.000451255
-0.000584211   -0.0010672   0.00127969  -0.00299778 -0.000582676   0.00897024 -0.000630852  -0.00132396  -0.00102527  0.000388067 -0.000705498   0.00293365   -0.0017417   0.00356534   0.00175331  -0.00326915 -0.000476123 -0.000375557  -0.00151039  -0.00173109  -0.00103648  -0.00269003  0.000184127  -0.00052191  -0.00135385  -0.00036812  -0.00237738 -0.000243482  -0.00174355  -0.00101482 -0.000543549 -0.000691053 -0.000327687 -0.000601232 -0.000589647  -0.00067905 -0.000557766 -0.000410407    0.0220755 -0.000335018  -0.00047367 -0.000304692 -0.000608583 -0.000431168 -0.000583028 -0.000446813 -0.000580813 -0.000253876 -0.000594173  -0.00054963 -0.000585791 -0.000504048 -0.000514666 -0.000502146 -0.000531867 -0.000451775 -0.000592855 -0.000428233
   2.284e-05  0.000157273   0.00123209  0.000992632 -0.000367803   0.00848176 -0.000494892   4.6735e-05 -0.000377948 -0.000580106  0.000210643   0.00349904  -0.00107933   0.00379836   0.00375647  0.000910205  8.85818e-05  0.000382933 -0.000738926   0.00328693  3.72595e-05  0.000269195   -0.0001455  0.000142769 -0.000133693  -0.00189419  0.000776823 -0.000130781  0.000279044  0.000192354 -0.000366597 -0.000414932 -0.000206112 -0.000341277  -0.00034401 -0.000424088 -0.000384685 -0.000345099 -0.000335018    0.0223408 -0.000336623 -0.000171612 -0.000356283 -0.000364352 -0.000388008 -0.000343774 -0.000324091 -0.000197051 -0.000333089 -0.000349936 -0.000326187 -0.000331894 -0.000483881 -0.000420548 -0.000303217 -0.000453384 -0.000341696 -0.000413259
-0.000738233    0.0014003    0.0016198  -0.00220055 -0.000701195    0.0102446   0.00541302 -0.000692171   0.00382959  0.000781999  0.000140294   0.00344435   0.00046035   0.00456781    0.0023291  -0.00300235   0.00168518  0.000774779 -9.51229e-05  -0.00145785 -0.000485151  -0.00247305  0.000614028   0.00115814  -0.00174433  8.16034e-05  -0.00174183 -0.000151619   -0.0004951 -0.000305062 -0.000655353 -0.000620832 -0.000278541 -0.000492876 -0.000594524 -0.000593872 -0.000480301 -0.000386437  -0.00047367 -0.000336623    0.0220912 -0.000248501 -0.000577464 -0.000471377  -0.00050325 -0.000504436 -0.000496772 -0.000236309 -0.000489754 -0.000605426  -0.00048878 -0.000432426 -0.000476409  -0.00046672 -0.000433309 -0.000456104 -0.000485486 -0.000449493
-0.000329351  -0.00054395  0.000652844   -0.0016366 -0.000305947   0.00465852 -0.000284962 -0.000722169 -0.000496832  0.000226104 -0.000388893   0.00150809 -0.000916518   0.00184281   0.00086138   -0.0017319 -0.000251849 -0.000189553  -0.00080202  -0.00103117 -0.000563634  -0.00147709  0.000118156 -0.000269749   -0.0007423 -0.000147282  -0.00125524 -0.000130505 -0.000936137  -0.00056268 -0.000285475 -0.000362272 -0.000172173  -0.00031636 -0.000310857 -0.000355143 -0.000290807 -0.000210586 -0.000304692 -0.000171612 -0.000248501    0.0224933 -0.000320253 -0.000224106 -0.000304354 -0.000233534 -0.000306108 -0.000130899 -0.000312886 -0.000287523  -0.00030867 -0.000263714 -0.000261305 -0.000257239 -0.000280329  -0.00023023 -0.000311803 -0.000219766
-0.000803172 -0.000324718   0.00148999  -0.00353266 -0.000794374   0.00998047   0.00241137  -0.00136879   0.00100875  0.000760137 -0.000553874   0.00316726  -0.00104983   0.00409126   0.00171575  -0.00403156  0.000391287  -2.6425e-05  -0.00105312  -0.00259421  -0.00105064  -0.00326162  0.000425109  5.85189e-05  -0.00181974  0.000120332  -0.00280714 -0.000247871  -0.00169382 -0.000983962 -0.000688019 -0.000755145 -0.000345145   -0.0006336 -0.000720072 -0.000725211 -0.000586258 -0.000433958 -0.000608583 -0.000356283 -0.000577464 -0.000320253    0.0219524 -0.000477851 -0.000615311 -0.000511372  -0.00063295 -0.000269264  -0.00062961 -0.000685232 -0.000627404 -0.000530693 -0.000537216 -0.000531079 -0.000558747  -0.00047821 -0.000623366 -0.000460448
-0.000251633  0.000819696   0.00158223  3.68562e-05 -0.000511187    0.0106596   0.00163227 -0.000185361   0.00128848 -0.000253856  0.000273678   0.00412197 -0.000558079   0.00474804   0.00387937 -0.000425394  0.000756631  0.000672344 -0.000577856   0.00209254 -0.000109813 -0.000661592   0.00012235  0.000629938 -0.000720535  -0.00168415  9.12476e-05 -0.000154449  0.000155029  7.52264e-05 -0.000519455 -0.000547075 -0.000261421 -0.000443864 -0.000465761 -0.000544991 -0.000465882 -0.000402555 -0.000431168 -0.000364352 -0.000471377 -0.000224106 -0.000477851    0.0221884 -0.000479411 -0.000463135 -0.000428732 -0.000239277 -0.000436177 -0.000479069 -0.000429286 -0.000412497 -0.000517864 -0.000480627 -0.000392411 -0.000505158  -0.00044097 -0.000482258
-0.000473383 -0.000745885   0.00150021     -0.00199 -0.000601602    0.0102992 -0.000602766 -0.000997896 -0.000875965   0.00015635 -0.000449902     0.003626  -0.00178121   0.00428994   0.00280182  -0.00217611  -0.00029493 -0.000118884  -0.00148467 -0.000156166 -0.000776135  -0.00206067   0.00011701 -0.000315237  -0.00116754 -0.000855876  -0.00158616 -0.000240439  -0.00126733 -0.000700002 -0.000570643 -0.000702622 -0.000336147  -0.00060252 -0.000595983 -0.000697354 -0.000590392 -0.000460171 -0.000583028 -0.000388008  -0.00050325 -0.000304354 -0.000615311 -0.000479411    0.0220444 -0.000483504 -0.000580228 -0.000275794 -0.000593841 -0.000568144 -0.000584734 -0.000524593 -0.000609305 -0.000567157 -0.000533194 -0.000540701  -0.00059629 -0.000502015
-0.000487698   0.00107403   0.00158065  -0.00112047   -0.0005672    0.0103155   0.00319098 -0.000444187   0.00239529  0.000244814  0.000199974   0.00372771 -9.13813e-05   0.00459091   0.00302545  -0.00177296   0.00114939  0.000703895 -0.000393912  0.000231541 -0.000296859  -0.00158813  0.000362915  0.000860017  -0.00121288 -0.000828978 -0.000839679  -0.00015138 -0.000183538 -0.000123258 -0.000566595 -0.000574188   -0.0002666 -0.000462908 -0.000505855 -0.000561743 -0.000464656  -0.00038673 -0.000446813 -0.000343774 -0.000504436 -0.000233534 -0.000511372 -0.000463135 -0.000483504    0.0221775 -0.000453851 -0.000234389 -0.000457197 -0.000519306 -0.000452126 -0.000416277  -0.00048098 -0.000462179 -0.000407845 -0.000468471  -0.00045765 -0.000456669
-0.000736082 -0.000790606   0.00126576  -0.00334136 -0.000644258   0.00874946  0.000736998  -0.00138735 -8.64676e-05  0.000616924 -0.000711362    0.0027859  -0.00128443   0.00346053   0.00145577  -0.00360206 -0.000161454 -0.000292082  -0.00125896  -0.00231528   -0.0010697  -0.00295344  0.000317784 -0.000317199  -0.00159209  2.82142e-05  -0.00260124 -0.000234952  -0.00181137  -0.00106806 -0.000581052 -0.000702115 -0.000326934 -0.000605055 -0.000627381 -0.000681759 -0.000552728 -0.000400249 -0.000580813 -0.000324091 -0.000496772 -0.000306108  -0.00063295 -0.000428732 -0.000580228 -0.000453851    0.0220607 -0.000249515 -0.000600199  -0.00058519 -0.000594937 -0.000501155 -0.000495208 -0.000490677 -0.000533596 -0.000433725 -0.000595105 -0.000415421
 -8.6913e-05 -0.000155703  0.000784719 -0.000240026 -0.000270112   0.00536795 -0.000384269 -0.000247523 -0.000404998 -0.000191268  -3.8739e-05   0.00205323 -0.000820174   0.00231695     0.001894 -0.000447703 -5.04618e-05  8.20286e-05 -0.000615432  0.000950681 -0.000193253 -0.000453397 -3.93516e-05 -4.42431e-05 -0.000307642  -0.00093718 -0.000229517 -0.000104088 -0.000232225 -0.000113311 -0.000262453  -0.00031107 -0.000150859  -0.00026111  -0.00025988 -0.000312094 -0.000268414 -0.000224859 -0.000253876 -0.000197051 -0.000236309 -0.000130899 -0.000269264 -0.000239277 -0.000275794 -0.000234389 -0.000249515    0.0225209 -0.000256196 -0.000256948 -0.000251447 -0.000237677 -0.000295587 -0.000271265 -0.000231101 -0.000274373 -0.000259476 -0.000255611
-0.000687067  -0.00102114   0.00129147  -0.00337049 -0.000607517   0.00895105 -0.000234636  -0.00141554 -0.000745432  0.000530017 -0.000746859   0.00285857  -0.00163606   0.00353629   0.00152481  -0.00364465  -0.00039972 -0.000369117  -0.00150055   -0.0022678  -0.00109378  -0.00298545  0.000260974 -0.000472878  -0.00152567 -0.000133694  -0.00263304 -0.000248184  -0.00188377  -0.00109388 -0.000564778 -0.000711523 -0.000334713 -0.000618316 -0.000612132 -0.000695885 -0.000566143 -0.000411099 -0.000594173 -0.000333089 -0.000489754 -0.000312886  -0.00062961 -0.000436177 -0.000593841 -0.000457197 -0.000600199 -0.000256196    0.0220427 -0.000569826 -0.000604462 -0.000513286 -0.000508877 -0.000503045 -0.000545782 -0.000445681 -0.000608653 -0.000425657
-0.000786166  0.000557901   0.00160172  -0.00316089  -0.00087042    0.0102546   0.00482036  -0.00108466   0.00278576  0.000872926 -0.000196791   0.00327093 -0.000274751   0.00440048   0.00189208  -0.00398197   0.00125416  0.000398255 -0.000454369  -0.00244885 -0.000822004  -0.00310026  0.000535879  0.000687676  -0.00187886  0.000252078  -0.00261756 -0.000211574   -0.0011784 -0.000662413 -0.000732689 -0.000710888 -0.000315755 -0.000572061 -0.000729076 -0.000673022 -0.000541294 -0.000417043  -0.00054963 -0.000349936 -0.000605426 -0.000287523 -0.000685232 -0.000479069 -0.000568144 -0.000519306  -0.00058519 -0.000256948 -0.000569826    0.0219392 -0.000571903 -0.000488451 -0.000516563 -0.000508792 -0.000503579  -0.00047176 -0.000562956 -0.000458107
-0.000712194 -0.000928294   0.00126497  -0.00336171 -0.000617549   0.00876764  0.000172813  -0.00140535 -0.000464677  0.000573185 -0.000738743    0.0027919  -0.00146926   0.00345746   0.00146009  -0.00361442  -0.00030751 -0.000343984  -0.00139113  -0.00230553  -0.00108431  -0.00296653  0.000287545 -0.000412771  -0.00155372 -4.28657e-05  -0.00261612 -0.000240889  -0.00185911  -0.00108829 -0.000567056 -0.000703753 -0.000329658 -0.000609996 -0.000614613  -0.00068616  -0.00055716 -0.000403194 -0.000585791 -0.000326187  -0.00048878  -0.00030867 -0.000627404 -0.000429286 -0.000584734 -0.000452126 -0.000594937 -0.000251447 -0.000604462 -0.000571903    0.0220569 -0.000505268  -0.00049876 -0.000493931 -0.000538165   -0.0004363 -0.000600164 -0.000417279
-0.000390318 -0.000681616    0.0012748  -0.00173353 -0.000516961   0.00886573  -0.00061558 -0.000891464 -0.000839762  8.99223e-05 -0.000414144   0.00313374   -0.0015637   0.00367821   0.00241364  -0.00193736  -0.00029942 -0.000132779  -0.00128464 -0.000135199 -0.000699326  -0.00176657  8.24807e-05 -0.000312314 -0.000974569 -0.000834681    -0.001383 -0.000209357  -0.00110417 -0.000631984 -0.000489908 -0.000605957 -0.000291019 -0.000520849 -0.000513839 -0.000601034 -0.000506733 -0.000393591 -0.000504048 -0.000331894 -0.000432426 -0.000263714 -0.000530693 -0.000412497 -0.000524593 -0.000416277 -0.000501155 -0.000237677 -0.000513286 -0.000488451 -0.000505268    0.0222022 -0.000513113 -0.000481551 -0.000461406  -0.00045862 -0.000515419 -0.000428375
-5.27432e-05 -0.000191136   0.00173803   0.00137857 -0.000544791    0.0116885 -0.000964618 -2.30926e-06 -0.000885587 -0.000461526  0.000125572   0.00480156  -0.00166907   0.00528485   0.00533063   0.00183751  -9.2363e-05  0.000304817  -0.00118781   0.00483948 -3.03894e-05  0.000352165 -0.000163923 -2.32511e-05 -0.000370213   -0.0018172  0.000956706 -0.000180692  7.67395e-05   0.00017075 -0.000526885 -0.000624808 -0.000312647 -0.000521721 -0.000519527 -0.000645136 -0.000613624 -0.000543874 -0.000514666 -0.000483881 -0.000476409 -0.000261305 -0.000537216 -0.000517864 -0.000609305  -0.00048098 -0.000495208 -0.000295587 -0.000508877 -0.000516563  -0.00049876 -0.000513113    0.0218059  -0.00069681 -0.000464276 -0.000738112 -0.000524067 -0.000640398
