    35    35     1
    0.978264   0.00692841 -0.000420039   0.00790432  -0.00093944   -0.0169797     0.035192   0.00111734    0.0277567   0.00341638 -0.000275819   -0.0195965 -1.71514e-15  -0.00819033   -0.0262468    0.0232238   0.00640209    0.0034877  -0.00713775  -0.00597773    0.0011001   -0.0330832   -0.0414102   0.00617835   -0.0445908   -0.0382696   0.00156418    -0.010311  0.000515848 -0.000210236   0.00285997    0.0012611 -0.000189777   0.00485389  -0.00395753
  0.00692841     0.989708  -0.00360423    -0.007596  0.000239286  7.82129e-05  -0.00939114    -0.004652    -0.013427  -0.00582287  -0.00479839 -0.000607556 -9.02904e-15  -0.00406136   0.00381747   -0.0173833   -0.0056206  -0.00910541   0.00173691  -0.00277904  -0.00578426   0.00627022   0.00495539  -0.00805557    0.0103862   0.00238057   -0.0112354   0.00219688  -0.00503418  -0.00390971  -0.00253851  -0.00238132  0.000131392  -0.00196752  0.000789344
-0.000420039  -0.00360423     0.998023   0.00077177  0.000179859  -0.00382757   0.00276233  -0.00157986  -0.00123822  -0.00259702  -0.00221411  -0.00366051  9.28768e-16  -0.00312781  -0.00177815 -4.37311e-05  -0.00134822  -0.00365107  -0.00011988  0.000879563  -0.00237613  -0.00132618  -0.00653442  -0.00274957  -0.00277005  -0.00818378  -0.00287571 -0.000798912  -0.00146739  -0.00162171 -0.000348787 -0.000534057  8.08286e-05  0.000267338  0.000640509
  0.00790432    -0.007596   0.00077177     0.883438  -0.00182646   0.00529099   -0.0175063   -0.0226258   -0.0123294    0.0151311  -0.00733477  -0.00595909 -3.28734e-15  -0.00313072    -0.035418    -0.168569  0.000360421  -0.00795813  -0.00203484    -0.155962    -0.015754   -0.0561495     0.060126  -0.00312588     0.012626    0.0907732    -0.088815     0.007316   -0.0354769   -0.0156751  -0.00360181  -0.00360587 -0.000647541   0.00207139   0.00463781
 -0.00093944  0.000239286  0.000179859  -0.00182646  0.000147964  0.000485029   0.00203991 -0.000342875   0.00103234  0.000467657 -6.07262e-05  -1.0424e-05  1.64586e-16  -9.7887e-06  -0.00124293  -0.00180159  0.000397768   0.00042345 -0.000348807    -0.002442 -0.000153036  -0.00178413  0.000114795  0.000360883  -0.00107258  8.79857e-05  -0.00103146 -0.000293961 -0.000641062 -0.000296267 -9.80453e-06 -6.38589e-05  -0.00023904   0.00020839 -0.000654149
  -0.0169797  7.82129e-05  -0.00382757   0.00529099  0.000485029     0.973211    0.0373068  -0.00211935     0.021663   0.00191585  -0.00337892   -0.0232865 -1.50889e-15   -0.0119041   -0.0277544    0.0175762   0.00525738  -0.00199072  -0.00446298  -0.00961788  -0.00350773    -0.029505   -0.0416049   0.00156406   -0.0378601   -0.0379916  -0.00457824  -0.00859608  -0.00271339  -0.00331045   0.00487174   0.00313538  0.000128766    0.0080458    0.0050324
    0.035192  -0.00939114   0.00276233   -0.0175063   0.00203991    0.0373068     0.915839   0.00077449   -0.0532832  -0.00855305   0.00194789    0.0382977 -3.88473e-14   0.00862657    0.0491395   -0.0401886    -0.018337  -0.00240945   0.00804046     0.023285   0.00373358    0.0662323    0.0861347  -0.00975796    0.0783299    0.0794806   0.00350219    0.0175774 -0.000245514   0.00268539  -0.00813885  -0.00635731 -5.42968e-05  -0.00879759 -0.000996793
  0.00111734    -0.004652  -0.00157986   -0.0226258 -0.000342875  -0.00211935   0.00077449     0.992879  -0.00247701    0.0014743   -0.0039027  -0.00428602 -1.49364e-16  -0.00108384   -0.0109898   -0.0338768 -0.000441714  -0.00466103 -0.000132624   -0.0362018  -0.00662786    -0.018256   0.00118335  -0.00288076 -0.000378597   0.00535903   -0.0214056  0.000362659  -0.00915016  -0.00558133 -0.000797117  -0.00063464 -0.000141767  0.000315156  -0.00032638
   0.0277567    -0.013427  -0.00123822   -0.0123294   0.00103234     0.021663   -0.0532832  -0.00247701     0.958473  -0.00923982  -0.00203836    0.0230668 -2.84353e-14   0.00402958    0.0347947   -0.0334101   -0.0134795   -0.0085646   0.00754286    0.0146573  -0.00232627    0.0471572    0.0544003   -0.0118633    0.0566179    0.0480485  -0.00460764    0.0127799  -0.00257605 -0.000852007  -0.00602041  -0.00455286  0.000209366  -0.00691635   0.00265431
  0.00341638  -0.00582287  -0.00259702    0.0151311  0.000467657   0.00191585  -0.00855305    0.0014743  -0.00923982     0.990043  -0.00195261   0.00173682 -3.34739e-15  -0.00376941    0.0120236    0.0154876  -0.00592128  -0.00544527  0.000685452    0.0299751 -0.000161898    0.0180826  -0.00410124   -0.0057309   0.00536598   -0.0148369   0.00866619  8.34655e-05   0.00349411    0.0008138  -0.00229577  -0.00257228  0.000189958 -0.000320164  7.08539e-06
-0.000275819  -0.00479839  -0.00221411  -0.00733477 -6.07262e-05  -0.00337892   0.00194789   -0.0039027  -0.00203836  -0.00195261     0.996617   -0.0046545 -1.02346e-16  -0.00323618  -0.00550393   -0.0119618  -0.00168488  -0.00485919 -0.000428914   -0.0116366  -0.00435297  -0.00799434  -0.00567818  -0.00348126  -0.00305173  -0.00579803   -0.0100779 -0.000757425  -0.00456054  -0.00339224 -0.000936843  -0.00104272 -1.46343e-05 -9.03084e-05 -0.000718631
  -0.0195965 -0.000607556  -0.00366051  -0.00595909  -1.0424e-05   -0.0232865    0.0382977  -0.00428602    0.0230668   0.00173682   -0.0046545     0.973187 -2.64017e-15   -0.0136144   -0.0336623 -0.000962126   0.00493395  -0.00422887  -0.00666273   -0.0250042   -0.0051766   -0.0411161   -0.0431731  0.000880237   -0.0448322   -0.0372842   -0.0163701   -0.0100582    -0.006025  -0.00463204   0.00240162  0.000489116 -5.68663e-05   0.00647536  3.79521e-05
-1.71514e-15 -9.02904e-15  9.28768e-16 -3.28734e-15  1.64586e-16 -1.50889e-15 -3.88473e-14 -1.49364e-16 -2.84353e-14 -3.34739e-15 -1.02346e-16 -2.64017e-15  4.02607e-27  5.65384e-16 -6.51124e-15 -1.40093e-15 -9.07282e-15  4.03354e-17 -1.71729e-14 -9.50746e-15  4.50469e-16 -1.29016e-14 -8.46453e-15 -4.84644e-15 -4.00125e-15 -1.32253e-14 -2.31696e-15 -2.70657e-15 -3.33614e-15  -2.0385e-16  5.12468e-16  3.94947e-16  1.69198e-17  5.67948e-16 -8.96183e-16
 -0.00819033  -0.00406136  -0.00312781  -0.00313072  -9.7887e-06   -0.0119041   0.00862657  -0.00108384   0.00402958  -0.00376941  -0.00323618   -0.0136144  5.65384e-16     0.985825   -0.0114193 -0.000950561  -0.00263672  -0.00503369  -0.00423548   0.00334507  -0.00129996   -0.0059553   -0.0118812  -0.00287458   -0.0186217   -0.0105643  -0.00691751  -0.00417872   -0.0029066  -0.00164514 -0.000290964  -0.00209077   7.0878e-05   0.00388288   0.00173536
  -0.0262468   0.00381747  -0.00177815    -0.035418  -0.00124293   -0.0277544    0.0491395   -0.0109898    0.0347947    0.0120236  -0.00550393   -0.0336623 -6.51124e-15   -0.0114193      0.93971   -0.0367062    0.0103706 -0.000449514  -0.00911528   -0.0831787  -0.00952845   -0.0814671   -0.0481907   0.00591464   -0.0576031   -0.0314391   -0.0393997   -0.0125643   -0.0156924  -0.00966815   0.00493265   0.00279809 -0.000577092    0.0117218  -0.00200976
   0.0232238   -0.0173833 -4.37311e-05    -0.168569  -0.00180159    0.0175762   -0.0401886   -0.0338768   -0.0334101    0.0154876   -0.0119618 -0.000962126 -1.40093e-15 -0.000950561   -0.0367062     0.742032  -0.00341161   -0.0177315  0.000891205    -0.219678   -0.0253628   -0.0658215    0.0993001   -0.0105989    0.0388209     0.137284    -0.132833    0.0146033   -0.0505654   -0.0227949  -0.00797767  -0.00733109 -0.000752732   0.00220579    0.0092905
  0.00640209   -0.0056206  -0.00134822  0.000360421  0.000397768   0.00525738    -0.018337 -0.000441714   -0.0134795  -0.00592128  -0.00168488   0.00493395 -9.07282e-15  -0.00263672    0.0103706  -0.00341161     0.993182  -0.00403383  0.000874622    0.0137112 -0.000500274    0.0160768    0.0112903  -0.00512764    0.0132876   0.00669729   0.00113897   0.00249767 -0.000426688 -0.000354484  -0.00276069  -0.00275936  2.51704e-05  -0.00192989  -0.00143192
   0.0034877  -0.00910541  -0.00365107  -0.00795813   0.00042345  -0.00199072  -0.00240945  -0.00466103   -0.0085646  -0.00544527  -0.00485919  -0.00422887  4.03354e-17  -0.00503369 -0.000449514   -0.0177315  -0.00403383     0.990875  0.000551244  -0.00688001  -0.00588375 -0.000525326  -0.00154185  -0.00713804   0.00251176  -0.00349062   -0.0132584  0.000506774    -0.005105   -0.0039065  -0.00240023  -0.00248074  0.000131335  -0.00109462   0.00072677
 -0.00713775   0.00173691  -0.00011988  -0.00203484 -0.000348807  -0.00446298   0.00804046 -0.000132624   0.00754286  0.000685452 -0.000428914  -0.00666273 -1.71729e-14  -0.00423548  -0.00911528  0.000891205  0.000874622  0.000551244     0.996924  -0.00497426  0.000345706   -0.0111482  -0.00984948   0.00149803    -0.014437   -0.0080662  -0.00255303  -0.00324102  -0.00105126 -0.000352307  9.96985e-05 -0.000612115 -0.000111135   0.00151494   -0.0020357
 -0.00597773  -0.00277904  0.000879563    -0.155962    -0.002442  -0.00961788     0.023285   -0.0362018    0.0146573    0.0299751   -0.0116366   -0.0250042 -9.50746e-15   0.00334507   -0.0831787    -0.219678    0.0137112  -0.00688001  -0.00497426     0.740747   -0.0282106    -0.136916    0.0242147   0.00315885   -0.0205802    0.0688476    -0.129834  0.000539164   -0.0516251   -0.0263924  0.000896274   0.00134502    -0.001198   0.00874473   0.00283919
   0.0011001  -0.00578426  -0.00237613    -0.015754 -0.000153036  -0.00350773   0.00373358  -0.00662786  -0.00232627 -0.000161898  -0.00435297   -0.0051766  4.50469e-16  -0.00129996  -0.00952845   -0.0253628 -0.000500274  -0.00588375  0.000345706   -0.0282106     0.992961   -0.0160507   -0.0050376  -0.00385783  -0.00144179  -0.00309818   -0.0182747  -0.00019766  -0.00767831  -0.00539668 -0.000673774 -0.000465182 -5.97335e-05  0.000134857 -0.000156139
  -0.0330832   0.00627022  -0.00132618   -0.0561495  -0.00178413    -0.029505    0.0662323    -0.018256    0.0471572    0.0180826  -0.00799434   -0.0411161 -1.29016e-14   -0.0059553   -0.0814671   -0.0658215    0.0160768 -0.000525326   -0.0111482    -0.136916   -0.0160507       0.8762    -0.066537   0.00854868   -0.0742337    -0.044666    -0.060962   -0.0160408     -0.02411   -0.0151736   0.00487013   0.00342322 -0.000959459    0.0114519  -0.00813024
  -0.0414102   0.00495539  -0.00653442     0.060126  0.000114795   -0.0416049    0.0861347   0.00118335    0.0544003  -0.00410124  -0.00567818   -0.0431731 -8.46453e-15   -0.0118812   -0.0481907    0.0993001    0.0112903  -0.00154185  -0.00984948    0.0242147   -0.0050376    -0.066537     0.863088   0.00472452   -0.0918514    -0.149299    0.0204216    -0.024743   0.00793244  -0.00275056   0.00669915    0.0046478 -0.000135637   0.00897126   -0.0120401
  0.00617835  -0.00805557  -0.00274957  -0.00312588  0.000360883   0.00156406  -0.00975796  -0.00288076   -0.0118633   -0.0057309  -0.00348126  0.000880237 -4.84644e-15  -0.00287458   0.00591464   -0.0105989  -0.00512764  -0.00713804   0.00149803   0.00315885  -0.00385783   0.00854868   0.00472452     0.993397   0.00985579   0.00112972  -0.00627422   0.00195264  -0.00278704  -0.00239941  -0.00239853   -0.0022493  0.000121141  -0.00178505  0.000379283
  -0.0445908    0.0103862  -0.00277005     0.012626  -0.00107258   -0.0378601    0.0783299 -0.000378597    0.0566179   0.00536598  -0.00305173   -0.0448322 -4.00125e-15   -0.0186217   -0.0576031    0.0388209    0.0132876   0.00251176    -0.014437   -0.0205802  -0.00144179   -0.0742337   -0.0918514   0.00985579     0.905025    -0.085527  -0.00535122   -0.0219145  -0.00152185  -0.00264734   0.00532649   0.00203366  -0.00029256    0.0100745   -0.0070985
  -0.0382696   0.00238057  -0.00818378    0.0907732  8.79857e-05   -0.0379916    0.0794806   0.00535903    0.0480485   -0.0148369  -0.00579803   -0.0372842 -1.32253e-14   -0.0105643   -0.0314391     0.137284   0.00669729  -0.00349062   -0.0080662    0.0688476  -0.00309818    -0.044666    -0.149299   0.00112972    -0.085527      0.82173    0.0425641   -0.0253155    0.0164527  5.07926e-05   0.00572124   0.00375989  3.58081e-05   0.00958295   -0.0127603
  0.00156418   -0.0112354  -0.00287571    -0.088815  -0.00103146  -0.00457824   0.00350219   -0.0214056  -0.00460764   0.00866619   -0.0100779   -0.0163701 -2.31696e-15  -0.00691751   -0.0393997    -0.132833   0.00113897   -0.0132584  -0.00255303    -0.129834   -0.0182747    -0.060962    0.0204216  -0.00627422  -0.00535122    0.0425641     0.920382   0.00150907   -0.0303605   -0.0157506   -0.0028841  -0.00327227 -0.000442283   0.00357835   0.00292354
   -0.010311   0.00219688 -0.000798912     0.007316 -0.000293961  -0.00859608    0.0175774  0.000362659    0.0127799  8.34655e-05 -0.000757425   -0.0100582 -2.70657e-15  -0.00417872   -0.0125643    0.0146033   0.00249767  0.000506774  -0.00324102  0.000539164  -0.00019766   -0.0160408    -0.024743   0.00195264   -0.0219145   -0.0253155   0.00150907     0.994478  0.000790312  -0.00034095   0.00129781  0.000486659 -8.53498e-05   0.00300386  -0.00223703
 0.000515848  -0.00503418  -0.00146739   -0.0354769 -0.000641062  -0.00271339 -0.000245514  -0.00915016  -0.00257605   0.00349411  -0.00456054    -0.006025 -3.33614e-15   -0.0029066   -0.0156924   -0.0505654 -0.000426688    -0.005105  -0.00105126   -0.0516251  -0.00767831     -0.02411   0.00793244  -0.00278704  -0.00152185    0.0164527   -0.0303605  0.000790312     0.986948  -0.00705113  -0.00117725  -0.00118355 -0.000210025  0.000212191 -7.43179e-05
-0.000210236  -0.00390971  -0.00162171   -0.0156751 -0.000296267  -0.00331045   0.00268539  -0.00558133 -0.000852007    0.0008138  -0.00339224  -0.00463204  -2.0385e-16  -0.00164514  -0.00966815   -0.0227949 -0.000354484   -0.0039065 -0.000352307   -0.0263924  -0.00539668   -0.0151736  -0.00275056  -0.00239941  -0.00264734  5.07926e-05   -0.0157506  -0.00034095  -0.00705113     0.995437 -0.000429426 -0.000375357 -0.000103094  0.000330116 -0.000517176
  0.00285997  -0.00253851 -0.000348787  -0.00360181 -9.80453e-06   0.00487174  -0.00813885 -0.000797117  -0.00602041  -0.00229577 -0.000936843   0.00240162  5.12468e-16 -0.000290964   0.00493265  -0.00797767  -0.00276069  -0.00240023  9.96985e-05  0.000896274 -0.000673774   0.00487013   0.00669915  -0.00239853   0.00532649   0.00572124   -0.0028841   0.00129781  -0.00117725 -0.000429426    0.0202367  -0.00215472 -1.65742e-05  -0.00325382  -0.00274559
   0.0012611  -0.00238132 -0.000534057  -0.00360587 -6.38589e-05   0.00313538  -0.00635731  -0.00063464  -0.00455286  -0.00257228  -0.00104272  0.000489116  3.94947e-16  -0.00209077   0.00279809  -0.00733109  -0.00275936  -0.00248074 -0.000612115   0.00134502 -0.000465182   0.00342322    0.0046478   -0.0022493   0.00203366   0.00375989  -0.00327227  0.000486659  -0.00118355 -0.000375357  -0.00215472     0.020423 -1.99106e-05  -0.00183305  -0.00210241
-0.000189777  0.000131392  8.08286e-05 -0.000647541  -0.00023904  0.000128766 -5.42968e-05 -0.000141767  0.000209366  0.000189958 -1.46343e-05 -5.68663e-05  1.69198e-17   7.0878e-05 -0.000577092 -0.000752732  2.51704e-05  0.000131335 -0.000111135    -0.001198 -5.97335e-05 -0.000959459 -0.000135637  0.000121141  -0.00029256  3.58081e-05 -0.000442283 -8.53498e-05 -0.000210025 -0.000103094 -1.65742e-05 -1.99106e-05    0.0226307  4.14311e-05 -0.000333224
  0.00485389  -0.00196752  0.000267338   0.00207139   0.00020839    0.0080458  -0.00879759  0.000315156  -0.00691635 -0.000320164 -9.03084e-05   0.00647536  5.67948e-16   0.00388288    0.0117218   0.00220579  -0.00192989  -0.00109462   0.00151494   0.00874473  0.000134857    0.0114519   0.00897126  -0.00178505    0.0100745   0.00958295   0.00357835   0.00300386  0.000212191  0.000330116  -0.00325382  -0.00183305  4.14311e-05     0.011272  -0.00730763
 -0.00395753  0.000789344  0.000640509   0.00463781 -0.000654149    0.0050324 -0.000996793  -0.00032638   0.00265431  7.08539e-06 -0.000718631  3.79521e-05 -8.96183e-16   0.00173536  -0.00200976    0.0092905  -0.00143192   0.00072677   -0.0020357   0.00283919 -0.000156139  -0.00813024   -0.0120401  0.000379283   -0.0070985   -0.0127603   0.00292354  -0.00223703 -7.43179e-05 -0.000517176  -0.00274559  -0.00210241 -0.000333224  -0.00730763   0.00901872
* row and column names
hk_i:2_j:2_zone:1.0
hk_i:12_j:12_zone:1.0
hk_i:37_j:17_zone:1.0
hk_i:22_j:12_zone:1.0
rch_i:2_j:7_zone:1.0
hk_i:37_j:7_zone:1.0
hk_i:2_j:12_zone:1.0
hk_i:27_j:17_zone:1.0
hk_i:7_j:12_zone:1.0
hk_i:17_j:2_zone:1.0
hk_i:17_j:17_zone:1.0
hk_i:32_j:2_zone:1.0
hk_i:7_j:7_zone:1.0
hk_i:37_j:12_zone:1.0
hk_i:32_j:7_zone:1.0
hk_i:27_j:12_zone:1.0
hk_i:2_j:17_zone:1.0
hk_i:12_j:17_zone:1.0
hk_i:2_j:7_zone:1.0
hk_i:27_j:7_zone:1.0
hk_i:32_j:17_zone:1.0
hk_i:22_j:7_zone:1.0
hk_i:27_j:2_zone:1.0
hk_i:7_j:17_zone:1.0
hk_i:7_j:2_zone:1.0
hk_i:22_j:2_zone:1.0
hk_i:32_j:12_zone:1.0
hk_i:12_j:2_zone:1.0
hk_i:17_j:12_zone:1.0
hk_i:22_j:17_zone:1.0
rch_i:32_j:7_zone:1.0
rch_i:37_j:7_zone:1.0
rch_i:7_j:7_zone:1.0
rch_i:27_j:7_zone:1.0
rch_i:22_j:7_zone:1.0
