    51    51     1
    0.991819   0.00572742   0.00275491   -0.0172289  -0.00197987    0.0104792     0.034314  -0.00354032    0.0207879    0.0120529  0.000137984   0.00288968    0.0064927   0.00786398  -0.00830477   -0.0174517    0.0106034   0.00416108   0.00235257   -0.0284323  -0.00250201   -0.0184458   0.00728522   0.00632878   -0.0129488    0.0162241   -0.0109794 -0.000910058  -0.00585895  -0.00302022  -0.00151824 -0.000363319  -0.00104615  -0.00142051 -0.000964495 -0.000160275 -0.000139064 -0.000426122  -0.00230628 -0.000938951 -0.000641884  -0.00129094 -0.000739568 -4.83632e-05  -0.00143341 -0.000884241  -0.00021507    -0.000419 -0.000289135 -0.000595648 -0.000491273
  0.00572742     0.966237 -0.000913968   -0.0204399  0.000222565   0.00391869     -0.11047  -0.00609368   -0.0825456    -0.010925  -0.00644946  -0.00436926   -0.0575974  -0.00552053  -0.00993967   -0.0223084   -0.0313684   -0.0102223   -0.0358493   -0.0183389  -0.00495601   -0.0189713  -0.00798495   -0.0208922   0.00833852   -0.0125156   -0.0188248  -0.00320322   -0.0158332  -0.00554214  -0.00154244   -0.0005193 -0.000490522  -0.00166729  -0.00147691 -0.000727298 -0.000381805 -0.000491738  -0.00163341  0.000135862 -0.000901969  0.000302075   -0.0009193 -0.000451772 -0.000174839  -0.00121111  -0.00102293 -0.000909803  -0.00049146 -0.000839849 -0.000163008
  0.00275491 -0.000913968     0.994753  0.000807233    0.0016036   -0.0317866  0.000471233 -0.000590474   0.00202771  -0.00172918  -0.00182426   -0.0128002   0.00720317   -0.0151175   -0.0107963    0.0002585  -0.00257467  -0.00329499   0.00461515  -0.00118018 -0.000574027   0.00451404  0.000429209  -0.00200142   0.00295098   0.00450254  -0.00103364  0.000535831  0.000174428 -0.000990478    0.0017671  0.000437233  0.000897177   0.00183022   0.00146865  0.000972089    0.0010354  0.000377799    0.0022455   0.00172305  0.000918987   0.00173204  0.000759069  0.000454256   0.00139922   0.00118357   0.00144007   0.00131405   0.00166284  0.000654346   0.00163812
  -0.0172289   -0.0204399  0.000807233     0.883728  -0.00407763  -0.00471653  -0.00240305   -0.0255084   -0.0137159    0.0275458   -0.0120257   -0.0287536   -0.0241847   -0.0107762   -0.0776753    -0.150558  -0.00278786  -0.00978619   -0.0254989    -0.170145   -0.0197643    -0.110296    0.0123095  -0.00664348   -0.0368115    0.0585245     -0.10256  -0.00895533   -0.0449821   -0.0202613  -0.00457792 -0.000982392   -0.0026407  -0.00402298   -0.0023444 -0.000481058  0.000415432  -0.00105058  -0.00640017 -0.000427385  -0.00165906  -0.00175358   -0.0023712 -0.000486961  -0.00346152  -0.00219801  8.64359e-05 -0.000858787   0.00122583  -0.00180202  0.000892964
 -0.00197987  0.000222565    0.0016036  -0.00407763    0.0210808    0.0132831   0.00819352 -0.000937907   0.00379418   0.00116691 -0.000459485   0.00344037   0.00233253   0.00332404   0.00216021  -0.00584346   0.00133944 -0.000202104  3.06717e-06  -0.00133574 -0.000946786  -0.00398949  -0.00136959   0.00044637  -0.00221099  -0.00017229  -0.00486903 -0.000912513  -0.00153882 -0.000462508  -0.00122558 -0.000276788 -0.000845795  -0.00114092 -0.000898826 -0.000607971 -0.000519121 -0.000228709  -0.00185485 -0.000762851 -0.000563651 -0.000908588 -0.000603311 -0.000326386  -0.00118667 -0.000712164 -0.000882379 -0.000804337 -0.000773304 -0.000434432 -0.000705196
   0.0104792   0.00391869   -0.0317866  -0.00471653    0.0132831     0.757486   0.00583305 -0.000985584    0.0142059   0.00489625  -0.00331381   -0.0891698    0.0187315   -0.0875107   -0.0918226 -0.000882794  -0.00204135  -0.00534745    0.0191501   -0.0624202   0.00138092    0.0088915    0.0227603  -0.00110053   0.00392274    0.0495934   0.00322994   0.00573134   0.00152644  -0.00492034    0.0157405   0.00393275   0.00807471    0.0159468    0.0131362   0.00933629   0.00903388     0.003207     0.020304    0.0133438   0.00812701       0.0135   0.00724435   0.00473642    0.0119215    0.0103833    0.0135902    0.0120936    0.0139752   0.00591409    0.0131952
    0.034314     -0.11047  0.000471233  -0.00240305   0.00819352   0.00583305     0.533974 -0.000489106    -0.330185    -0.056731  -0.00751354   0.00104684    -0.239836 -0.000871528   0.00650252    0.0098697    -0.115938   -0.0210697    -0.136566   0.00737425   0.00197499   -0.0129967   -0.0301157   -0.0698504     0.054105    -0.086319   0.00784561  -0.00408142   -0.0252396  -0.00214943    0.0010859 -0.000224199   0.00282184 -8.78991e-05 -0.000757555 -0.000626566 -0.000572479 -0.000162079   0.00434478   0.00192765 -0.000368558   0.00391087  0.000393262 -0.000355971   0.00495509 -0.000546025 -0.000919596 -0.000409245 -0.000805753 -0.000309254   0.00015565
 -0.00354032  -0.00609368 -0.000590474   -0.0255084 -0.000937907 -0.000985584 -0.000489106     0.993341  -0.00313626   0.00575231  -0.00396818  -0.00605681  -0.00310113  -0.00375355   -0.0169274   -0.0315302  -0.00200317  -0.00347916  -0.00452524   -0.0343541  -0.00546485   -0.0228233   0.00271254  -0.00266145  -0.00734895    0.0134651   -0.0228427   -0.0019609   -0.0111498  -0.00562574  -0.00143209 -0.000369106 -0.000756373  -0.00132323 -0.000906513  -0.00022304  3.73245e-05 -0.000396288  -0.00193076 -0.000220032 -0.000600628 -0.000517934 -0.000787998 -0.000179856 -0.000865622 -0.000822652  -0.00013568 -0.000356428  0.000181651 -0.000630762  9.71457e-05
   0.0207879   -0.0825456   0.00202771   -0.0137159   0.00379418    0.0142059    -0.330185  -0.00313626     0.759333   -0.0379688  -0.00616563   0.00327629    -0.180892   0.00426019    0.0005334  -0.00763398   -0.0815776   -0.0147199    -0.103817   -0.0114536   -0.0011574   -0.0214033   -0.0200908   -0.0505201    0.0331748   -0.0609825  -0.00435689  -0.00423449   -0.0232989  -0.00377814 -0.000377266 -0.000453843   0.00099525  -0.00112452  -0.00133413 -0.000692938 -0.000596095 -0.000434383   0.00110972  0.000911047 -0.000772295   0.00212452 -0.000295874 -0.000372727   0.00222643  -0.00110448 -0.000974391  -0.00069077 -0.000881493  -0.00068469 -0.000201302
   0.0120529    -0.010925  -0.00172918    0.0275458   0.00116691   0.00489625    -0.056731   0.00575231   -0.0379688     0.977771 -1.68766e-05   0.00282994    -0.015069  -0.00598486    0.0208651    0.0251356   -0.0176604  -0.00665387  -0.00732166    0.0513108   0.00370588    0.0287911   -0.0154689   -0.0110503    0.0210437   -0.0361122    0.0158369  0.000415623   0.00941645   0.00543216  0.000982047  0.000247915  0.000644175  0.000900166  0.000473427 -0.000525465 -0.000512456  0.000418636   0.00148275  0.000462442  0.000350811  0.000934642  0.000500486 -0.000344858  0.000826353  0.000549501 -0.000694135 -0.000305721 -0.000584599  0.000445812  -0.00019757
 0.000137984  -0.00644946  -0.00182426   -0.0120257 -0.000459485  -0.00331381  -0.00751354  -0.00396818  -0.00616563 -1.68766e-05     0.996185  -0.00564866  0.000353256  -0.00730859  -0.00847504   -0.0153818   -0.0055394  -0.00508259  -0.00204742   -0.0104329  -0.00355803  -0.00855693   -0.0019037  -0.00451746 -0.000548656   0.00495227   -0.0136089  -0.00136897   -0.0064407  -0.00338547 -0.000936271  -0.00024788 -0.000488814 -0.000848674 -0.000683436 -0.000352379 -9.16444e-05 -0.000225189  -0.00126875  3.09576e-05 -0.000425183 -0.000116313 -0.000569069 -0.000250889 -0.000486264 -0.000551251 -0.000465083 -0.000450131 -4.42653e-05 -0.000418162  4.96588e-05
  0.00288968  -0.00436926   -0.0128002   -0.0287536   0.00344037   -0.0891698   0.00104684  -0.00605681   0.00327629   0.00282994  -0.00564866     0.955338    0.0109313   -0.0431057   -0.0504597   -0.0431838  -0.00536602  -0.00970479   0.00442217   -0.0532664  -0.00440113   -0.0196604    0.0026586  -0.00499906  -0.00294368     0.026861   -0.0308611  -0.00106265  -0.00862733  -0.00536595   0.00454649    0.0012839   0.00215365   0.00490992   0.00420914   0.00264874   0.00296451   0.00115723   0.00560579   0.00491181   0.00257566   0.00459944   0.00202435   0.00119656   0.00313371   0.00341088   0.00400383   0.00355953   0.00489723   0.00184414   0.00486367
   0.0064927   -0.0575974   0.00720317   -0.0241847   0.00233253    0.0187315    -0.239836  -0.00310113    -0.180892    -0.015069  0.000353256    0.0109313     0.839871    0.0240062  -0.00705088   -0.0144849   -0.0490904  0.000813726   -0.0892543   -0.0499503 -0.000185931   -0.0379954 -0.000964732   -0.0296075   0.00976702   -0.0345431  -0.00190119  -0.00259166   -0.0216706  -0.00394141 -7.03514e-05 -0.000337999  0.000753009 -0.000794092 -0.000745728  0.000420591  6.77253e-05 -0.000533902   0.00106982  0.000231449  -0.00047723   0.00108992  4.70704e-05  0.000381715   0.00159094 -0.000845869  0.000604131  0.000376466  -0.00018041 -0.000505076 -0.000114565
  0.00786398  -0.00552053   -0.0151175   -0.0107762   0.00332404   -0.0875107 -0.000871528  -0.00375355   0.00426019  -0.00598486  -0.00730859   -0.0431057    0.0240062     0.949757   -0.0378098   -0.0220659   -0.0110102   -0.0141134    0.0116049   -0.0142193  -0.00337237    0.0019242  -0.00489515  -0.00856082   0.00731661    0.0149058    -0.020866 -0.000795673  -0.00325855  -0.00353648   0.00420181   0.00117683   0.00193473    0.0046032   0.00376048   0.00207189   0.00253418   0.00114108   0.00507039   0.00482707   0.00234149   0.00460695   0.00174621  0.000844276   0.00296974   0.00315354   0.00306954   0.00291644   0.00428822   0.00170301   0.00448367
 -0.00830477  -0.00993967   -0.0107963   -0.0776753   0.00216021   -0.0918226   0.00650252   -0.0169274    0.0005334    0.0208651  -0.00847504   -0.0504597  -0.00705088   -0.0378098     0.914473   -0.0988321 -0.000394513  -0.00684758  -0.00815646    -0.136207     -0.01217   -0.0691948    0.0185685  -0.00313654   -0.0234986    0.0570014   -0.0642827   -0.0037194   -0.0282189   -0.0150536   0.00275822   0.00080028   0.00122136   0.00321178   0.00340918   0.00332472   0.00376365  0.000459395   0.00321738    0.0045586   0.00194209   0.00368863   0.00110151   0.00151741   0.00208265   0.00240559   0.00552862   0.00413892    0.0062892  0.000980078   0.00560112
  -0.0174517   -0.0223084    0.0002585    -0.150558  -0.00584346 -0.000882794    0.0098697   -0.0315302  -0.00763398    0.0251356   -0.0153818   -0.0431838   -0.0144849   -0.0220659   -0.0988321     0.781267  -0.00271944   -0.0187467   -0.0246583    -0.215317   -0.0254436    -0.139629   0.00567197  -0.00967929   -0.0416477    0.0605721     -0.14613    -0.012714   -0.0517574   -0.0226836  -0.00526403 -0.000859871  -0.00328383  -0.00425548  -0.00199863  -0.00107007  0.000243642 -0.000714801  -0.00766536 -0.000261336   -0.0015466  -0.00208751  -0.00257209  -0.00104788  -0.00488769   -0.0018918  0.000115962  -0.00116785   0.00177447  -0.00170922   0.00143639
   0.0106034   -0.0313684  -0.00257467  -0.00278786   0.00133944  -0.00204135    -0.115938  -0.00200317   -0.0815776   -0.0176604   -0.0055394  -0.00536602   -0.0490904   -0.0110102 -0.000394513  -0.00271944     0.965487    -0.011512   -0.0303505     0.010372  -0.00164496 -0.000798519   -0.0133403   -0.0217755    0.0170818   -0.0217568  -0.00622123  -0.00218458  -0.00839064  -0.00197117 -0.000514224 -0.000226072  0.000158717 -0.000652402 -0.000771167 -0.000726995 -0.000412829 -0.000125442 -0.000159076  0.000578728 -0.000434701  0.000937058  -0.00041714 -0.000474909  0.000628557 -0.000522291  -0.00108259 -0.000763532 -0.000484647 -0.000364996 -1.43594e-05
  0.00416108   -0.0102223  -0.00329499  -0.00978619 -0.000202104  -0.00534745   -0.0210697  -0.00347916   -0.0147199  -0.00665387  -0.00508259  -0.00970479  0.000813726   -0.0141134  -0.00684758   -0.0187467    -0.011512     0.990175  -0.00266107  -0.00115597  -0.00364746  -0.00427152  -0.00860364  -0.00882469   0.00505143  -0.00257729   -0.0176726  -0.00191887  -0.00523012  -0.00238685 -0.000657724 -0.000128017 -0.000326642 -0.000513957 -0.000491211 -0.000679714 -0.000290596 -4.64738e-06 -0.000879864  0.000377311  -0.00028439  0.000292666 -0.000429168 -0.000480028 -0.000351047 -0.000286997 -0.000941111 -0.000708726 -0.000224488 -0.000232203  0.000109945
  0.00235257   -0.0358493   0.00461515   -0.0254989  3.06717e-06    0.0191501    -0.136566  -0.00452524    -0.103817  -0.00732166  -0.00204742   0.00442217   -0.0892543    0.0116049  -0.00815646   -0.0246583   -0.0303505  -0.00266107     0.947464    -0.038212  -0.00245391   -0.0318334  -0.00351845   -0.0189259   0.00318205    -0.015762   -0.0145651  -0.00316355   -0.0172197  -0.00409449  -0.00142294 -0.000487007 -0.000394794  -0.00170873  -0.00140862 -0.000504272 -0.000478167 -0.000520661  -0.00134494 -0.000427828 -0.000889389 -0.000137866 -0.000688695 -0.000219614 -0.000232052   -0.0012259  -0.00074223 -0.000742631 -0.000808298  -0.00077684 -0.000615331
  -0.0284323   -0.0183389  -0.00118018    -0.170145  -0.00133574   -0.0624202   0.00737425   -0.0343541   -0.0114536    0.0513108   -0.0104329   -0.0532664   -0.0499503   -0.0142193    -0.136207    -0.215317     0.010372  -0.00115597    -0.038212     0.707941   -0.0244641    -0.167975    0.0390777   0.00112408   -0.0624576     0.101448    -0.133121  -0.00901637   -0.0613807   -0.0285345  -0.00101209 -5.16718e-05  -0.00073256 -0.000418091   0.00139786   0.00315086   0.00372005 -0.000545604  -0.00167208   0.00256056  0.000485146  0.000851848 -0.000522666   0.00141696 -0.000856276  0.000358468   0.00613351   0.00364141   0.00649543 -0.000495895   0.00508686
 -0.00250201  -0.00495601 -0.000574027   -0.0197643 -0.000946786   0.00138092   0.00197499  -0.00546485   -0.0011574   0.00370588  -0.00355803  -0.00440113 -0.000185931  -0.00337237     -0.01217   -0.0254436  -0.00164496  -0.00364746  -0.00245391   -0.0244641     0.995254   -0.0169614   0.00108303  -0.00248055  -0.00534734   0.00945138   -0.0191266  -0.00165618  -0.00870793  -0.00452033  -0.00133946 -0.000345519 -0.000724792  -0.00124095 -0.000899898 -0.000337055 -9.59161e-05 -0.000349059  -0.00182166  -0.00028594   -0.0005824 -0.000529537  -0.00072847 -0.000233952 -0.000858179 -0.000786575 -0.000346157 -0.000472819  -4.1034e-05 -0.000577318 -6.72646e-05
  -0.0184458   -0.0189713   0.00451404    -0.110296  -0.00398949    0.0088915   -0.0129967   -0.0228233   -0.0214033    0.0287911  -0.00855693   -0.0196604   -0.0379954    0.0019242   -0.0691948    -0.139629 -0.000798519  -0.00427152   -0.0318334    -0.167975   -0.0169614     0.890326    0.0143152  -0.00415414   -0.0378097    0.0536649   -0.0919634   -0.0081849   -0.0424653    -0.018032  -0.00452144 -0.000989681  -0.00250002  -0.00412359  -0.00244345 -0.000492635  0.000156849  -0.00108227  -0.00613698  -0.00105262  -0.00172081  -0.00221196  -0.00222852  -0.00040053  -0.00339856  -0.00229635 -2.18906e-05 -0.000943882  0.000666542  -0.00178067  0.000267332
  0.00728522  -0.00798495  0.000429209    0.0123095  -0.00136959    0.0227603   -0.0301157   0.00271254   -0.0200908   -0.0154689   -0.0019037    0.0026586 -0.000964732  -0.00489515    0.0185685   0.00567197   -0.0133403  -0.00860364  -0.00351845    0.0390777   0.00108303    0.0143152     0.980597  -0.00891441    0.0128069    -0.024715  -0.00220686  -0.00161039   0.00416326   0.00376373  -0.00122307 -0.000205625 -0.000757375  -0.00111842  -0.00124259  -0.00187881  -0.00158886  9.64913e-05  -0.00171249 -0.000788343 -0.000693432 -0.000643787 -0.000587354   -0.0010502  -0.00123925  -0.00068243   -0.0030301  -0.00215881  -0.00234809  -0.00028678   -0.0015902
  0.00632878   -0.0208922  -0.00200142  -0.00664348   0.00044637  -0.00110053   -0.0698504  -0.00266145   -0.0505201   -0.0110503  -0.00451746  -0.00499906   -0.0296075  -0.00856082  -0.00313654  -0.00967929   -0.0217755  -0.00882469   -0.0189259   0.00112408  -0.00248055  -0.00415414  -0.00891441     0.985492    0.0096529   -0.0126378  -0.00999702  -0.00186029  -0.00710941  -0.00226138 -0.000594596 -0.000203189 -0.000116488 -0.000632662 -0.000648559 -0.000564721 -0.000292208 -0.000128902 -0.000549541  0.000364699 -0.000377161  0.000519199 -0.000406217 -0.000376889  0.000111166 -0.000466464 -0.000791062  -0.00059929  -0.00031029 -0.000330953  1.14011e-05
  -0.0129488   0.00833852   0.00295098   -0.0368115  -0.00221099   0.00392274     0.054105  -0.00734895    0.0331748    0.0210437 -0.000548656  -0.00294368   0.00976702   0.00731661   -0.0234986   -0.0416477    0.0170818   0.00505143   0.00318205   -0.0624576  -0.00534734   -0.0378097    0.0128069    0.0096529     0.976652     0.032839   -0.0269372  -0.00166992   -0.0120596  -0.00607795   -0.0016238 -0.000360698  -0.00112161  -0.00146291 -0.000867738  0.000141461  0.000208927 -0.000480136  -0.00247037 -0.000773864  -0.00060975  -0.00134994  -0.00076535  0.000118745  -0.00159793 -0.000859005  0.000203372 -0.000149194  0.000203694  -0.00063163 -0.000102736
   0.0162241   -0.0125156   0.00450254    0.0585245  -0.00017229    0.0495934    -0.086319    0.0134651   -0.0609825   -0.0361122   0.00495227     0.026861   -0.0345431    0.0149058    0.0570014    0.0605721   -0.0217568  -0.00257729    -0.015762     0.101448   0.00945138    0.0536649    -0.024715   -0.0126378     0.032839     0.926053    0.0430942   0.00143139    0.0211498    0.0125666  4.47288e-05  -1.4305e-05  8.06604e-05 -0.000225641 -0.000600463  -0.00167217  -0.00195762  0.000285029  0.000262201  -0.00137818 -0.000285992 -0.000496568  0.000215711 -0.000871286 -0.000172979 -0.000265681   -0.0023111  -0.00162229  -0.00283508  0.000149823  -0.00231122
  -0.0109794   -0.0188248  -0.00103364     -0.10256  -0.00486903   0.00322994   0.00784561   -0.0228427  -0.00435689    0.0158369   -0.0136089   -0.0308611  -0.00190119    -0.020866   -0.0642827     -0.14613  -0.00622123   -0.0176726   -0.0145651    -0.133121   -0.0191266   -0.0919634  -0.00220686  -0.00999702   -0.0269372    0.0430942     0.894966  -0.00963424   -0.0377575   -0.0166023  -0.00480067 -0.000914958  -0.00293735  -0.00406769  -0.00262401  -0.00167611 -0.000518771 -0.000733239  -0.00690562 -0.000549408  -0.00176929  -0.00184411  -0.00246177  -0.00120113  -0.00413541  -0.00214933  -0.00182358  -0.00212212  -5.8509e-05  -0.00167185  0.000165642
-0.000910058  -0.00320322  0.000535831  -0.00895533 -0.000912513   0.00573134  -0.00408142   -0.0019609  -0.00423449  0.000415623  -0.00136897  -0.00106265  -0.00259166 -0.000795673   -0.0037194    -0.012714  -0.00218458  -0.00191887  -0.00316355  -0.00901637  -0.00165618   -0.0081849  -0.00161039  -0.00186029  -0.00166992   0.00143139  -0.00963424     0.998704  -0.00368911  -0.00133458 -0.000877804 -0.000186813 -0.000543903  -0.00079626 -0.000590698 -0.000408999 -0.000270044  -0.00014634  -0.00126034 -0.000312973 -0.000379726  -0.00045056 -0.000447197 -0.000247564 -0.000749893 -0.000465494 -0.000556224 -0.000530903 -0.000335715 -0.000314409 -0.000265854
 -0.00585895   -0.0158332  0.000174428   -0.0449821  -0.00153882   0.00152644   -0.0252396   -0.0111498   -0.0232989   0.00941645   -0.0064407  -0.00862733   -0.0216706  -0.00325855   -0.0282189   -0.0517574  -0.00839064  -0.00523012   -0.0172197   -0.0613807  -0.00870793   -0.0424653   0.00416326  -0.00710941   -0.0120596    0.0211498   -0.0377575  -0.00368911     0.978836  -0.00960015  -0.00256881 -0.000686262  -0.00130383  -0.00246081  -0.00178798 -0.000474579 -6.46303e-05 -0.000742019   -0.0033678 -0.000452316  -0.00116219 -0.000874837  -0.00140415  -0.00031394  -0.00144224  -0.00157788 -0.000551506 -0.000804912 -1.23576e-05  -0.00116222 -5.18545e-05
 -0.00302022  -0.00554214 -0.000990478   -0.0202613 -0.000462508  -0.00492034  -0.00214943  -0.00562574  -0.00377814   0.00543216  -0.00338547  -0.00536595  -0.00394141  -0.00353648   -0.0150536   -0.0226836  -0.00197117  -0.00238685  -0.00409449   -0.0285345  -0.00452033    -0.018032   0.00376373  -0.00226138  -0.00607795    0.0125666   -0.0166023  -0.00133458  -0.00960015     0.994904  -0.00100966  -0.00029443 -0.000502373 -0.000952265 -0.000647049  2.86647e-05  0.000218839 -0.000355966  -0.00133588 -1.32945e-05 -0.000431643  -0.00023652 -0.000594435 -2.59616e-05 -0.000458431 -0.000626408  0.000178268 -5.95307e-05  0.000397306 -0.000503994  0.000276363
 -0.00151824  -0.00154244    0.0017671  -0.00457792  -0.00122558    0.0157405    0.0010859  -0.00143209 -0.000377266  0.000982047 -0.000936271   0.00454649 -7.03514e-05   0.00420181   0.00275822  -0.00526403 -0.000514224 -0.000657724  -0.00142294  -0.00101209  -0.00133946  -0.00452144  -0.00122307 -0.000594596   -0.0016238  4.47288e-05  -0.00480067 -0.000877804  -0.00256881  -0.00100966    0.0211554 -0.000379513 -0.000802533  -0.00147522  -0.00118882 -0.000728792 -0.000625916 -0.000334656  -0.00199572 -0.000967557 -0.000741503  -0.00106355 -0.000745324 -0.000387856   -0.0010853 -0.000957706  -0.00105141 -0.000974158 -0.000949894  -0.00059122 -0.000897417
-0.000363319   -0.0005193  0.000437233 -0.000982392 -0.000276788   0.00393275 -0.000224199 -0.000369106 -0.000453843  0.000247915  -0.00024788    0.0012839 -0.000337999   0.00117683   0.00080028 -0.000859871 -0.000226072 -0.000128017 -0.000487007 -5.16718e-05 -0.000345519 -0.000989681 -0.000205625 -0.000203189 -0.000360698  -1.4305e-05 -0.000914958 -0.000186813 -0.000686262  -0.00029443 -0.000379513    0.0225536 -0.000193899 -0.000380241 -0.000311113 -0.000176414 -0.000153643 -9.30928e-05 -0.000494023 -0.000246853 -0.000193212 -0.000264583 -0.000190533 -9.19083e-05 -0.000252973 -0.000253301 -0.000258534  -0.00024029 -0.000239983 -0.000156501 -0.000229715
 -0.00104615 -0.000490522  0.000897177   -0.0026407 -0.000845795   0.00807471   0.00282184 -0.000756373   0.00099525  0.000644175 -0.000488814   0.00215365  0.000753009   0.00193473   0.00122136  -0.00328383  0.000158717 -0.000326642 -0.000394794  -0.00073256 -0.000724792  -0.00250002 -0.000757375 -0.000116488  -0.00112161  8.06604e-05  -0.00293735 -0.000543903  -0.00130383 -0.000502373 -0.000802533 -0.000193899    0.0221572 -0.000766205 -0.000611943 -0.000384083 -0.000323133 -0.000168091  -0.00114989  -0.00048695 -0.000382444 -0.000563277 -0.000402428 -0.000206451  -0.00067586 -0.000490332 -0.000556836 -0.000513014 -0.000485527 -0.000303815 -0.000448999
 -0.00142051  -0.00166729   0.00183022  -0.00402298  -0.00114092    0.0159468 -8.78991e-05  -0.00132323  -0.00112452  0.000900166 -0.000848674   0.00490992 -0.000794092    0.0046032   0.00321178  -0.00425548 -0.000652402 -0.000513957  -0.00170873 -0.000418091  -0.00124095  -0.00412359  -0.00111842 -0.000632662  -0.00146291 -0.000225641  -0.00406769  -0.00079626  -0.00246081 -0.000952265  -0.00147522 -0.000380241 -0.000766205    0.0211885  -0.00119064 -0.000719535 -0.000627959 -0.000338735  -0.00193367 -0.000978103 -0.000740945  -0.00105595 -0.000731224 -0.000378161  -0.00103145 -0.000960694  -0.00104732 -0.000966396 -0.000965795 -0.000589693 -0.000915586
-0.000964495  -0.00147691   0.00146865   -0.0023444 -0.000898826    0.0131362 -0.000757555 -0.000906513  -0.00133413  0.000473427 -0.000683436   0.00420914 -0.000745728   0.00376048   0.00340918  -0.00199863 -0.000771167 -0.000491211  -0.00140862   0.00139786 -0.000899898  -0.00244345  -0.00124259 -0.000648559 -0.000867738 -0.000600463  -0.00262401 -0.000590698  -0.00178798 -0.000647049  -0.00118882 -0.000311113 -0.000611943  -0.00119064    0.0216596 -0.000615832 -0.000543048   -0.0002746  -0.00154901 -0.000800577 -0.000613118 -0.000846529 -0.000590737 -0.000317727  -0.00081868 -0.000792344 -0.000937785 -0.000830753 -0.000860023 -0.000478842 -0.000791265
-0.000160275 -0.000727298  0.000972089 -0.000481058 -0.000607971   0.00933629 -0.000626566  -0.00022304 -0.000692938 -0.000525465 -0.000352379   0.00264874  0.000420591   0.00207189   0.00332472  -0.00107007 -0.000726995 -0.000679714 -0.000504272   0.00315086 -0.000337055 -0.000492635  -0.00187881 -0.000564721  0.000141461  -0.00167217  -0.00167611 -0.000408999 -0.000474579  2.86647e-05 -0.000728792 -0.000176414 -0.000384083 -0.000719535 -0.000615832    0.0221767  -0.00042373  -0.00013181 -0.000957008 -0.000524084 -0.000375337 -0.000543522 -0.000351695 -0.000251769 -0.000552691 -0.000466265 -0.000732184 -0.000613327 -0.000654547 -0.000269079 -0.000567834
-0.000139064 -0.000381805    0.0010354  0.000415432 -0.000519121   0.00903388 -0.000572479  3.73245e-05 -0.000596095 -0.000512456 -9.16444e-05   0.00296451  6.77253e-05   0.00253418   0.00376365  0.000243642 -0.000412829 -0.000290596 -0.000478167   0.00372005 -9.59161e-05  0.000156849  -0.00158886 -0.000292208  0.000208927  -0.00195762 -0.000518771 -0.000270044 -6.46303e-05  0.000218839 -0.000625916 -0.000153643 -0.000323133 -0.000627959 -0.000543048  -0.00042373    0.0222627  -0.00011505 -0.000810691 -0.000499095  -0.00032992 -0.000502283 -0.000295167 -0.000217584 -0.000473996 -0.000411227 -0.000655075 -0.000545065 -0.000616011 -0.000230923 -0.000542344
-0.000426122 -0.000491738  0.000377799  -0.00105058 -0.000228709     0.003207 -0.000162079 -0.000396288 -0.000434383  0.000418636 -0.000225189   0.00115723 -0.000533902   0.00114108  0.000459395 -0.000714801 -0.000125442 -4.64738e-06 -0.000520661 -0.000545604 -0.000349059  -0.00108227  9.64913e-05 -0.000128902 -0.000480136  0.000285029 -0.000733239  -0.00014634 -0.000742019 -0.000355966 -0.000334656 -9.30928e-05 -0.000168091 -0.000338735   -0.0002746  -0.00013181  -0.00011505    0.0225633 -0.000432762   -0.0002124 -0.000171332 -0.000229036 -0.000170261 -6.70706e-05 -0.000209745 -0.000229407 -0.000191842 -0.000187805 -0.000184486   -0.0001443 -0.000186083
 -0.00230628  -0.00163341    0.0022455  -0.00640017  -0.00185485     0.020304   0.00434478  -0.00193076   0.00110972   0.00148275  -0.00126875   0.00560579   0.00106982   0.00507039   0.00321738  -0.00766536 -0.000159076 -0.000879864  -0.00134494  -0.00167208  -0.00182166  -0.00613698  -0.00171249 -0.000549541  -0.00247037  0.000262201  -0.00690562  -0.00126034   -0.0033678  -0.00133588  -0.00199572 -0.000494023  -0.00114989  -0.00193367  -0.00154901 -0.000957008 -0.000810691 -0.000432762     0.019899  -0.00124288 -0.000967628  -0.00140345 -0.000998163 -0.000513199   -0.0015559  -0.00124589  -0.00137907  -0.00127842  -0.00122083 -0.000772373  -0.00114414
-0.000938951  0.000135862   0.00172305 -0.000427385 -0.000762851    0.0133438   0.00192765 -0.000220032  0.000911047  0.000462442  3.09576e-05   0.00491181  0.000231449   0.00482707    0.0045586 -0.000261336  0.000578728  0.000377311 -0.000427828   0.00256056  -0.00028594  -0.00105262 -0.000788343  0.000364699 -0.000773864  -0.00137818 -0.000549408 -0.000312973 -0.000452316 -1.32945e-05 -0.000967557 -0.000246853  -0.00048695 -0.000978103 -0.000800577 -0.000524084 -0.000499095   -0.0002124  -0.00124288    0.0218696 -0.000496514 -0.000809977 -0.000456692 -0.000265385 -0.000698017 -0.000640469 -0.000765607 -0.000693878 -0.000779516 -0.000374569 -0.000751031
-0.000641884 -0.000901969  0.000918987  -0.00165906 -0.000563651   0.00812701 -0.000368558 -0.000600628 -0.000772295  0.000350811 -0.000425183   0.00257566  -0.00047723   0.00234149   0.00194209   -0.0015466 -0.000434701  -0.00028439 -0.000889389  0.000485146   -0.0005824  -0.00172081 -0.000693432 -0.000377161  -0.00060975 -0.000285992  -0.00176929 -0.000379726  -0.00116219 -0.000431643 -0.000741503 -0.000193212 -0.000382444 -0.000740945 -0.000613118 -0.000375337  -0.00032992 -0.000171332 -0.000967628 -0.000496514    0.0222757 -0.000528697 -0.000368197 -0.000194766   -0.0005124 -0.000490601 -0.000563294 -0.000506057 -0.000517743 -0.000298186 -0.000481414
 -0.00129094  0.000302075   0.00173204  -0.00175358 -0.000908588       0.0135   0.00391087 -0.000517934   0.00212452  0.000934642 -0.000116313   0.00459944   0.00108992   0.00460695   0.00368863  -0.00208751  0.000937058  0.000292666 -0.000137866  0.000851848 -0.000529537  -0.00221196 -0.000643787  0.000519199  -0.00134994 -0.000496568  -0.00184411  -0.00045056 -0.000874837  -0.00023652  -0.00106355 -0.000264583 -0.000563277  -0.00105595 -0.000846529 -0.000543522 -0.000502283 -0.000229036  -0.00140345 -0.000809977 -0.000528697    0.0217883 -0.000507577 -0.000280594  -0.00080302 -0.000680913 -0.000780078 -0.000722526 -0.000771112 -0.000406541 -0.000748947
-0.000739568   -0.0009193  0.000759069   -0.0023712 -0.000603311   0.00724435  0.000393262 -0.000787998 -0.000295874  0.000500486 -0.000569069   0.00202435  4.70704e-05   0.00174621   0.00110151  -0.00257209  -0.00041714 -0.000429168 -0.000688695 -0.000522666  -0.00072847  -0.00222852 -0.000587354 -0.000406217  -0.00076535  0.000215711  -0.00246177 -0.000447197  -0.00140415 -0.000594435 -0.000745324 -0.000190533 -0.000402428 -0.000731224 -0.000590737 -0.000351695 -0.000295167 -0.000170261 -0.000998163 -0.000456692 -0.000368197 -0.000507577    0.0222781 -0.000188534 -0.000532148 -0.000476941 -0.000509214 -0.000472999 -0.000447863 -0.000297757  -0.00042153
-4.83632e-05 -0.000451772  0.000454256 -0.000486961 -0.000326386   0.00473642 -0.000355971 -0.000179856 -0.000372727 -0.000344858 -0.000250889   0.00119656  0.000381715  0.000844276   0.00151741  -0.00104788 -0.000474909 -0.000480028 -0.000219614   0.00141696 -0.000233952  -0.00040053   -0.0010502 -0.000376889  0.000118745 -0.000871286  -0.00120113 -0.000247564  -0.00031394 -2.59616e-05 -0.000387856 -9.19083e-05 -0.000206451 -0.000378161 -0.000317727 -0.000251769 -0.000217584 -6.70706e-05 -0.000513199 -0.000265385 -0.000194766 -0.000280594 -0.000188534    0.0225186  -0.00029699 -0.000240971 -0.000373585 -0.000318058 -0.000325719  -0.00014142 -0.000282424
 -0.00143341 -0.000174839   0.00139922  -0.00346152  -0.00118667    0.0119215   0.00495509 -0.000865622   0.00222643  0.000826353 -0.000486264   0.00313371   0.00159094   0.00296974   0.00208265  -0.00488769  0.000628557 -0.000351047 -0.000232052 -0.000856276 -0.000858179  -0.00339856  -0.00123925  0.000111166  -0.00159793 -0.000172979  -0.00413541 -0.000749893  -0.00144224 -0.000458431   -0.0010853 -0.000252973  -0.00067586  -0.00103145  -0.00081868 -0.000552691 -0.000473996 -0.000209745   -0.0015559 -0.000698017   -0.0005124  -0.00080302 -0.000532148  -0.00029699     0.021705 -0.000649116 -0.000797359 -0.000727672 -0.000706232 -0.000395935 -0.000650558
-0.000884241  -0.00121111   0.00118357  -0.00219801 -0.000712164    0.0103833 -0.000546025 -0.000822652  -0.00110448  0.000549501 -0.000551251   0.00341088 -0.000845869   0.00315354   0.00240559   -0.0018918 -0.000522291 -0.000286997   -0.0012259  0.000358468 -0.000786575  -0.00229635  -0.00068243 -0.000466464 -0.000859005 -0.000265681  -0.00214933 -0.000465494  -0.00157788 -0.000626408 -0.000957706 -0.000253301 -0.000490332 -0.000960694 -0.000792344 -0.000466265 -0.000411227 -0.000229407  -0.00124589 -0.000640469 -0.000490601 -0.000680913 -0.000476941 -0.000240971 -0.000649116    0.0220151 -0.000694712 -0.000632825 -0.000647244 -0.000390681 -0.000610692
 -0.00021507  -0.00102293   0.00144007  8.64359e-05 -0.000882379    0.0135902 -0.000919596  -0.00013568 -0.000974391 -0.000694135 -0.000465083   0.00400383  0.000604131   0.00306954   0.00552862  0.000115962  -0.00108259 -0.000941111  -0.00074223   0.00613351 -0.000346157 -2.18906e-05   -0.0030301 -0.000791062  0.000203372   -0.0023111  -0.00182358 -0.000556224 -0.000551506  0.000178268  -0.00105141 -0.000258534 -0.000556836  -0.00104732 -0.000937785 -0.000732184 -0.000655075 -0.000191842  -0.00137907 -0.000765607 -0.000563294 -0.000780078 -0.000509214 -0.000373585 -0.000797359 -0.000694712     0.021454 -0.000960831  -0.00106029 -0.000391051 -0.000889565
   -0.000419 -0.000909803   0.00131405 -0.000858787 -0.000804337    0.0120936 -0.000409245 -0.000356428  -0.00069077 -0.000305721 -0.000450131   0.00355953  0.000376466   0.00291644   0.00413892  -0.00116785 -0.000763532 -0.000708726 -0.000742631   0.00364141 -0.000472819 -0.000943882  -0.00215881  -0.00059929 -0.000149194  -0.00162229  -0.00212212 -0.000530903 -0.000804912 -5.95307e-05 -0.000974158  -0.00024029 -0.000513014 -0.000966396 -0.000830753 -0.000613327 -0.000545065 -0.000187805  -0.00127842 -0.000693878 -0.000506057 -0.000722526 -0.000472999 -0.000318058 -0.000727672 -0.000632825 -0.000960831    0.0218516 -0.000859705 -0.000367061 -0.000748424
-0.000289135  -0.00049146   0.00166284   0.00122583 -0.000773304    0.0139752 -0.000805753  0.000181651 -0.000881493 -0.000584599 -4.42653e-05   0.00489723  -0.00018041   0.00428822    0.0062892   0.00177447 -0.000484647 -0.000224488 -0.000808298   0.00649543  -4.1034e-05  0.000666542  -0.00234809  -0.00031029  0.000203694  -0.00283508  -5.8509e-05 -0.000335715 -1.23576e-05  0.000397306 -0.000949894 -0.000239983 -0.000485527 -0.000965795 -0.000860023 -0.000654547 -0.000616011 -0.000184486  -0.00122083 -0.000779516 -0.000517743 -0.000771112 -0.000447863 -0.000325719 -0.000706232 -0.000647244  -0.00106029 -0.000859705    0.0216509 -0.000357609 -0.000874351
-0.000595648 -0.000839849  0.000654346  -0.00180202 -0.000434432   0.00591409 -0.000309254 -0.000630762  -0.00068469  0.000445812 -0.000418162   0.00184414 -0.000505076   0.00170301  0.000980078  -0.00170922 -0.000364996 -0.000232203  -0.00077684 -0.000495895 -0.000577318  -0.00178067  -0.00028678 -0.000330953  -0.00063163  0.000149823  -0.00167185 -0.000314409  -0.00116222 -0.000503994  -0.00059122 -0.000156501 -0.000303815 -0.000589693 -0.000478842 -0.000269079 -0.000230923   -0.0001443 -0.000772373 -0.000374569 -0.000298186 -0.000406541 -0.000297757  -0.00014142 -0.000395935 -0.000390681 -0.000391051 -0.000367061 -0.000357609    0.0224115 -0.000343498
-0.000491273 -0.000163008   0.00163812  0.000892964 -0.000705196    0.0131952   0.00015565  9.71457e-05 -0.000201302  -0.00019757  4.96588e-05   0.00486367 -0.000114565   0.00448367   0.00560112   0.00143639 -1.43594e-05  0.000109945 -0.000615331   0.00508686 -6.72646e-05  0.000267332   -0.0015902  1.14011e-05 -0.000102736  -0.00231122  0.000165642 -0.000265854 -5.18545e-05  0.000276363 -0.000897417 -0.000229715 -0.000448999 -0.000915586 -0.000791265 -0.000567834 -0.000542344 -0.000186083  -0.00114414 -0.000751031 -0.000481414 -0.000748947  -0.00042153 -0.000282424 -0.000650558 -0.000610692 -0.000889565 -0.000748424 -0.000874351 -0.000343498     0.021862
* row and column names
hk_i:2_j:2_zone:1.0
hk_i:12_j:12_zone:1.0
hk_i:37_j:17_zone:1.0
hk_i:22_j:12_zone:1.0
rch_i:2_j:7_zone:1.0
hk_i:37_j:7_zone:1.0
hk_i:2_j:12_zone:1.0
hk_i:27_j:17_zone:1.0
hk_i:7_j:12_zone:1.0
hk_i:17_j:2_zone:1.0
hk_i:17_j:17_zone:1.0
hk_i:32_j:2_zone:1.0
hk_i:7_j:7_zone:1.0
hk_i:37_j:12_zone:1.0
hk_i:32_j:7_zone:1.0
hk_i:27_j:12_zone:1.0
hk_i:2_j:17_zone:1.0
hk_i:12_j:17_zone:1.0
hk_i:2_j:7_zone:1.0
hk_i:27_j:7_zone:1.0
hk_i:32_j:17_zone:1.0
hk_i:22_j:7_zone:1.0
hk_i:27_j:2_zone:1.0
hk_i:7_j:17_zone:1.0
hk_i:7_j:2_zone:1.0
hk_i:22_j:2_zone:1.0
hk_i:32_j:12_zone:1.0
hk_i:12_j:2_zone:1.0
hk_i:17_j:12_zone:1.0
hk_i:22_j:17_zone:1.0
rch_i:12_j:12_zone:1.0
rch_i:37_j:12_zone:1.0
rch_i:2_j:12_zone:1.0
rch_i:17_j:12_zone:1.0
rch_i:27_j:12_zone:1.0
rch_i:32_j:7_zone:1.0
rch_i:32_j:2_zone:1.0
rch_i:37_j:17_zone:1.0
rch_i:7_j:12_zone:1.0
rch_i:17_j:2_zone:1.0
rch_i:22_j:12_zone:1.0
rch_i:12_j:2_zone:1.0
rch_i:2_j:17_zone:1.0
rch_i:37_j:7_zone:1.0
rch_i:7_j:7_zone:1.0
rch_i:32_j:12_zone:1.0
rch_i:27_j:7_zone:1.0
rch_i:22_j:7_zone:1.0
rch_i:27_j:2_zone:1.0
rch_i:22_j:17_zone:1.0
rch_i:22_j:2_zone:1.0
