    33    33     1
    0.998824 -0.000872093 -0.000956735  -0.00557468  -0.00176317  -0.00186092   0.00412679   -0.0010589   0.00215984   0.00390444  -0.00109199  -0.00153146 -2.78761e-19  -0.00122559 -0.000291117   -0.0115388  0.000241025 -0.000890161  -0.00185084  -0.00293181 -0.000745351   0.00146215 -0.000839223 -0.000138599  -0.00284651   0.00455241  -0.00699509   0.00170421  -0.00251977  -0.00133389 -2.06438e-06  -0.00337135   0.00102861
-0.000872093     0.988684  -0.00520185   -0.0165909   0.00206465  -0.00494175   -0.0133798  -0.00493228    -0.014112   0.00169044  -0.00941191  -0.00151623 -1.08246e-17  -0.00471819  -0.00677492   -0.0395375  -0.00527715  -0.00967803  -0.00739379   -0.0190188  -0.00562999   -0.0126488 -0.000404329  -0.00912797  -0.00156367  0.000512208   -0.0171978  0.000636975   -0.0112182  -0.00913342  1.12533e-06   0.00260625  -0.00103315
-0.000956735  -0.00520185     0.995873  -0.00711672  0.000188054  -0.00473997  -0.00118651  -0.00140053  -0.00348613  0.000711161  -0.00458654   -0.0037005  2.23078e-18  -0.00405509  -0.00111213  -0.00366742  -0.00270796  -0.00541011  -0.00451844   0.00180701  -0.00226711   0.00170117  -0.00373226  -0.00524365 -0.000859184  -0.00166921   -0.0060872  0.000585525  -0.00378916  -0.00420896  1.99048e-06  -0.00236501  0.000677446
 -0.00557468   -0.0165909  -0.00711672     0.938391  -0.00287096  -0.00981332  -0.00455591   -0.0135596   -0.0113272    0.0228757   -0.0161593   -0.0142263 -6.14553e-18  -0.00748428   -0.0146854    -0.146176  -0.00402571   -0.0127847   -0.0139897   -0.0668935   -0.0110271   -0.0365117  -0.00835891  -0.00877453   -0.0161845    0.0295498   -0.0685864   0.00906138   -0.0290712   -0.0180283  2.13673e-05  -0.00789304  0.000610799
 -0.00176317   0.00206465  0.000188054  -0.00287096    0.0013271 -0.000161254    0.0108986 -0.000549368   0.00765463   0.00210711   0.00035101 -0.000866058    1.353e-19  6.68775e-05 -0.000538214  -0.00848808   0.00117647   0.00115994 -0.000981971   -0.0052149 -0.000219784  -0.00162539 -0.000171044    0.0015738  -0.00295786   0.00301911  -0.00402773  0.000951908 -0.000421369 -0.000224236   2.9856e-06 -0.000682557 -0.000310078
 -0.00186092  -0.00494175  -0.00473997  -0.00981332 -0.000161254     0.993713   0.00388965  -0.00159498 -0.000160426   0.00373001  -0.00461013  -0.00528768  1.14891e-18  -0.00497611  -0.00026325  -0.00635053  -0.00208469  -0.00544277   -0.0055103   0.00349019   -0.0022523   0.00583086  -0.00496775  -0.00471245  -0.00296704   0.00163316  -0.00974874   0.00197131   -0.0045163   -0.0043782 -3.00296e-07  -0.00598535    0.0024603
  0.00412679   -0.0133798  -0.00118651  -0.00455591    0.0108986   0.00388965     0.956069  -0.00486166   -0.0341984   -0.0121689  -0.00947761   0.00864683 -1.16792e-16  0.000830338   -0.0125213   -0.0391095  -0.00829157  -0.00927333  -0.00188981   -0.0355438  -0.00609067    -0.037436   0.00857896    -0.011281   0.00872826   -0.0131882  -0.00159848  -0.00601978  -0.00945052  -0.00862135  1.06531e-05    0.0226289   -0.0074299
  -0.0010589  -0.00493228  -0.00140053   -0.0135596 -0.000549368  -0.00159498  -0.00486166     0.996095  -0.00550836   0.00501451   -0.0045314 -1.97224e-05 -3.01322e-19  -0.00134099  -0.00491831   -0.0406302  -0.00141945  -0.00350295  -0.00341118   -0.0201819  -0.00321162   -0.0110873   0.00162536  -0.00257042  -0.00355006   0.00710447   -0.0155795   0.00183513  -0.00819607  -0.00501135  2.99254e-06  0.000438481 -0.000273523
  0.00215984    -0.014112  -0.00348613   -0.0113272   0.00765463 -0.000160426   -0.0341984  -0.00550836     0.971454  -0.00696652   -0.0107675   0.00435352 -7.78325e-17  -0.00195844   -0.0112673   -0.0435254  -0.00793787   -0.0107741  -0.00490611   -0.0312368  -0.00667083   -0.0299338   0.00481337   -0.0118285   0.00479616  -0.00833506   -0.0094559  -0.00351964    -0.011489   -0.0100827  9.33856e-06    0.0155064  -0.00509845
  0.00390444   0.00169044  0.000711161    0.0228757   0.00210711   0.00373001   -0.0121689   0.00501451  -0.00696652     0.982757   0.00265853   0.00270808 -7.80316e-18   0.00176721    0.0028453    0.0633386  -0.00246553  0.000546971   0.00455391    0.0235311   0.00256489   0.00224532 -0.000813078  -0.00262185    0.0117875   -0.0231211    0.0298415  -0.00704389     0.010961   0.00415753  5.98827e-06    0.0109529  -0.00298903
 -0.00109199  -0.00941191  -0.00458654   -0.0161593   0.00035101  -0.00461013  -0.00947761   -0.0045314   -0.0107675   0.00265853     0.991809  -0.00210799  1.24918e-18  -0.00423555   -0.0059438   -0.0366604   -0.0042597  -0.00810946  -0.00644926   -0.0171526  -0.00491672   -0.0110714 -0.000974788  -0.00755457  -0.00221992   0.00201926   -0.0163685   0.00105758   -0.0101036  -0.00812282  5.14179e-06   0.00106987  -0.00075616
 -0.00153146  -0.00151623   -0.0037005   -0.0142263 -0.000866058  -0.00528768   0.00864683 -1.97224e-05   0.00435352   0.00270808  -0.00210799     0.985074 -2.59454e-18  -0.00399823   0.00177741   0.00117936 -0.000755004  -0.00279447  -0.00310206   0.00563106 -0.000582287   0.00095973   -0.0152945  -0.00256903  -0.00212559   0.00041175   -0.0123528   0.00162319 -0.000759477  -0.00196325  1.56525e-05  -0.00769554    0.0012493
-2.78761e-19 -1.08246e-17  2.23078e-18 -6.14553e-18    1.353e-19  1.14891e-18 -1.16792e-16 -3.01322e-19 -7.78325e-17 -7.80316e-18  1.24918e-18 -2.59454e-18  2.89858e-32  1.76426e-18  1.10849e-18 -7.39205e-18 -1.11757e-17 -2.78702e-19 -2.82209e-17 -2.82456e-18  1.51539e-18  -1.6324e-17 -5.19226e-18 -1.08952e-17  3.86326e-18 -1.21077e-17 -2.91831e-18 -4.38163e-18 -6.25587e-18  1.37613e-18  1.49099e-21 -7.76904e-18  1.46462e-18
 -0.00122559  -0.00471819  -0.00405509  -0.00748428  6.68775e-05  -0.00497611  0.000830338  -0.00134099  -0.00195844   0.00176721  -0.00423555  -0.00399823  1.76426e-18     0.995893 -0.000659494  -0.00413919  -0.00227269  -0.00502805  -0.00457184   0.00246811  -0.00207821   0.00329619  -0.00390619  -0.00465511  -0.00157247 -0.000360679  -0.00693765   0.00105632  -0.00374083  -0.00393021  4.77401e-07  -0.00358251    0.0012256
-0.000291117  -0.00677492  -0.00111213   -0.0146854 -0.000538214  -0.00026325   -0.0125213  -0.00491831   -0.0112673    0.0028453   -0.0059438   0.00177741  1.10849e-18 -0.000659494     0.992356   -0.0504468   -0.0026333   -0.0045534  -0.00325154   -0.0290245  -0.00426104        -0.02   0.00355302  -0.00403964  -0.00207281   0.00528336   -0.0161301  0.000691892   -0.0098877  -0.00641448  8.15367e-06   0.00548677 -0.000842767
  -0.0115388   -0.0395375  -0.00366742    -0.146176  -0.00848808  -0.00635053   -0.0391095   -0.0406302   -0.0435254    0.0633386   -0.0366604   0.00117936 -7.39205e-18  -0.00413919   -0.0504468     0.524103  -0.00560577   -0.0229035     -0.02788    -0.241605   -0.0295055    -0.129268    0.0213684   -0.0105447   -0.0438293    0.0960094    -0.179507    0.0228617   -0.0839807   -0.0436133  9.46711e-06   0.00461762  9.89992e-05
 0.000241025  -0.00527715  -0.00270796  -0.00402571   0.00117647  -0.00208469  -0.00829157  -0.00141945  -0.00793787  -0.00246553   -0.0042597 -0.000755004 -1.11757e-17  -0.00227269   -0.0026333  -0.00560577     0.996849  -0.00482284  -0.00290259  -0.00367944  -0.00228584  -0.00513559 -0.000957196  -0.00521373   0.00146024  -0.00440555  -0.00255472 -0.000995094   -0.0033276  -0.00382184  3.33278e-06   0.00286804  -0.00108827
-0.000890161  -0.00967803  -0.00541011   -0.0127847   0.00115994  -0.00544277  -0.00927333  -0.00350295   -0.0107741  0.000546971  -0.00810946  -0.00279447 -2.78702e-19  -0.00502805   -0.0045534   -0.0229035  -0.00482284     0.991133  -0.00682737  -0.00932386  -0.00454786  -0.00650492  -0.00230807  -0.00857275 -0.000859888  -0.00180512   -0.0123815  0.000359299   -0.0083515  -0.00764767  1.32118e-06  0.000833544  -0.00046753
 -0.00185084  -0.00739379  -0.00451844   -0.0139897 -0.000981971   -0.0055103  -0.00188981  -0.00341118  -0.00490611   0.00455391  -0.00644926  -0.00310206 -2.82209e-17  -0.00457184  -0.00325154     -0.02788  -0.00290259  -0.00682737      0.99341  -0.00957623  -0.00378869   -0.0023729  -0.00200492  -0.00574101  -0.00363473   0.00371339   -0.0157394   0.00206556  -0.00823182  -0.00637299 -4.52106e-06  -0.00290734  0.000875473
 -0.00293181   -0.0190188   0.00180701   -0.0668935   -0.0052149   0.00349019   -0.0355438   -0.0201819   -0.0312368    0.0235311   -0.0171526   0.00563106 -2.82456e-18   0.00246811   -0.0290245    -0.241605  -0.00367944  -0.00932386  -0.00957623     0.860089   -0.0145125   -0.0837304    0.0152685  -0.00476123   -0.0161638    0.0410403   -0.0813536   0.00740705   -0.0401524   -0.0205776  1.47614e-05    0.0156185  -0.00283945
-0.000745351  -0.00562999  -0.00226711   -0.0110271 -0.000219784   -0.0022523  -0.00609067  -0.00321162  -0.00667083   0.00256489  -0.00491672 -0.000582287  1.51539e-18  -0.00207821  -0.00426104   -0.0295055  -0.00228584  -0.00454786  -0.00378869   -0.0145125     0.996848  -0.00885532  0.000455443  -0.00400802   -0.0019811   0.00304028   -0.0119699  0.000943751  -0.00697617  -0.00503945   2.4575e-06   0.00110174 -0.000382981
  0.00146215   -0.0126488   0.00170117   -0.0365117  -0.00162539   0.00583086    -0.037436   -0.0110873   -0.0299338   0.00224532   -0.0110714   0.00095973  -1.6324e-17   0.00329619        -0.02    -0.129268  -0.00513559  -0.00650492   -0.0023729   -0.0837304  -0.00885532     0.932028   0.00486067  -0.00638008  -0.00143876    0.0102167   -0.0386622 -0.000771641    -0.020647   -0.0125112  3.70662e-05    0.0208096  -0.00661756
-0.000839223 -0.000404329  -0.00373226  -0.00835891 -0.000171044  -0.00496775   0.00857896   0.00162536   0.00481337 -0.000813078 -0.000974788   -0.0152945 -5.19226e-18  -0.00390619   0.00355302    0.0213684 -0.000957196  -0.00230807  -0.00200492    0.0152685  0.000455443   0.00486067     0.983359   -0.0027696  0.000303138  -0.00479364  -0.00463895  0.000291211   0.00266104 -0.000458012  1.67192e-05   -0.0071019   0.00046004
-0.000138599  -0.00912797  -0.00524365  -0.00877453    0.0015738  -0.00471245    -0.011281  -0.00257042   -0.0118285  -0.00262185  -0.00755457  -0.00256903 -1.08952e-17  -0.00465511  -0.00403964   -0.0105447  -0.00521373  -0.00857275  -0.00574101  -0.00476123  -0.00400802  -0.00638008   -0.0027696      0.99104   0.00134497  -0.00600141   -0.0065587 -0.000941345   -0.0061947  -0.00685976   5.2863e-06   0.00266947  -0.00116906
 -0.00284651  -0.00156367 -0.000859184   -0.0161845  -0.00295786  -0.00296704   0.00872826  -0.00355006   0.00479616    0.0117875  -0.00221992  -0.00212559  3.86326e-18  -0.00157247  -0.00207281   -0.0438293   0.00146024 -0.000859888  -0.00363473   -0.0161638   -0.0019811  -0.00143876  0.000303138   0.00134497     0.991784     0.015566   -0.0210306   0.00484956  -0.00780703  -0.00321944 -4.59015e-06  -0.00752007   0.00214719
  0.00455241  0.000512208  -0.00166921    0.0295498   0.00301911   0.00163316   -0.0131882   0.00710447  -0.00833506   -0.0231211   0.00201926   0.00041175 -1.21077e-17 -0.000360679   0.00528336    0.0960094  -0.00440555  -0.00180512   0.00371339    0.0410403   0.00304028    0.0102167  -0.00479364  -0.00600141     0.015566     0.966669     0.039792  -0.00909131    0.0147216   0.00442055  6.01751e-06    0.0111016  -0.00347795
 -0.00699509   -0.0171978   -0.0060872   -0.0685864  -0.00402773  -0.00974874  -0.00159848   -0.0155795   -0.0094559    0.0298415   -0.0163685   -0.0123528 -2.91831e-18  -0.00693765   -0.0161301    -0.179507  -0.00255472   -0.0123815   -0.0157394   -0.0813536   -0.0119699   -0.0386622  -0.00463895   -0.0065587   -0.0210306     0.039792     0.918096    0.0117787    -0.033761   -0.0188094  3.48224e-06  -0.00971891   0.00294113
  0.00170421  0.000636975  0.000585525   0.00906138  0.000951908   0.00197131  -0.00601978   0.00183513  -0.00351964  -0.00704389   0.00105758   0.00162319 -4.38163e-18   0.00105632  0.000691892    0.0228617 -0.000995094  0.000359299   0.00206556   0.00740705  0.000943751 -0.000771641  0.000291211 -0.000941345   0.00484956  -0.00909131    0.0117787     0.997058   0.00414266   0.00161427   2.9488e-06   0.00520262  -0.00143214
 -0.00251977   -0.0112182  -0.00378916   -0.0290712 -0.000421369   -0.0045163  -0.00945052  -0.00819607    -0.011489     0.010961   -0.0101036 -0.000759477 -6.25587e-18  -0.00374083   -0.0098877   -0.0839807   -0.0033276   -0.0083515  -0.00823182   -0.0401524  -0.00697617    -0.020647   0.00266104   -0.0061947  -0.00780703    0.0147216    -0.033761   0.00414266     0.982395   -0.0109697  1.94198e-06 -0.000329298 -0.000186893
 -0.00133389  -0.00913342  -0.00420896   -0.0180283 -0.000224236   -0.0043782  -0.00862135  -0.00501135   -0.0100827   0.00415753  -0.00812282  -0.00196325  1.37613e-18  -0.00393021  -0.00641448   -0.0436133  -0.00382184  -0.00764767  -0.00637299   -0.0205776  -0.00503945   -0.0125112 -0.000458012  -0.00685976  -0.00321944   0.00442055   -0.0188094   0.00161427   -0.0109697     0.991731  6.07165e-06   0.00063364 -0.000577021
-2.06438e-06  1.12533e-06  1.99048e-06  2.13673e-05   2.9856e-06 -3.00296e-07  1.06531e-05  2.99254e-06  9.33856e-06  5.98827e-06  5.14179e-06  1.56525e-05  1.49099e-21  4.77401e-07  8.15367e-06  9.46711e-06  3.33278e-06  1.32118e-06 -4.52106e-06  1.47614e-05   2.4575e-06  3.70662e-05  1.67192e-05   5.2863e-06 -4.59015e-06  6.01751e-06  3.48224e-06   2.9488e-06  1.94198e-06  6.07165e-06  8.02265e-08 -7.71775e-06 -3.95576e-06
 -0.00337135   0.00260625  -0.00236501  -0.00789304 -0.000682557  -0.00598535    0.0226289  0.000438481    0.0155064    0.0109529   0.00106987  -0.00769554 -7.76904e-18  -0.00358251   0.00548677   0.00461762   0.00286804  0.000833544  -0.00290734    0.0156185   0.00110174    0.0208096   -0.0071019   0.00266947  -0.00752007    0.0111016  -0.00971891   0.00520262 -0.000329298   0.00063364 -7.71775e-06   0.00493264 -0.000402841
  0.00102861  -0.00103315  0.000677446  0.000610799 -0.000310078    0.0024603   -0.0074299 -0.000273523  -0.00509845  -0.00298903  -0.00075616    0.0012493  1.46462e-18    0.0012256 -0.000842767  9.89992e-05  -0.00108827  -0.00046753  0.000875473  -0.00283945 -0.000382981  -0.00661756   0.00046004  -0.00116906   0.00214719  -0.00347795   0.00294113  -0.00143214 -0.000186893 -0.000577021 -3.95576e-06 -0.000402841  0.000392598
* row and column names
hk_i:2_j:2_zone:1.0
hk_i:12_j:12_zone:1.0
hk_i:37_j:17_zone:1.0
hk_i:22_j:12_zone:1.0
rch_i:2_j:7_zone:1.0
hk_i:37_j:7_zone:1.0
hk_i:2_j:12_zone:1.0
hk_i:27_j:17_zone:1.0
hk_i:7_j:12_zone:1.0
hk_i:17_j:2_zone:1.0
hk_i:17_j:17_zone:1.0
hk_i:32_j:2_zone:1.0
hk_i:7_j:7_zone:1.0
hk_i:37_j:12_zone:1.0
hk_i:32_j:7_zone:1.0
hk_i:27_j:12_zone:1.0
hk_i:2_j:17_zone:1.0
hk_i:12_j:17_zone:1.0
hk_i:2_j:7_zone:1.0
hk_i:27_j:7_zone:1.0
hk_i:32_j:17_zone:1.0
hk_i:22_j:7_zone:1.0
hk_i:27_j:2_zone:1.0
hk_i:7_j:17_zone:1.0
hk_i:7_j:2_zone:1.0
hk_i:22_j:2_zone:1.0
hk_i:32_j:12_zone:1.0
hk_i:12_j:2_zone:1.0
hk_i:17_j:12_zone:1.0
hk_i:22_j:17_zone:1.0
rch_i:32_j:2_zone:1.0
rch_i:27_j:7_zone:1.0
rch_i:22_j:7_zone:1.0
