    33    33     1
    0.999303  -0.00105205 -0.000795459  -0.00496767  -0.00157908  -0.00122604   0.00187103  -0.00115129  0.000435125   0.00247876  -0.00132471  -0.00096036  4.62618e-19 -0.000866561   -0.0010154   -0.0109025 -0.000115951 -0.000968497  -0.00117352 -0.000578608 -0.000913843  -0.00133583 -0.000442898  -0.00059966  -0.00182302   0.00303063  -0.00537818   0.00104073  -0.00237555  -0.00157546 -2.97074e-06  -0.00150693  0.000754843
 -0.00105205     0.979774  -0.00838097  -0.00829759   0.00204153  -0.00743585   -0.0258011  -0.00639568   -0.0258549  -0.00143167   -0.0146467    0.0107031 -6.41086e-18  -0.00759513  -0.00909385   -0.0457395  -0.00950416   -0.0174477   -0.0140291    -0.018883  -0.00891009  -0.00506965    0.0121428   -0.0158836 -0.000309905  -0.00553931   -0.0152113 -0.000543503   -0.0164303   -0.0132241 -1.26542e-05   0.00835439  -0.00135023
-0.000795459  -0.00838097     0.994938  -0.00383517  0.000281531  -0.00523744  -0.00662963  -0.00162187  -0.00826432  -0.00137941  -0.00619822 -8.93653e-05  4.15562e-18   -0.0048398  -0.00179519  -0.00495705  -0.00431341  -0.00815715  -0.00674051    0.0012127  -0.00329811    0.0031984  -0.00014161  -0.00768361  0.000227896  -0.00505874  -0.00543988  -0.00024549  -0.00510073  -0.00529774 -5.04934e-06    0.0007299  0.000515091
 -0.00496767  -0.00829759  -0.00383517     0.927015  -0.00267371   -0.0070469    0.0050444  -0.00871573 -0.000301938    0.0204646  -0.00866945   -0.0409036 -8.87205e-18   -0.0047267   -0.0082703    -0.131219 -0.000476068  -0.00597458  -0.00947358   -0.0861709  -0.00610582   -0.0482647   -0.0364432  -0.00238232   -0.0142205    0.0266428   -0.0797884   0.00827565   -0.0190573   -0.0102666  2.08471e-05   -0.0107783   0.00112779
 -0.00157908   0.00204153  0.000281531  -0.00267371   0.00104265  9.68555e-05    0.0103011  -0.00104399   0.00693293   0.00232872 -1.19332e-05  0.000906022 -9.46685e-20  0.000268793  -0.00136673   -0.0103248   0.00116276    0.0012521 -0.000346889 -0.000354868 -0.000518818  -0.00262917   0.00167904   0.00146549  -0.00296695   0.00369426  -0.00282765  0.000968201  -0.00103572 -0.000783957  1.44821e-07 -0.000295378 -0.000188683
 -0.00122604  -0.00743585  -0.00523744   -0.0070469  9.68555e-05     0.994021  -0.00255179  -0.00151877  -0.00536253  0.000255666  -0.00577817   -0.0034343  3.56321e-18  -0.00518844  -0.00109403  -0.00557261  -0.00366081  -0.00756208  -0.00661888    0.0032579  -0.00299272   0.00375958  -0.00340856  -0.00695176 -0.000844861  -0.00319353   -0.0083718  0.000514173  -0.00483316   -0.0050461 -6.68732e-06  -0.00159843   0.00206834
  0.00187103   -0.0258011  -0.00662963    0.0050444    0.0103011  -0.00255179     0.946478  -0.00614328   -0.0443636   -0.0114907   -0.0159594    0.0224837 -1.10239e-16  -0.00504698   -0.0122799   -0.0478613   -0.0132027   -0.0204825   -0.0148986    -0.052212  -0.00990345    -0.014392    0.0234567    -0.019392    0.0067263   -0.0169241   -0.0056693  -0.00522263   -0.0170341   -0.0131629 -1.25347e-06    0.0231846  -0.00718738
 -0.00115129  -0.00639568  -0.00162187  -0.00871573  -0.00104399  -0.00151877  -0.00614328     0.993515  -0.00811722   0.00754261  -0.00686875    0.0134505 -9.76924e-19  -0.00128174  -0.00841089   -0.0507263  -0.00170407  -0.00436039  -0.00299924  -0.00149925  -0.00509374  -0.00795047    0.0159502   -0.0034987  -0.00514657    0.0115183   -0.0093565   0.00263943   -0.0124826  -0.00807615 -2.76328e-06   0.00131557  4.46866e-05
 0.000435125   -0.0258549  -0.00826432 -0.000301938   0.00693293  -0.00536253   -0.0443636  -0.00811722     0.960189  -0.00582242   -0.0178505    0.0238561 -7.27597e-17  -0.00683512   -0.0134314   -0.0569434   -0.0125611   -0.0210877   -0.0155672   -0.0323254   -0.0111669   -0.0101421    0.0255895   -0.0196964   0.00276689   -0.0100614  -0.00911102  -0.00276885   -0.0203887    -0.015896 -6.74546e-06     0.017668  -0.00468853
  0.00247876  -0.00143167  -0.00137941    0.0204646   0.00232872  0.000255666   -0.0114907   0.00754261  -0.00582242     0.982158   0.00306871  -0.00764337 -6.51539e-18  -0.00108863   0.00789542    0.0696371  -0.00357716  -0.00288376  -0.00202226  -0.00583347   0.00337476    0.0117562   -0.0114515  -0.00414681    0.0113796   -0.0274529    0.0186196  -0.00671227    0.0125329    0.0061808  5.87739e-06   0.00779963  -0.00263342
 -0.00132471   -0.0146467  -0.00619822  -0.00866945 -1.19332e-05  -0.00577817   -0.0159594  -0.00686875   -0.0178505   0.00306871     0.987896    0.0128708  2.66936e-18  -0.00556732  -0.00914983   -0.0466922  -0.00637139   -0.0123813  -0.00954502   -0.0050623  -0.00767855  -0.00454367    0.0147816   -0.0112393  -0.00286144   0.00229754   -0.0116515   0.00113428   -0.0154324   -0.0119396 -6.67741e-06   0.00424067 -0.000587778
 -0.00096036    0.0107031 -8.93653e-05   -0.0409036  0.000906022   -0.0034343    0.0224837    0.0134505    0.0238561  -0.00764337    0.0128708     0.914439 -3.05631e-18  -0.00197047    0.0202542    0.0486811   0.00351639   0.00600633  -0.00131753   -0.0780761    0.0104168   -0.0181882   -0.0900305   0.00651856   0.00466828   -0.0170732   -0.0454483  -0.00156928    0.0229834    0.0159125  3.17787e-05    -0.013934  0.000936218
 4.62618e-19 -6.41086e-18  4.15562e-18 -8.87205e-18 -9.46685e-20  3.56321e-18 -1.10239e-16 -9.76924e-19 -7.27597e-17 -6.51539e-18  2.66936e-18 -3.05631e-18  2.59777e-32  3.96803e-18 -5.70219e-19 -1.01785e-17 -9.07391e-18  3.65474e-18 -2.24263e-17  9.76285e-18  2.09311e-18 -2.43767e-17 -5.55633e-18 -7.83489e-18  3.63326e-18 -8.11776e-18 -8.24689e-20 -4.11887e-18 -5.17744e-18   1.7164e-18  1.02971e-22 -7.52609e-18  1.61233e-18
-0.000866561  -0.00759513   -0.0048398   -0.0047267  0.000268793  -0.00518844  -0.00504698  -0.00128174  -0.00683512  -0.00108863  -0.00556732  -0.00197047  3.96803e-18     0.995299  -0.00119076  -0.00386498  -0.00389317  -0.00753185  -0.00642259  0.000619509  -0.00289158   0.00315915   -0.0020715   -0.0070244  6.08734e-05  -0.00469788  -0.00637951 -9.54052e-05  -0.00440017  -0.00469011 -5.68204e-06  -6.2168e-06  0.000919946
  -0.0010154  -0.00909385  -0.00179519   -0.0082703  -0.00136673  -0.00109403   -0.0122799  -0.00841089   -0.0134314   0.00789542  -0.00914983    0.0202542 -5.70219e-19  -0.00119076     0.988353   -0.0654265  -0.00282784  -0.00609071  -0.00392681  -0.00646109  -0.00681385   -0.0117217    0.0234399  -0.00512881  -0.00544689    0.0128633  -0.00950883   0.00254816   -0.0162386   -0.0105312  2.03914e-07   0.00472949 -1.06932e-05
  -0.0109025   -0.0457395  -0.00495705    -0.131219   -0.0103248  -0.00557261   -0.0478613   -0.0507263   -0.0569434    0.0696371   -0.0466922    0.0486811 -1.01785e-17  -0.00386498   -0.0654265     0.486947  -0.00781988    -0.026887   -0.0249269    -0.163651   -0.0372366    -0.126739    0.0715077   -0.0159287   -0.0475376     0.108715    -0.155424    0.0244586   -0.0999617   -0.0564586 -1.53169e-05    0.0110361    0.0011472
-0.000115951  -0.00950416  -0.00431341 -0.000476068   0.00116276  -0.00366081   -0.0132027  -0.00170407   -0.0125611  -0.00357716  -0.00637139   0.00351639 -9.07391e-18  -0.00389317  -0.00282784  -0.00781988     0.994983  -0.00858462   -0.0067726   -0.0077958  -0.00356073  0.000211924   0.00348199   -0.0081692    0.0017194  -0.00719871  -0.00332817  -0.00132259  -0.00543116  -0.00522378 -3.25008e-06   0.00467671  -0.00110713
-0.000968497   -0.0174477  -0.00815715  -0.00597458    0.0012521  -0.00756208   -0.0204825  -0.00436039   -0.0210877  -0.00288376   -0.0123813   0.00600633  3.65474e-18  -0.00753185  -0.00609071    -0.026887  -0.00858462     0.984308   -0.0127726    -0.011709  -0.00718017 -0.000545182   0.00662763   -0.0144883  0.000671714  -0.00819334   -0.0115787 -0.000928016   -0.0122531   -0.0107605 -1.13246e-05    0.0061818 -0.000773404
 -0.00117352   -0.0140291  -0.00674051  -0.00947358 -0.000346889  -0.00661888   -0.0148986  -0.00299924   -0.0155672  -0.00202226  -0.00954502  -0.00131753 -2.24263e-17  -0.00642259  -0.00392681   -0.0249269   -0.0067726   -0.0127726     0.988729   -0.0188561  -0.00546855  -0.00268228 -0.000816049   -0.0114193  0.000127296  -0.00672531   -0.0156985 -0.000515769  -0.00936566  -0.00803921 -1.29132e-05   0.00416855 -7.11637e-05
-0.000578608    -0.018883    0.0012127   -0.0861709 -0.000354868    0.0032579    -0.052212  -0.00149925   -0.0323254  -0.00583347   -0.0050623   -0.0780761  9.76285e-18  0.000619509  -0.00646109    -0.163651   -0.0077958    -0.011709   -0.0188561     0.705288   -0.0037248    -0.104995   -0.0752418  -0.00645176   0.00200036  -0.00676873     -0.11717  -0.00305511   -0.0117441  -0.00112065  4.48249e-05    0.0232358  -0.00784397
-0.000913843  -0.00891009  -0.00329811  -0.00610582 -0.000518818  -0.00299272  -0.00990345  -0.00509374   -0.0111669   0.00337476  -0.00767855    0.0104168  2.09311e-18  -0.00289158  -0.00681385   -0.0372366  -0.00356073  -0.00718017  -0.00546855   -0.0037248     0.994875  -0.00460853    0.0120628  -0.00634452  -0.00270558   0.00414396  -0.00815418    0.0011813    -0.010913  -0.00790661 -4.92954e-06   0.00293036 -0.000206443
 -0.00133583  -0.00506965    0.0031984   -0.0482647  -0.00262917   0.00375958    -0.014392  -0.00795047   -0.0101421    0.0117562  -0.00454367   -0.0181882 -2.43767e-17   0.00315915   -0.0117217    -0.126739  0.000211924 -0.000545182  -0.00268228    -0.104995  -0.00460853      0.94272   -0.0137936   0.00170255  -0.00781157    0.0212016   -0.0556144   0.00369721   -0.0157117  -0.00619008  4.00831e-05   0.00555074  -0.00399442
-0.000442898    0.0121428  -0.00014161   -0.0364432   0.00167904  -0.00340856    0.0234567    0.0159502    0.0255895   -0.0114515    0.0147816   -0.0900305 -5.55633e-18   -0.0020715    0.0234399    0.0715077   0.00348199   0.00662763 -0.000816049   -0.0752418    0.0120628   -0.0137936     0.904342   0.00670106   0.00720137   -0.0231872   -0.0404031  -0.00290952    0.0276066    0.0184701  3.38421e-05   -0.0141913  0.000164094
 -0.00059966   -0.0158836  -0.00768361  -0.00238232   0.00146549  -0.00695176    -0.019392   -0.0034987   -0.0196964  -0.00414681   -0.0112393   0.00651856 -7.83489e-18   -0.0070244  -0.00512881   -0.0159287   -0.0081692   -0.0144883   -0.0114193  -0.00645176  -0.00634452   0.00170255   0.00670106      0.98628   0.00164923  -0.00975888  -0.00642507  -0.00142915   -0.0101659  -0.00960065 -6.94589e-06   0.00604493  -0.00112455
 -0.00182302 -0.000309905  0.000227896   -0.0142205  -0.00296695 -0.000844861    0.0067263  -0.00514657   0.00276689    0.0113796  -0.00286144   0.00466828  3.63326e-18  6.08734e-05  -0.00544689   -0.0475376    0.0017194  0.000671714  0.000127296   0.00200036  -0.00270558  -0.00781157   0.00720137   0.00164923      0.99252    0.0171231   -0.0137742   0.00432017  -0.00894976  -0.00474452 -5.57644e-06  -0.00464334    0.0018213
  0.00303063  -0.00553931  -0.00505874    0.0266428   0.00369426  -0.00319353   -0.0169241    0.0115183   -0.0100614   -0.0274529   0.00229754   -0.0170732 -8.11776e-18  -0.00469788    0.0128633     0.108715  -0.00719871  -0.00819334  -0.00672531  -0.00676873   0.00414396    0.0212016   -0.0231872  -0.00975888    0.0171231     0.955335      0.02294  -0.00999543    0.0179437   0.00761524  3.19651e-06   0.00967244  -0.00345922
 -0.00537818   -0.0152113  -0.00543988   -0.0797884  -0.00282765   -0.0083718   -0.0056693   -0.0093565  -0.00911102    0.0186196   -0.0116515   -0.0454483 -8.24689e-20  -0.00637951  -0.00950883    -0.155424  -0.00332817   -0.0115787   -0.0156985     -0.11717  -0.00815418   -0.0556144   -0.0404031  -0.00642507   -0.0137742      0.02294     0.904402   0.00758269   -0.0229463   -0.0120968  1.95244e-06  -0.00538463   0.00209385
  0.00104073 -0.000543503  -0.00024549   0.00827565  0.000968201  0.000514173  -0.00522263   0.00263943  -0.00276885  -0.00671227   0.00113428  -0.00156928 -4.11887e-18 -9.54052e-05   0.00254816    0.0244586  -0.00132259 -0.000928016 -0.000515769  -0.00305511    0.0011813   0.00369721  -0.00290952  -0.00142915   0.00432017  -0.00999543   0.00758269     0.997414   0.00443073   0.00224377  2.98026e-06   0.00355109  -0.00121359
 -0.00237555   -0.0164303  -0.00510073   -0.0190573  -0.00103572  -0.00483316   -0.0170341   -0.0124826   -0.0203887    0.0125329   -0.0154324    0.0229834 -5.17744e-18  -0.00440017   -0.0162386   -0.0999617  -0.00543116   -0.0122531  -0.00936566   -0.0117441    -0.010913   -0.0157117    0.0276066   -0.0101659  -0.00894976    0.0179437   -0.0229463   0.00443073     0.974576   -0.0169767  -1.0715e-05   0.00411383 -7.96797e-05
 -0.00157546   -0.0132241  -0.00529774   -0.0102666 -0.000783957   -0.0050461   -0.0131629  -0.00807615    -0.015896    0.0061808   -0.0119396    0.0159125   1.7164e-18  -0.00469011   -0.0105312   -0.0564586  -0.00522378   -0.0107605  -0.00803921  -0.00112065  -0.00790661  -0.00619008    0.0184701  -0.00960065  -0.00474452   0.00761524   -0.0120968   0.00224377   -0.0169767     0.987505 -5.47932e-06   0.00302155 -0.000203546
-2.97074e-06 -1.26542e-05 -5.04934e-06  2.08471e-05  1.44821e-07 -6.68732e-06 -1.25347e-06 -2.76328e-06 -6.74546e-06  5.87739e-06 -6.67741e-06  3.17787e-05  1.02971e-22 -5.68204e-06  2.03914e-07 -1.53169e-05 -3.25008e-06 -1.13246e-05 -1.29132e-05  4.48249e-05 -4.92954e-06  4.00831e-05  3.38421e-05 -6.94589e-06 -5.57644e-06  3.19651e-06  1.95244e-06  2.98026e-06  -1.0715e-05 -5.47932e-06   2.7915e-08 -2.64172e-06 -1.46644e-06
 -0.00150693   0.00835439    0.0007299   -0.0107783 -0.000295378  -0.00159843    0.0231846   0.00131557     0.017668   0.00779963   0.00424067    -0.013934 -7.52609e-18  -6.2168e-06   0.00472949    0.0110361   0.00467671    0.0061818   0.00416855    0.0232358   0.00293036   0.00555074   -0.0141913   0.00604493  -0.00464334   0.00967244  -0.00538463   0.00355109   0.00411383   0.00302155 -2.64172e-06   0.00799979  -0.00141789
 0.000754843  -0.00135023  0.000515091   0.00112779 -0.000188683   0.00206834  -0.00718738  4.46866e-05  -0.00468853  -0.00263342 -0.000587778  0.000936218  1.61233e-18  0.000919946 -1.06932e-05    0.0011472  -0.00110713 -0.000773404 -7.11637e-05  -0.00784397 -0.000206443  -0.00399442  0.000164094  -0.00112455    0.0018213  -0.00345922   0.00209385  -0.00121359 -7.96797e-05 -0.000203546 -1.46644e-06  -0.00141789  0.000448626
* row and column names
hk_i:2_j:2_zone:1.0
hk_i:12_j:12_zone:1.0
hk_i:37_j:17_zone:1.0
hk_i:22_j:12_zone:1.0
rch_i:2_j:7_zone:1.0
hk_i:37_j:7_zone:1.0
hk_i:2_j:12_zone:1.0
hk_i:27_j:17_zone:1.0
hk_i:7_j:12_zone:1.0
hk_i:17_j:2_zone:1.0
hk_i:17_j:17_zone:1.0
hk_i:32_j:2_zone:1.0
hk_i:7_j:7_zone:1.0
hk_i:37_j:12_zone:1.0
hk_i:32_j:7_zone:1.0
hk_i:27_j:12_zone:1.0
hk_i:2_j:17_zone:1.0
hk_i:12_j:17_zone:1.0
hk_i:2_j:7_zone:1.0
hk_i:27_j:7_zone:1.0
hk_i:32_j:17_zone:1.0
hk_i:22_j:7_zone:1.0
hk_i:27_j:2_zone:1.0
hk_i:7_j:17_zone:1.0
hk_i:7_j:2_zone:1.0
hk_i:22_j:2_zone:1.0
hk_i:32_j:12_zone:1.0
hk_i:12_j:2_zone:1.0
hk_i:17_j:12_zone:1.0
hk_i:22_j:17_zone:1.0
rch_i:32_j:2_zone:1.0
rch_i:27_j:7_zone:1.0
rch_i:22_j:7_zone:1.0
