    34    34     1
    0.904167   -0.0244861   -0.0450092    -0.020481  -0.00287235   -0.0460548    0.0618037   -0.0444903    0.0370344   -0.0345466   -0.0349531   -0.0472594 -3.08166e-16   -0.0501258   -0.0432012    0.0170835   -0.0226776   -0.0168165    -0.094781    0.0790759   -0.0367809  -0.00421463   -0.0228722   -0.0284088   -0.0913369  -0.00766362    0.0031168   -0.0449495   -0.0456246   -0.0373919  -0.00701955   0.00142478   0.00244543   0.00109418
  -0.0244861     0.938405    -0.042979   -0.0208914 -0.000556663   -0.0411575   -0.0575843   -0.0395195   -0.0818002   -0.0464901   -0.0382393   -0.0482223   1.1159e-16   -0.0423532   -0.0355116   -0.0230658   -0.0386508   -0.0436751   -0.0134565    0.0051925   -0.0424756   -0.0572463   -0.0651717   -0.0616337    -0.028144   -0.0617756   -0.0353982    -0.045561   -0.0489166    -0.037493  -0.00315673   0.00170842  0.000528982 -0.000966285
  -0.0450092    -0.042979     0.956151     -0.01703  0.000782846   -0.0460213   -0.0015928   -0.0378412   -0.0260705   -0.0414373   -0.0353762   -0.0469934  2.17313e-16   -0.0451307   -0.0343628    0.0125132   -0.0320373   -0.0337315   -0.0361125    0.0436813   -0.0378913   -0.0234931    -0.048463   -0.0460582    -0.045349   -0.0491593   -0.0143812   -0.0431076   -0.0408949   -0.0355424  -0.00616999   0.00120573   -0.0033188   0.00345074
   -0.020481   -0.0208914     -0.01703      0.92284   -0.0020395   -0.0217415    0.0109195   -0.0310231  0.000612221    0.0176051   -0.0271355   -0.0181457 -1.90108e-16   -0.0176658   -0.0295115    -0.155009   -0.0112297   -0.0167801   -0.0242402    -0.086914   -0.0229963   -0.0492549 -0.000190787   -0.0145387   -0.0340379    0.0197584   -0.0659643  -0.00276437    -0.040534   -0.0333084  -0.00765153 -0.000323647  -0.00933515   0.00610546
 -0.00287235 -0.000556663  0.000782846   -0.0020395    0.0008426  0.000732188    0.0076672 -0.000780957   0.00361732   0.00292431  0.000623561 -0.000389385  1.79538e-17  0.000636908 -0.000135972  -0.00636943    0.0022628   0.00310077   -0.0049487   -0.0046369  0.000410254   -0.0049347  0.000113542 -0.000945416  -0.00408529 -9.97824e-05   0.00046188  0.000914444  -0.00348539 -0.000219791 -7.35887e-05  8.20818e-05 -6.33311e-05  -0.00042703
  -0.0460548   -0.0411575   -0.0460213   -0.0217415  0.000732188     0.946671    0.0120802   -0.0391574   -0.0154045   -0.0413137   -0.0362807   -0.0498131  1.60108e-16   -0.0476346   -0.0387405    0.0104272   -0.0321112   -0.0340552   -0.0357919    0.0430619    -0.038869   -0.0234651   -0.0502295   -0.0452982   -0.0476068   -0.0533548   -0.0167934    -0.043874   -0.0436968   -0.0369573  -0.00718468   0.00125283  -0.00483986   0.00627455
   0.0618037   -0.0575843   -0.0015928    0.0109195    0.0076672    0.0120802     0.821542  -0.00184038    -0.175903   -0.0299931  -0.00785354   -0.0068889 -1.84561e-15   0.00431118   0.00115907   -0.0464427    -0.024411   -0.0337503    0.0727081   -0.0738639   -0.0139776   -0.0830081   -0.0587672   -0.0508415    0.0571998   -0.0555422   -0.0434899    -0.014772   -0.0150947  -0.00265791   0.00958789   0.00163826     0.012652   -0.0118335
  -0.0444903   -0.0395195   -0.0378412   -0.0310231 -0.000780957   -0.0391574  -0.00184038     0.961974   -0.0231851   -0.0290755   -0.0340244   -0.0410822  1.26802e-16   -0.0392555   -0.0356158   -0.0319982   -0.0273541   -0.0291206   -0.0393944    0.0119709   -0.0356007   -0.0351398   -0.0377287   -0.0399551   -0.0474858   -0.0294142   -0.0274765   -0.0356349   -0.0440128   -0.0356437  -0.00560509   0.00111317  -0.00180735   0.00189341
   0.0370344   -0.0818002   -0.0260705  0.000612221   0.00361732   -0.0154045    -0.175903   -0.0231851     0.810763   -0.0533845     -0.02715   -0.0339409 -7.34642e-16   -0.0209639   -0.0197671   -0.0425379     -0.04179   -0.0519763    0.0531183   -0.0519253   -0.0352607   -0.0999204   -0.0878616   -0.0771434    0.0314366   -0.0848179   -0.0528971   -0.0393313   -0.0402951   -0.0222343   0.00646811   0.00244843    0.0112362  -0.00995339
  -0.0345466   -0.0464901   -0.0414373    0.0176051   0.00292431   -0.0413137   -0.0299931   -0.0290755   -0.0533845     0.939978   -0.0278152   -0.0462142  6.34946e-17    -0.042039   -0.0283117    0.0744758   -0.0337166   -0.0337666   -0.0212135    0.0755071   -0.0342451   -0.0210974   -0.0642187   -0.0521574   -0.0295128   -0.0717912   0.00644273   -0.0504888   -0.0323444   -0.0245299  -0.00127636   0.00203133   0.00467257   -0.0021042
  -0.0349531   -0.0382393   -0.0353762   -0.0271355  0.000623561   -0.0362807  -0.00785354   -0.0340244     -0.02715   -0.0278152     0.968238   -0.0379145  1.16357e-16   -0.0361628   -0.0302781   -0.0237947   -0.0267391   -0.0294155   -0.0291656    0.0117131   -0.0328889   -0.0300563   -0.0372021   -0.0387442   -0.0378866   -0.0331614   -0.0251055   -0.0325442   -0.0382012   -0.0328769  -0.00567231  0.000848543  -0.00381896   0.00256585
  -0.0472594   -0.0482223   -0.0469934   -0.0181457 -0.000389385   -0.0498131   -0.0068889   -0.0410822   -0.0339409   -0.0462142   -0.0379145     0.948681  2.59837e-16   -0.0483227   -0.0390877    0.0086566   -0.0348871   -0.0366438   -0.0373653    0.0413399   -0.0413806   -0.0324231   -0.0554303   -0.0514926   -0.0479824   -0.0551356   -0.0181522   -0.0475566   -0.0464323   -0.0380132  -0.00574167   0.00156553  -0.00138682   0.00274425
-3.08166e-16   1.1159e-16  2.17313e-16 -1.90108e-16  1.79538e-17  1.60108e-16 -1.84561e-15  1.26802e-16 -7.34642e-16  6.34946e-17  1.16357e-16  2.59837e-16  9.73857e-30  1.79648e-16  5.60386e-17 -1.49089e-16 -1.21584e-16  2.30088e-16 -1.30194e-15  -2.8602e-17  2.34554e-16  1.40565e-16  5.68763e-16  1.49547e-16 -8.59146e-17  1.91865e-16   2.2307e-16  1.29025e-16  4.29706e-17  1.19582e-16 -4.73063e-17 -1.55623e-17  -5.5526e-17  2.82107e-17
  -0.0501258   -0.0423532   -0.0451307   -0.0176658  0.000636908   -0.0476346   0.00431118   -0.0392555   -0.0209639    -0.042039   -0.0361628   -0.0483227  1.79648e-16     0.953227   -0.0361213    0.0138255   -0.0320622   -0.0331992   -0.0414888    0.0479741   -0.0387189   -0.0222976   -0.0477935   -0.0456843   -0.0501034   -0.0474872   -0.0132316   -0.0443901   -0.0422727   -0.0365149  -0.00638986   0.00126433  -0.00288181   0.00377592
  -0.0432012   -0.0355116   -0.0343628   -0.0295115 -0.000135972   -0.0387405   0.00115907   -0.0356158   -0.0197671   -0.0283117   -0.0302781   -0.0390877  5.60386e-17   -0.0361213     0.961177   -0.0374219   -0.0242281    -0.025002   -0.0380958    0.0034451     -0.03303   -0.0419968    -0.037387   -0.0363611    -0.046311   -0.0272976   -0.0287776   -0.0343906   -0.0448101    -0.031959  -0.00369136   0.00156652   0.00317054   0.00184258
   0.0170835   -0.0230658    0.0125132    -0.155009  -0.00636943    0.0104272   -0.0464427   -0.0319982   -0.0425379    0.0744758   -0.0237947    0.0086566 -1.49089e-16    0.0138255   -0.0374219     0.584752   0.00355439  -0.00841842 -8.59302e-05    -0.294267   -0.0164023    -0.141642    0.0308648  -0.00125122   -0.0154799    0.0927397    -0.159325    0.0337598   -0.0624747   -0.0362383  -0.00237046 -0.000385483  0.000230661    0.0038267
  -0.0226776   -0.0386508   -0.0320373   -0.0112297    0.0022628   -0.0321112    -0.024411   -0.0273541     -0.04179   -0.0337166   -0.0267391   -0.0348871 -1.21584e-16   -0.0320622   -0.0242281   0.00355439     0.973366   -0.0294167   -0.0145902    0.0211972   -0.0291989   -0.0271295   -0.0431294   -0.0400979   -0.0237606   -0.0444541   -0.0164265   -0.0327524   -0.0309505   -0.0261613   -0.0035373   0.00101424  -0.00175678  0.000961987
  -0.0168165   -0.0436751   -0.0337315   -0.0167801   0.00310077   -0.0340552   -0.0337503   -0.0291206   -0.0519763   -0.0337666   -0.0294155   -0.0366438  2.30088e-16   -0.0331992    -0.025002  -0.00841842   -0.0294167     0.966095  -0.00771402    0.0103687   -0.0315771    -0.033193   -0.0472968   -0.0444484   -0.0196409   -0.0494999   -0.0241522     -0.03305   -0.0334081   -0.0289367  -0.00413127  0.000923214  -0.00366391   0.00217488
   -0.094781   -0.0134565   -0.0361125   -0.0242402   -0.0049487   -0.0357919    0.0727081   -0.0393944    0.0531183   -0.0212135   -0.0291656   -0.0373653 -1.30194e-15   -0.0414888   -0.0380958 -8.59302e-05   -0.0145902  -0.00771402     0.901899    0.0649472   -0.0296373  0.000293011  -0.00655457   -0.0160832   -0.0906981    0.0128836   0.00338216   -0.0346448   -0.0396484    -0.032553    -0.006581   0.00107544   0.00292798  0.000146063
   0.0790759    0.0051925    0.0436813    -0.086914   -0.0046369    0.0430619   -0.0738639    0.0119709   -0.0519253    0.0755071    0.0117131    0.0413399  -2.8602e-17    0.0479741    0.0034451    -0.294267    0.0211972    0.0103687    0.0649472      0.73125    0.0173402   -0.0992698    0.0381003    0.0220459    0.0546719    0.0687116    -0.108745    0.0560776  -0.00864874   0.00493025   0.00491939 -0.000835071   0.00431208  0.000668649
  -0.0367809   -0.0424756   -0.0378913   -0.0229963  0.000410254    -0.038869   -0.0139776   -0.0356007   -0.0352607   -0.0342451   -0.0328889   -0.0413806  2.34554e-16   -0.0387189     -0.03303   -0.0164023   -0.0291989   -0.0315771   -0.0296373    0.0173402     0.964764   -0.0348917   -0.0441979   -0.0435213   -0.0390563   -0.0399738   -0.0241793   -0.0373229   -0.0412354   -0.0334792  -0.00476567   0.00121147  -0.00138191    0.0016462
 -0.00421463   -0.0572463   -0.0234931   -0.0492549   -0.0049347   -0.0234651   -0.0830081   -0.0351398   -0.0999204   -0.0210974   -0.0300563   -0.0324231  1.40565e-16   -0.0222976   -0.0419968    -0.141642   -0.0271295    -0.033193  0.000293011   -0.0992698   -0.0348917     0.890358   -0.0520187   -0.0512318   -0.0160011   -0.0285205   -0.0762393   -0.0274629   -0.0586001   -0.0319107   0.00238055   0.00240049    0.0123872  -0.00555364
  -0.0228722   -0.0651717    -0.048463 -0.000190787  0.000113542   -0.0502295   -0.0587672   -0.0377287   -0.0878616   -0.0642187   -0.0372021   -0.0554303  5.68763e-16   -0.0477935    -0.037387    0.0308648   -0.0431294   -0.0472968  -0.00655457    0.0381003   -0.0441979   -0.0520187     0.917393   -0.0692026    -0.023381   -0.0899365   -0.0201619   -0.0558174   -0.0471645   -0.0344421  -0.00205937    0.0023334   0.00284174  -0.00143766
  -0.0284088   -0.0616337   -0.0460582   -0.0145387 -0.000945416   -0.0452982   -0.0508415   -0.0399551   -0.0771434   -0.0521574   -0.0387442   -0.0514926  1.49547e-16   -0.0456843   -0.0363611  -0.00125122   -0.0400979   -0.0444484   -0.0160832    0.0220459   -0.0435213   -0.0512318   -0.0692026     0.936695   -0.0305941    -0.069667    -0.027961   -0.0494745   -0.0482361   -0.0375313  -0.00354428    0.0018231  0.000295802 -0.000724981
  -0.0913369    -0.028144    -0.045349   -0.0340379  -0.00408529   -0.0476068    0.0571998   -0.0474858    0.0314366   -0.0295128   -0.0378866   -0.0479824 -8.59146e-17   -0.0501034    -0.046311   -0.0154799   -0.0237606   -0.0196409   -0.0906981    0.0546719   -0.0390563   -0.0160011    -0.023381   -0.0305941     0.909825  -0.00563307   -0.0111828   -0.0428218   -0.0511995   -0.0412886  -0.00782433   0.00131815  0.000536128   0.00198028
 -0.00766362   -0.0617756   -0.0491593    0.0197584 -9.97824e-05   -0.0533548   -0.0555422   -0.0294142   -0.0848179   -0.0717912   -0.0331614   -0.0551356  1.91865e-16   -0.0474872   -0.0272976    0.0927397   -0.0444541   -0.0494999    0.0128836    0.0687116   -0.0399738   -0.0285205   -0.0899365    -0.069667  -0.00563307     0.882615 -0.000339899    -0.055967   -0.0327221   -0.0285454  -0.00384485    0.0018888  -0.00417046 -0.000691588
   0.0031168   -0.0353982   -0.0143812   -0.0659643   0.00046188   -0.0167934   -0.0434899   -0.0274765   -0.0528971   0.00644273   -0.0251055   -0.0181522   2.2307e-16   -0.0132316   -0.0287776    -0.159325   -0.0164265   -0.0241522   0.00338216    -0.108745   -0.0241793   -0.0762393   -0.0201619    -0.027961   -0.0111828 -0.000339899     0.924494  -0.00676666   -0.0425129   -0.0291184  -0.00257681  0.000541665  -0.00106277   0.00359341
  -0.0449495    -0.045561   -0.0431076  -0.00276437  0.000914444    -0.043874    -0.014772   -0.0356349   -0.0393313   -0.0504888   -0.0325442   -0.0475566  1.29025e-16   -0.0443901   -0.0343906    0.0337598   -0.0327524     -0.03305   -0.0346448    0.0560776   -0.0373229   -0.0274629   -0.0558174   -0.0494745   -0.0428218    -0.055967  -0.00676666     0.952066   -0.0404255   -0.0313375  -0.00335922   0.00179409    0.0023913 -0.000622637
  -0.0456246   -0.0489166   -0.0408949    -0.040534  -0.00348539   -0.0436968   -0.0150947   -0.0440128   -0.0402951   -0.0323444   -0.0382012   -0.0464323  4.29706e-17   -0.0422727   -0.0448101   -0.0624747   -0.0309505   -0.0334081   -0.0396484  -0.00864874   -0.0412354   -0.0586001   -0.0471645   -0.0482361   -0.0511995   -0.0327221   -0.0425129   -0.0404255     0.943423   -0.0402898  -0.00456348   0.00168527   0.00132945 -0.000592365
  -0.0373919    -0.037493   -0.0355424   -0.0333084 -0.000219791   -0.0369573  -0.00265791   -0.0356437   -0.0222343   -0.0245299   -0.0328769   -0.0380132  1.19582e-16   -0.0365149    -0.031959   -0.0362383   -0.0261613   -0.0289367    -0.032553   0.00493025   -0.0334792   -0.0319107   -0.0344421   -0.0375313   -0.0412886   -0.0285454   -0.0291184   -0.0313375   -0.0402898     0.965356  -0.00630018  0.000771513  -0.00453028   0.00318123
 -0.00701955  -0.00315673  -0.00616999  -0.00765153 -7.35887e-05  -0.00718468   0.00958789  -0.00560509   0.00646811  -0.00127636  -0.00567231  -0.00574167 -4.73063e-17  -0.00638986  -0.00369136  -0.00237046   -0.0035373  -0.00413127    -0.006581   0.00491939  -0.00476567   0.00238055  -0.00205937  -0.00354428  -0.00782433  -0.00384485  -0.00257681  -0.00335922  -0.00456348  -0.00630018    0.0198504 -0.000235316  -0.00504118 -0.000157335
  0.00142478   0.00170842   0.00120573 -0.000323647  8.20818e-05   0.00125283   0.00163826   0.00111317   0.00244843   0.00203133  0.000848543   0.00156553 -1.55623e-17   0.00126433   0.00156652 -0.000385483   0.00101424  0.000923214   0.00107544 -0.000835071   0.00121147   0.00240049    0.0023334    0.0018231   0.00131815    0.0018888  0.000541665   0.00179409   0.00168527  0.000771513 -0.000235316    0.0225147 -0.000994973 -2.51078e-05
  0.00244543  0.000528982   -0.0033188  -0.00933515 -6.33311e-05  -0.00483986     0.012652  -0.00180735    0.0112362   0.00467257  -0.00381896  -0.00138682  -5.5526e-17  -0.00288181   0.00317054  0.000230661  -0.00175678  -0.00366391   0.00292798   0.00431208  -0.00138191    0.0123872   0.00284174  0.000295802  0.000536128  -0.00417046  -0.00106277    0.0023913   0.00132945  -0.00453028  -0.00504118 -0.000994973   0.00901943  -0.00378471
  0.00109418 -0.000966285   0.00345074   0.00610546  -0.00042703   0.00627455   -0.0118335   0.00189341  -0.00995339   -0.0021042   0.00256585   0.00274425  2.82107e-17   0.00377592   0.00184258    0.0038267  0.000961987   0.00217488  0.000146063  0.000668649    0.0016462  -0.00555364  -0.00143766 -0.000724981   0.00198028 -0.000691588   0.00359341 -0.000622637 -0.000592365   0.00318123 -0.000157335 -2.51078e-05  -0.00378471   0.00224401
* row and column names
hk_i:2_j:2_zone:1.0
hk_i:12_j:12_zone:1.0
hk_i:37_j:17_zone:1.0
hk_i:22_j:12_zone:1.0
rch_i:2_j:7_zone:1.0
hk_i:37_j:7_zone:1.0
hk_i:2_j:12_zone:1.0
hk_i:27_j:17_zone:1.0
hk_i:7_j:12_zone:1.0
hk_i:17_j:2_zone:1.0
hk_i:17_j:17_zone:1.0
hk_i:32_j:2_zone:1.0
hk_i:7_j:7_zone:1.0
hk_i:37_j:12_zone:1.0
hk_i:32_j:7_zone:1.0
hk_i:27_j:12_zone:1.0
hk_i:2_j:17_zone:1.0
hk_i:12_j:17_zone:1.0
hk_i:2_j:7_zone:1.0
hk_i:27_j:7_zone:1.0
hk_i:32_j:17_zone:1.0
hk_i:22_j:7_zone:1.0
hk_i:27_j:2_zone:1.0
hk_i:7_j:17_zone:1.0
hk_i:7_j:2_zone:1.0
hk_i:22_j:2_zone:1.0
hk_i:32_j:12_zone:1.0
hk_i:12_j:2_zone:1.0
hk_i:17_j:12_zone:1.0
hk_i:22_j:17_zone:1.0
rch_i:32_j:7_zone:1.0
rch_i:32_j:2_zone:1.0
rch_i:27_j:7_zone:1.0
rch_i:22_j:7_zone:1.0
