    58    58     1
     0.95783   -0.0141282  0.000253354   -0.0228499     -0.01056  -0.00926331   -0.0271364   -0.0104095   0.00173636  -0.00700677   -0.0229614   -0.0101425   0.00490906   -0.0129638    -0.115804   -0.0356299     0.007761    -0.033795   -0.0166594  -0.00865669   0.00166685 -0.000745956  -0.00414917   -0.0022956    0.0165301   -0.0903901   -0.0256229    0.0154305   -0.0554848  -0.00159887  -0.00147978 -0.000410077  -0.00170434  -0.00153603   -0.0008181  -0.00155871  -0.00154455  -0.00098508  -0.00130913  -0.00154733  -0.00153497  -0.00126671  -0.00139944  -0.00109748  -0.00135469  0.000408521 -0.000132254  -0.00143829  -0.00146596  -0.00115743  -0.00129207  -0.00102177  -0.00100528 -0.000811538  -0.00130185  -0.00141448  0.000207611 -0.000572525
  -0.0141282     0.992223   0.00109208  -0.00910743    -0.005713  -0.00219855    -0.011498  -0.00545625   0.00535362   0.00167429   -0.0110778  -0.00532688   0.00250788  -0.00265094   -0.0236349    -0.010493   0.00345945  -0.00392075  -0.00858015  -0.00517639  -0.00230322  -0.00118465  -0.00601747  -0.00274811   0.00331278   -0.0205329  -0.00909619   0.00653523  -0.00590987 -0.000661205 -0.000635509 -0.000161139 -0.000685993 -0.000663961 -0.000288323 -0.000618449 -0.000667792 -0.000255045 -0.000435459 -0.000618422 -0.000668073  -0.00032087 -0.000438777 -0.000473421 -0.000587015    0.0001912  -1.7289e-05 -0.000603127 -0.000645196 -0.000456641 -0.000513262 -0.000449237 -0.000442701 -0.000364494 -0.000564917  -0.00061091  9.32265e-05 -0.000223889
 0.000253354   0.00109208     0.991028  -0.00136583 -0.000138673  -0.00720071  -0.00185716  -0.00041427   -0.0384704   -0.0290338  -0.00416057 -0.000915492   -0.0235145    -0.017466   0.00485052   0.00125438   -0.0116871   -0.0122928  -0.00835185  -0.00107503  -0.00403353   -0.0134811   0.00235289   0.00125806 -0.000610159   0.00197901   0.00101693   -0.0265608   -0.0147761 -0.000681543 -0.000503575  0.000545383 -0.000645544 -0.000504092  0.000951843 -0.000539995 -0.000496206  0.000993352 -0.000191401 -0.000474524  -0.00048065  0.000870302  0.000126873 -0.000560721 -0.000502659 -0.000674699 -0.000725677 -0.000389927 -0.000447809  0.000711359  9.38739e-05 -0.000254857 -0.000306249  3.16582e-05 -0.000554794 -0.000496728 -0.000167323 -0.000572603
  -0.0228499  -0.00910743  -0.00136583      0.96822   -0.0122586   0.00934448   -0.0593672   -0.0161607    0.0371736   -0.0350071   -0.0583263   -0.0172169    0.0192339   -0.0602172   -0.0297066   -0.0146293  -0.00828208   -0.0168674   -0.0397952   -0.0129764  -0.00180028   -0.0202158   -0.0050364  -0.00147388    0.0153264   -0.0269235   -0.0115076     -0.01159   -0.0167594  -0.00279086  -0.00229503  -0.00193227  -0.00268638  -0.00230612  -0.00171912  -0.00226978  -0.00226962  -0.00127882  -0.00173628  -0.00216003  -0.00222751  -0.00131128  -0.00153563  -0.00244913  -0.00226677  -0.00241794  -0.00244032  -0.00200737  -0.00212031  -0.00114602  -0.00147754  -0.00142641  -0.00146318 -0.000943588  -0.00253006   -0.0022657  -0.00203722  -0.00237602
    -0.01056    -0.005713 -0.000138673   -0.0122586     0.993526   0.00135779   -0.0183191  -0.00729234   0.00906903   -0.0073742   -0.0154118  -0.00736871   0.00403686   -0.0121451  -0.00845648  -0.00725101  -0.00247603  -0.00350897   -0.0122486  -0.00624557 -0.000273907  -0.00445648  -0.00404667  -0.00191782   0.00746172  -0.00905654  -0.00619751  -0.00246029   -0.0013798  -0.00137275  -0.00116555 -0.000859308  -0.00134302  -0.00118086 -0.000817048  -0.00117455  -0.00117098 -0.000638989 -0.000891053  -0.00113734  -0.00115564 -0.000658224 -0.000815891  -0.00120545  -0.00114486  -0.00100344  -0.00108675  -0.00105409  -0.00110476 -0.000596687 -0.000780142 -0.000754612 -0.000771132 -0.000502113  -0.00125072  -0.00114726 -0.000855562  -0.00106923
 -0.00926331  -0.00219855  -0.00720071   0.00934448   0.00135779     0.966693    0.0314673   0.00476574   -0.0780471    0.0117575    0.0333652   0.00559389   -0.0253859    0.0436574    -0.043827   -0.0106747  -0.00198173   -0.0201749    0.0191622   0.00279514    0.0114669     0.019658   0.00663648  0.000687906    0.0129165   -0.0337882  -0.00744388     -0.01101   -0.0367678  0.000135005 -1.12945e-06   0.00186542 -4.36455e-05 -5.01163e-05   0.00142575  -0.00016888 -8.24942e-05  0.000606634   -9.698e-05 -0.000207059 -9.54682e-05  7.86338e-05 -0.000185068  0.000545947  0.000115192   0.00194666   0.00145254 -0.000141413 -9.05521e-05  0.000209284 -0.000105972 -7.74218e-05 -6.43752e-05 -5.77412e-05  0.000394205  5.22343e-05   0.00196136   0.00105754
  -0.0271364    -0.011498  -0.00185716   -0.0593672   -0.0183191    0.0314673     0.862832   -0.0287619     0.107206   -0.0854512    -0.153278   -0.0323272    0.0558608    -0.165936   -0.0136933    -0.010457   -0.0180562   -0.0218578    -0.095656   -0.0226997   -0.0165789   -0.0626016   -0.0146352  -0.00213832   0.00252614    -0.018087   -0.0101908   -0.0298573   -0.0153648  -0.00352931  -0.00283932  -0.00257305  -0.00320033  -0.00281148  -0.00182391  -0.00241865  -0.00271524 -0.000585963  -0.00125241  -0.00217701  -0.00264242 -0.000305451 -0.000490434  -0.00323715  -0.00285307  -0.00373443  -0.00360996  -0.00217928  -0.00252251 -0.000850936  -0.00121132  -0.00161876  -0.00171491  -0.00096673  -0.00329387  -0.00283141  -0.00304257  -0.00342278
  -0.0104095  -0.00545625  -0.00041427   -0.0161607  -0.00729234   0.00476574   -0.0287619     0.990868    0.0173487   -0.0157076   -0.0272627  -0.00956793   0.00792642   -0.0268018  -0.00452023  -0.00624096  -0.00483377   -0.0043997   -0.0194462  -0.00760292  -0.00144816   -0.0100029  -0.00430618  -0.00167746   0.00752245  -0.00630579  -0.00547446  -0.00636782 -0.000941081  -0.00163272  -0.00135715  -0.00113917  -0.00156929  -0.00136602  -0.00100257  -0.00133665   -0.0013472 -0.000697956 -0.000969272  -0.00127581  -0.00132503 -0.000667005 -0.000819624    -0.001458  -0.00134401  -0.00144191  -0.00144747  -0.00119118  -0.00126558     -0.00062 -0.000830478 -0.000854159 -0.000881996 -0.000542653  -0.00149807  -0.00134086   -0.0012167  -0.00138366
  0.00173636   0.00535362   -0.0384704    0.0371736   0.00906903   -0.0780471     0.107206    0.0173487     0.597221   -0.0991408     0.112975    0.0179705    -0.267405    0.0338247   -0.0217957  -0.00287876   -0.0428049   -0.0640805    0.0493044   0.00777201   -0.0344275   -0.0108762    0.0248235   0.00729784      0.03113   -0.0242117  -0.00132054    -0.102731   -0.0950888  -0.00165054  -0.00115495   0.00360767  -0.00195263  -0.00127611   0.00448559  -0.00199876  -0.00136319   0.00384556   -0.0013038  -0.00187163  -0.00135625   0.00269613 -0.000976256 -0.000904343 -0.000989764 -5.20332e-05  -0.00108314  -0.00142763   -0.0012247   0.00189325 -0.000329508 -0.000808272 -0.000806232 -0.000144286  -0.00100879  -0.00104515   0.00144522 -0.000697549
 -0.00700677   0.00167429   -0.0290338   -0.0350071   -0.0073742    0.0117575   -0.0854512   -0.0157076   -0.0991408     0.808765    -0.106614    -0.020472    -0.106273    -0.202031    0.0152541   0.00433151   -0.0512591   -0.0552955   -0.0862858   -0.0155679   -0.0557678    -0.111074  -0.00223394    0.0042234     -0.01689     0.003954   0.00301289    -0.108175   -0.0596105  -0.00368674  -0.00269758 -0.000144885  -0.00338632  -0.00268005   0.00206361  -0.00264662  -0.00261392   0.00362897 -0.000825882   -0.0022548  -0.00252801   0.00381323  0.000775878  -0.00322594  -0.00271748  -0.00483576  -0.00448261  -0.00202201  -0.00236761   0.00240251  0.000211754  -0.00137806  -0.00160606 -7.15765e-05  -0.00322849  -0.00267665   -0.0029191  -0.00376985
  -0.0229614   -0.0110778  -0.00416057   -0.0583263   -0.0154118    0.0333652    -0.153278   -0.0272627     0.112975    -0.106614     0.806936   -0.0327635    0.0611461    -0.204201  -0.00321221  -0.00262705   -0.0176422   -0.0226848    -0.117609   -0.0234874   -0.0237337   -0.0810935   -0.0144293   -0.0008711  -0.00682818   -0.0127984  -0.00694021   -0.0356979   -0.0190042  -0.00248341  -0.00187381  -0.00167604  -0.00210444  -0.00184967 -0.000668665  -0.00128701  -0.00175552  0.000936573  6.06575e-05 -0.000997806  -0.00169662   0.00152244   0.00138636   -0.0022493  -0.00188251  -0.00310191  -0.00285883    -0.001198  -0.00162464  0.000208209 -0.000216602 -0.000956372  -0.00105001 -0.000494496  -0.00230636   -0.0018704  -0.00240531  -0.00275006
  -0.0101425  -0.00532688 -0.000915492   -0.0172169  -0.00736871   0.00559389   -0.0323272  -0.00956793    0.0179705    -0.020472   -0.0327635     0.989693   0.00800018   -0.0329094  -0.00255939  -0.00535761  -0.00590082  -0.00524292   -0.0231371  -0.00822561  -0.00119912   -0.0119579  -0.00307107  -0.00115887   0.00974487  -0.00526426  -0.00505958  -0.00869761  -0.00172981  -0.00177469  -0.00144236  -0.00131525  -0.00170303  -0.00145334  -0.00113107  -0.00144236  -0.00143444 -0.000776646  -0.00107483  -0.00137002  -0.00141066 -0.000725086 -0.000883919  -0.00157278  -0.00142773  -0.00171975  -0.00165178  -0.00127369  -0.00134498 -0.000647131 -0.000897673 -0.000905433 -0.000932189 -0.000578149  -0.00161608  -0.00142364  -0.00144962  -0.00157157
  0.00490906   0.00250788   -0.0235145    0.0192339   0.00403686   -0.0253859    0.0558608   0.00792642    -0.267405    -0.106273    0.0611461   0.00800018     0.773373   -0.0326398    0.0156468   0.00323755   -0.0298882   -0.0325555    0.0189582   0.00210358   -0.0650541   -0.0475538  0.000668165   0.00143695   -0.0121039   0.00651808   0.00240822   -0.0682747   -0.0410966 -0.000935681 -0.000628483   0.00185848  -0.00101305  -0.00068311   0.00319311  -0.00101084 -0.000725758   0.00371078 -0.000293269  -0.00088525 -0.000717637   0.00336223 -1.29501e-05 -0.000770417 -0.000598994 -0.000902991  -0.00135794 -0.000672967 -0.000642375   0.00189996  0.000381872 -0.000376912 -0.000422388   0.00020117 -0.000756618 -0.000594743  8.39718e-05 -0.000860809
  -0.0129638  -0.00265094    -0.017466   -0.0602172   -0.0121451    0.0436574    -0.165936   -0.0268018    0.0338247    -0.202031    -0.204201   -0.0329094   -0.0326398      0.69786    0.0131315   0.00451499   -0.0409321   -0.0441682     -0.13385   -0.0216634   -0.0832369    -0.154258   -0.0313836  -0.00267519   -0.0737449   0.00335742   0.00200916   -0.0858337   -0.0419519  -0.00150642  -0.00116344   0.00105298 -0.000970398  -0.00106723   0.00335367 -0.000166523 -0.000933031   0.00565839   0.00233813  0.000237942 -0.000854682   0.00642423   0.00426563  -0.00162369  -0.00125621  -0.00246224  -0.00242893 -0.000102086 -0.000831019   0.00347183   0.00222913 -0.000240584 -0.000558597  0.000817882  -0.00154352   -0.0012088  -0.00113007  -0.00192618
   -0.115804   -0.0236349   0.00485052   -0.0297066  -0.00845648    -0.043827   -0.0136933  -0.00452023   -0.0217957    0.0152541  -0.00321221  -0.00255939    0.0156468    0.0131315     0.535192    -0.114556    0.0473866    -0.124003   0.00504854 -0.000197237    0.0128064    0.0196001   0.00275006  0.000255461    0.0150672    -0.335102   -0.0720263    0.0817833     -0.22779   0.00103942  0.000152731   0.00299358  0.000326676  1.82701e-05  0.000707365  -3.6195e-05 -5.41356e-05 -0.000967107 -0.000272747    -0.000184 -8.48122e-05  -0.00174827 -0.000956725   0.00294723  0.000672025   0.00862207   0.00798721 -0.000188932 -9.06778e-05  -0.00130926 -0.000726256 -0.000131477 -6.70389e-05 -0.000369995   0.00194087   0.00036212   0.00631395    0.0049357
  -0.0356299    -0.010493   0.00125438   -0.0146293  -0.00725101   -0.0106747    -0.010457  -0.00624096  -0.00287876   0.00433151  -0.00262705  -0.00535761   0.00323755   0.00451499    -0.114556     0.966396    0.0103466   -0.0295491  -0.00241817  -0.00430746   0.00202122   0.00369463  -0.00457574  -0.00238545   0.00671001   -0.0849084    -0.022364    0.0203481   -0.0511272 -0.000780909 -0.000866487  0.000160407 -0.000918333 -0.000906969 -0.000333094 -0.000891925 -0.000915432 -0.000585665 -0.000685397 -0.000906248 -0.000911159 -0.000785325 -0.000797641 -0.000298934  -0.00074436   0.00133013  0.000958955 -0.000848396 -0.000875945 -0.000712459  -0.00072693 -0.000617082 -0.000619704 -0.000460236 -0.000531812 -0.000810605  0.000919344   0.00034559
    0.007761   0.00345945   -0.0116871  -0.00828208  -0.00247603  -0.00198173   -0.0180562  -0.00483377   -0.0428049   -0.0512591   -0.0176422  -0.00590082   -0.0298882   -0.0409321    0.0473866    0.0103466     0.973253   -0.0111833   -0.0187378  -0.00457028   -0.0044817   -0.0210543   0.00507528   0.00244974    0.0107591    0.0311704    0.0070452   -0.0518362  -0.00380915  -0.00214953  -0.00159136 -0.000566439  -0.00202151  -0.00157939  0.000102894   -0.0017034  -0.00154986  0.000359999  -0.00115114  -0.00156708  -0.00150657  0.000196107 -0.000731139  -0.00205526  -0.00163369  -0.00285927  -0.00291806  -0.00135633  -0.00141162  0.000240563 -0.000615886 -0.000909859 -0.000971774 -0.000383297  -0.00195794  -0.00159125  -0.00179059  -0.00228099
   -0.033795  -0.00392075   -0.0122928   -0.0168674  -0.00350897   -0.0201749   -0.0218578   -0.0043997   -0.0640805   -0.0552955   -0.0226848  -0.00524292   -0.0325555   -0.0441682    -0.124003   -0.0295491   -0.0111833     0.937664   -0.0202201  -0.00364973  -0.00194558   -0.0178625    0.0089231   0.00390071    0.0150644   -0.0945358   -0.0183479   -0.0277129   -0.0971314  -0.00142576  -0.00118738   0.00100352  -0.00154916  -0.00122729  0.000942662  -0.00140464  -0.00123398  0.000488005  -0.00101205   -0.0013256  -0.00120977 -4.54477e-05 -0.000830097  -0.00079943  -0.00105659  0.000317445 -0.000213221  -0.00112622  -0.00112867  0.000107127 -0.000625388 -0.000729536 -0.000763461    -0.000351  -0.00097417  -0.00111656  0.000716213 -0.000448884
  -0.0166594  -0.00858015  -0.00835185   -0.0397952   -0.0122486    0.0191622    -0.095656   -0.0194462    0.0493044   -0.0862858    -0.117609   -0.0231371    0.0189582     -0.13385   0.00504854  -0.00241817   -0.0187378   -0.0202201     0.918717   -0.0178996    -0.018408   -0.0608838  -0.00940928 -0.000939569  -0.00559759  -0.00495386  -0.00547217    -0.039422   -0.0169504  -0.00256815   -0.0019895   -0.0011265  -0.00232105  -0.00199238 -0.000191703  -0.00176155  -0.00194115  0.000788982  -0.00069836  -0.00155303   -0.0018974    0.0010356   0.00021869    -0.002275  -0.00198196  -0.00293699  -0.00273003  -0.00151501  -0.00181132  0.000424217 -0.000429479  -0.00110671  -0.00122578 -0.000444501  -0.00231763  -0.00197013  -0.00210549  -0.00253061
 -0.00865669  -0.00517639  -0.00107503   -0.0129764  -0.00624557   0.00279514   -0.0226997  -0.00760292   0.00777201   -0.0155679   -0.0234874  -0.00822561   0.00210358   -0.0216634 -0.000197237  -0.00430746  -0.00457028  -0.00364973   -0.0178996     0.992881 -0.000279889   -0.0077154  -0.00169862 -0.000972154    0.0110514  -0.00387505  -0.00465451  -0.00714142 -0.000716621  -0.00156411   -0.0012602  -0.00114134  -0.00151982  -0.00127991  -0.00100026  -0.00131327  -0.00127224 -0.000735131   -0.0010438  -0.00125845  -0.00125608 -0.000716463 -0.000902419  -0.00137229  -0.00123945  -0.00150571  -0.00146134  -0.00115629  -0.00119694 -0.000607732 -0.000863325 -0.000812692 -0.000826469 -0.000540715  -0.00141229  -0.00123849  -0.00126678  -0.00138661
  0.00166685  -0.00230322  -0.00403353  -0.00180028 -0.000273907    0.0114669   -0.0165789  -0.00144816   -0.0344275   -0.0557678   -0.0237337  -0.00119912   -0.0650541   -0.0832369    0.0128064   0.00202122   -0.0044817  -0.00194558    -0.018408 -0.000279889     0.925312   -0.0756986    -0.042629   -0.0109294     -0.10435    0.0104166   0.00134765   -0.0164173  0.000207581   0.00323257   0.00223431   0.00505948   0.00337968   0.00229516   0.00594533   0.00315963   0.00232913   0.00668235   0.00465593   0.00318308   0.00230563   0.00704589   0.00534917   0.00253906    0.0021655   0.00443566   0.00336252   0.00263734   0.00213844    0.0040303   0.00380149   0.00163968   0.00141939   0.00184845   0.00266953   0.00216716   0.00437393   0.00335663
-0.000745956  -0.00118465   -0.0134811   -0.0202158  -0.00445648     0.019658   -0.0626016   -0.0100029   -0.0108762    -0.111074   -0.0810935   -0.0119579   -0.0475538    -0.154258    0.0196001   0.00369463   -0.0210543   -0.0178625   -0.0608838   -0.0077154   -0.0756986     0.887588   -0.0423273  -0.00933944    -0.110281    0.0142045   0.00289673   -0.0504445   -0.0150515   0.00156294  0.000974698   0.00452474   0.00188257   0.00105738   0.00616088    0.0020144   0.00113225   0.00750376   0.00433209   0.00220249   0.00114814   0.00816368    0.0059221   0.00108277  0.000890401   0.00213681   0.00150053   0.00174501   0.00103703   0.00503805   0.00395039   0.00100495    0.0006399   0.00186381   0.00120914   0.00091303   0.00282998   0.00172187
 -0.00414917  -0.00601747   0.00235289   -0.0050364  -0.00404667   0.00663648   -0.0146352  -0.00430618    0.0248235  -0.00223394   -0.0144293  -0.00307107  0.000668165   -0.0313836   0.00275006  -0.00457574   0.00507528    0.0089231  -0.00940928  -0.00169862    -0.042629   -0.0423273     0.958878   -0.0125547   -0.0867325   0.00342838  -0.00361462   0.00665236    0.0139194   0.00265327   0.00165295   0.00419872    0.0027645   0.00170337   0.00445314   0.00254104   0.00173725   0.00474501   0.00383937    0.0025046   0.00171289   0.00502372   0.00431855   0.00207102   0.00160868   0.00444542   0.00334535   0.00202518   0.00155823   0.00288603   0.00295587   0.00119263  0.000988444   0.00138869   0.00216073    0.0015995   0.00415295   0.00317477
  -0.0022956  -0.00274811   0.00125806  -0.00147388  -0.00191782  0.000687906  -0.00213832  -0.00167746   0.00729784    0.0042234   -0.0008711  -0.00115887   0.00143695  -0.00267519  0.000255461  -0.00238545   0.00244974   0.00390071 -0.000939569 -0.000972154   -0.0109294  -0.00933944   -0.0125547     0.995762   -0.0241204  0.000221673  -0.00206529   0.00416653   0.00578744  0.000684809  0.000387064   0.00117195  0.000706847  0.000396157   0.00118494  0.000633208  0.000402489   0.00122861   0.00101876  0.000613047   0.00039322   0.00129408   0.00112501  0.000528393  0.000381274   0.00133404  0.000972937  0.000483639  0.000349668  0.000727552  0.000755741  0.000269621  0.000210092  0.000343948  0.000548747  0.000375699   0.00122287  0.000910372
   0.0165301   0.00331278 -0.000610159    0.0153264   0.00746172    0.0129165   0.00252614   0.00752245      0.03113     -0.01689  -0.00682818   0.00974487   -0.0121039   -0.0737449    0.0150672   0.00671001    0.0107591    0.0150644  -0.00559759    0.0110514     -0.10435    -0.110281   -0.0867325   -0.0241204     0.756716    0.0230983   0.00814271   0.00331958    0.0148621   0.00977479   0.00685318    0.0129457   0.00999075   0.00702266    0.0137777    0.0090068   0.00707819    0.0139323     0.011735   0.00885313   0.00698285     0.014659    0.0129395   0.00804633   0.00670825    0.0130503    0.0108646   0.00756024   0.00647474   0.00960076   0.00970907    0.0048096   0.00423508   0.00504145   0.00837605   0.00668843    0.0122717    0.0104382
  -0.0903901   -0.0205329   0.00197901   -0.0269235  -0.00905654   -0.0337882    -0.018087  -0.00630579   -0.0242117     0.003954   -0.0127984  -0.00526426   0.00651808   0.00335742    -0.335102   -0.0849084    0.0311704   -0.0945358  -0.00495386  -0.00387505    0.0104166    0.0142045   0.00342838  0.000221673    0.0230983       0.7511   -0.0558046     0.054451    -0.170821 -0.000119721 -0.000522972   0.00167404 -0.000586802 -0.000638827  0.000119912 -0.000752471 -0.000698696  -0.00108153 -0.000881729 -0.000843686 -0.000719391  -0.00178927  -0.00137402   0.00101702 -0.000178156    0.0049987   0.00391095 -0.000778582 -0.000688665  -0.00140589  -0.00114525  -0.00053074 -0.000459975 -0.000644228  0.000466006  -0.00037195   0.00373707   0.00229512
  -0.0256229  -0.00909619   0.00101693   -0.0115076  -0.00619751  -0.00744388   -0.0101908  -0.00547446  -0.00132054   0.00301289  -0.00694021  -0.00505958   0.00240822   0.00200916   -0.0720263    -0.022364    0.0070452   -0.0183479  -0.00547217  -0.00465451   0.00134765   0.00289673  -0.00361462  -0.00206529   0.00814271   -0.0558046     0.983842    0.0136375   -0.0316992 -0.000744591 -0.000747715 -4.54529e-05 -0.000830925 -0.000786421 -0.000377993 -0.000787682  -0.00079706 -0.000529949 -0.000645028 -0.000797519 -0.000796977 -0.000691001 -0.000722538 -0.000439758 -0.000662942  0.000662885  0.000296772 -0.000750396 -0.000765723 -0.000661849 -0.000695148 -0.000541622 -0.000529835 -0.000444997 -0.000577955 -0.000705871  0.000441125 -4.01586e-05
   0.0154305   0.00653523   -0.0265608     -0.01159  -0.00246029     -0.01101   -0.0298573  -0.00636782    -0.102731    -0.108175   -0.0356979  -0.00869761   -0.0682747   -0.0858337    0.0817833    0.0203481   -0.0518362   -0.0277129    -0.039422  -0.00714142   -0.0164173   -0.0504445   0.00665236   0.00416653   0.00331958     0.054451    0.0136375     0.890913   -0.0196987  -0.00301832  -0.00223601   0.00084884  -0.00284171  -0.00222349   0.00213498  -0.00236572  -0.00217869   0.00236581  -0.00116352  -0.00212257  -0.00211176   0.00192486 -0.000241547  -0.00263988  -0.00225657  -0.00347014  -0.00358648  -0.00180507   -0.0019743   0.00158221 -0.000253834  -0.00120097  -0.00135476 -0.000230042  -0.00257942  -0.00221956  -0.00155536  -0.00281543
  -0.0554848  -0.00590987   -0.0147761   -0.0167594   -0.0013798   -0.0367678   -0.0153648 -0.000941081   -0.0950888   -0.0596105   -0.0190042  -0.00172981   -0.0410966   -0.0419519     -0.22779   -0.0511272  -0.00380915   -0.0971314   -0.0169504 -0.000716621  0.000207581   -0.0150515    0.0139194   0.00578744    0.0148621    -0.170821   -0.0316992   -0.0196987     0.838444 -0.000459025 -0.000506432   0.00276719  -0.00076816 -0.000580041   0.00221631 -0.000810984 -0.000618883    0.0011058 -0.000533531 -0.000780207 -0.000614637  0.000248479 -0.000490594  0.000459197  -0.00026048   0.00289223   0.00192689 -0.000605628 -0.000561554   0.00044584 -0.000260604 -0.000341902 -0.000364927 -9.85955e-05  0.000141521 -0.000389802   0.00293292   0.00118997
 -0.00159887 -0.000661205 -0.000681543  -0.00279086  -0.00137275  0.000135005  -0.00352931  -0.00163272  -0.00165054  -0.00368674  -0.00248341  -0.00177469 -0.000935681  -0.00150642   0.00103942 -0.000780909  -0.00214953  -0.00142576  -0.00256815  -0.00156411   0.00323257   0.00156294   0.00265327  0.000684809   0.00977479 -0.000119721 -0.000744591  -0.00301832 -0.000459025    0.0219604 -0.000523116 -0.000669421 -0.000685975 -0.000529577 -0.000630564 -0.000605764 -0.000527833 -0.000567455 -0.000619181 -0.000584916 -0.000519149 -0.000583508  -0.00061274 -0.000610212 -0.000520233 -0.000846229 -0.000759789  -0.00051211 -0.000487774 -0.000388812  -0.00048175 -0.000341823 -0.000331807 -0.000265249 -0.000619722 -0.000515564 -0.000731005 -0.000695015
 -0.00147978 -0.000635509 -0.000503575  -0.00229503  -0.00116555 -1.12945e-06  -0.00283932  -0.00135715  -0.00115495  -0.00269758  -0.00187381  -0.00144236 -0.000628483  -0.00116344  0.000152731 -0.000866487  -0.00159136  -0.00118738   -0.0019895   -0.0012602   0.00223431  0.000974698   0.00165295  0.000387064   0.00685318 -0.000522972 -0.000747715  -0.00223601 -0.000506432 -0.000523116    0.0222537 -0.000476313 -0.000517629 -0.000406054 -0.000451126 -0.000457952 -0.000404519  -0.00040617 -0.000453979 -0.000442567 -0.000397982 -0.000419672 -0.000447606 -0.000454283 -0.000397384 -0.000597234 -0.000538232 -0.000389154 -0.000374747 -0.000282207 -0.000354352 -0.000261723 -0.000256322 -0.000197267 -0.000464989 -0.000394876 -0.000515449 -0.000500328
-0.000410077 -0.000161139  0.000545383  -0.00193227 -0.000859308   0.00186542  -0.00257305  -0.00113917   0.00360767 -0.000144885  -0.00167604  -0.00131525   0.00185848   0.00105298   0.00299358  0.000160407 -0.000566439   0.00100352   -0.0011265  -0.00114134   0.00505948   0.00452474   0.00419872   0.00117195    0.0129457   0.00167404 -4.54529e-05   0.00084884   0.00276719 -0.000669421 -0.000476313    0.0216639 -0.000661938  -0.00048231 -0.000980537  -0.00058551 -0.000482162 -0.000891117 -0.000716313 -0.000570008 -0.000474597 -0.000870221 -0.000765019  -0.00059822 -0.000478085  -0.00102673 -0.000833894 -0.000494866 -0.000443271  -0.00057571 -0.000576786 -0.000322361 -0.000296963 -0.000300806 -0.000605493 -0.000470548 -0.000971805 -0.000770213
 -0.00170434 -0.000685993 -0.000645544  -0.00268638  -0.00134302 -4.36455e-05  -0.00320033  -0.00156929  -0.00195263  -0.00338632  -0.00210444  -0.00170303  -0.00101305 -0.000970398  0.000326676 -0.000918333  -0.00202151  -0.00154916  -0.00232105  -0.00151982   0.00337968   0.00188257    0.0027645  0.000706847   0.00999075 -0.000586802 -0.000830925  -0.00284171  -0.00076816 -0.000685975 -0.000517629 -0.000661938    0.0219732 -0.000524883 -0.000634339 -0.000604653 -0.000523807 -0.000581847 -0.000626251  -0.00058514 -0.000515469 -0.000602595 -0.000627214 -0.000590918 -0.000512301 -0.000813812 -0.000719875 -0.000511122 -0.000484162 -0.000399199 -0.000488587 -0.000340295  -0.00032916 -0.000267538 -0.000605961 -0.000509073 -0.000709312 -0.000670851
 -0.00153603 -0.000663961 -0.000504092  -0.00230612  -0.00118086 -5.01163e-05  -0.00281148  -0.00136602  -0.00127611  -0.00268005  -0.00184967  -0.00145334  -0.00068311  -0.00106723  1.82701e-05 -0.000906969  -0.00157939  -0.00122729  -0.00199238  -0.00127991   0.00229516   0.00105738   0.00170337  0.000396157   0.00702266 -0.000638827 -0.000786421  -0.00222349 -0.000580041 -0.000529577 -0.000406054  -0.00048231 -0.000524883    0.0222434 -0.000459048 -0.000465056  -0.00041009 -0.000415604 -0.000462921 -0.000449757 -0.000403592 -0.000430325 -0.000457958 -0.000457728 -0.000401742 -0.000600373 -0.000539783 -0.000395275 -0.000380022 -0.000289067 -0.000361816 -0.000265639  -0.00025984 -0.000201139 -0.000469547   -0.0003995 -0.000519335 -0.000503952
  -0.0008181 -0.000288323  0.000951843  -0.00171912 -0.000817048   0.00142575  -0.00182391  -0.00100257   0.00448559   0.00206361 -0.000668665  -0.00113107   0.00319311   0.00335367  0.000707365 -0.000333094  0.000102894  0.000942662 -0.000191703  -0.00100026   0.00594533   0.00616088   0.00445314   0.00118494    0.0137777  0.000119912 -0.000377993   0.00213498   0.00221631 -0.000630564 -0.000451126 -0.000980537 -0.000634339 -0.000459048    0.0216315 -0.000568957 -0.000460625  -0.00097401   -0.0007315  -0.00055954 -0.000454334 -0.000967724  -0.00081265  -0.00053968  -0.00044694 -0.000913353 -0.000719611 -0.000484353  -0.00042412 -0.000639423 -0.000606541 -0.000313939  -0.00028343 -0.000313642 -0.000558465 -0.000443113 -0.000898135 -0.000693693
 -0.00155871 -0.000618449 -0.000539995  -0.00226978  -0.00117455  -0.00016888  -0.00241865  -0.00133665  -0.00199876  -0.00264662  -0.00128701  -0.00144236  -0.00101084 -0.000166523  -3.6195e-05 -0.000891925   -0.0017034  -0.00140464  -0.00176155  -0.00131327   0.00315963    0.0020144   0.00254104  0.000633208    0.0090068 -0.000752471 -0.000787682  -0.00236572 -0.000810984 -0.000605764 -0.000457952  -0.00058551 -0.000604653 -0.000465056 -0.000568957    0.0221139 -0.000464894 -0.000535856 -0.000569688 -0.000525492 -0.000457926 -0.000561421 -0.000582498 -0.000518381 -0.000452113 -0.000709356 -0.000625649 -0.000456898 -0.000430155 -0.000364619 -0.000442544 -0.000303194 -0.000292878 -0.000239548 -0.000532858 -0.000449783 -0.000620921 -0.000585847
 -0.00154455 -0.000667792 -0.000496206  -0.00226962  -0.00117098 -8.24942e-05  -0.00271524   -0.0013472  -0.00136319  -0.00261392  -0.00175552  -0.00143444 -0.000725758 -0.000933031 -5.41356e-05 -0.000915432  -0.00154986  -0.00123398  -0.00194115  -0.00127224   0.00232913   0.00113225   0.00173725  0.000402489   0.00707819 -0.000698696  -0.00079706  -0.00217869 -0.000618883 -0.000527833 -0.000404519 -0.000482162 -0.000523807  -0.00041009 -0.000460625 -0.000464894    0.0222458 -0.000419472 -0.000465121 -0.000449969 -0.000402634   -0.0004352 -0.000462067  -0.00045535 -0.000399904 -0.000597511 -0.000536743 -0.000395081 -0.000379105 -0.000291243 -0.000363478 -0.000265229 -0.000259184 -0.000201522 -0.000467416 -0.000397806 -0.000517634   -0.0005017
 -0.00098508 -0.000255045  0.000993352  -0.00127882 -0.000638989  0.000606634 -0.000585963 -0.000697956   0.00384556   0.00362897  0.000936573 -0.000776646   0.00371078   0.00565839 -0.000967107 -0.000585665  0.000359999  0.000488005  0.000788982 -0.000735131   0.00668235   0.00750376   0.00474501   0.00122861    0.0139323  -0.00108153 -0.000529949   0.00236581    0.0011058 -0.000567455  -0.00040617 -0.000891117 -0.000581847 -0.000415604  -0.00097401 -0.000535856 -0.000419472    0.0216585 -0.000733889 -0.000534854 -0.000414957   -0.0010297 -0.000861105 -0.000470489 -0.000397953 -0.000781201 -0.000611207 -0.000455461  -0.00038681 -0.000654848 -0.000608481  -0.00029093 -0.000258187 -0.000306045 -0.000492052 -0.000396719 -0.000782164 -0.000602646
 -0.00130913 -0.000435459 -0.000191401  -0.00173628 -0.000891053   -9.698e-05  -0.00125241 -0.000969272   -0.0013038 -0.000825882  6.06575e-05  -0.00107483 -0.000293269   0.00233813 -0.000272747 -0.000685397  -0.00115114  -0.00101205  -0.00069836   -0.0010438   0.00465593   0.00433209   0.00383937   0.00101876     0.011735 -0.000881729 -0.000645028  -0.00116352 -0.000533531 -0.000619181 -0.000453979 -0.000716313 -0.000626251 -0.000462921   -0.0007315 -0.000569688 -0.000465121 -0.000733889    0.0219701  -0.00056018 -0.000458923 -0.000780288 -0.000754393 -0.000521899 -0.000446985 -0.000781077 -0.000660678  -0.00047833 -0.000428734 -0.000493087 -0.000538482  -0.00030974 -0.000288074 -0.000278791 -0.000539061 -0.000444814 -0.000713678 -0.000627452
 -0.00154733 -0.000618422 -0.000474524  -0.00216003  -0.00113734 -0.000207059  -0.00217701  -0.00127581  -0.00187163   -0.0022548 -0.000997806  -0.00137002  -0.00088525  0.000237942    -0.000184 -0.000906248  -0.00156708   -0.0013256  -0.00155303  -0.00125845   0.00318308   0.00220249    0.0025046  0.000613047   0.00885313 -0.000843686 -0.000797519  -0.00212257 -0.000780207 -0.000584916 -0.000442567 -0.000570008  -0.00058514 -0.000449757  -0.00055954 -0.000525492 -0.000449969 -0.000534854  -0.00056018    0.0221429 -0.000443457 -0.000563683 -0.000580432 -0.000499739 -0.000436503 -0.000681052 -0.000600952 -0.000444197 -0.000416585 -0.000363813    -0.000436 -0.000294337 -0.000283714 -0.000234762 -0.000514002 -0.000434448  -0.00059863 -0.000563821
 -0.00153497 -0.000668073  -0.00048065  -0.00222751  -0.00115564 -9.54682e-05  -0.00264242  -0.00132503  -0.00135625  -0.00252801  -0.00169662  -0.00141066 -0.000717637 -0.000854682 -8.48122e-05 -0.000911159  -0.00150657  -0.00120977   -0.0018974  -0.00125608   0.00230563   0.00114814   0.00171289   0.00039322   0.00698285 -0.000719391 -0.000796977  -0.00211176 -0.000614637 -0.000519149 -0.000397982 -0.000474597 -0.000515469 -0.000403592 -0.000454334 -0.000457926 -0.000402634 -0.000414957 -0.000458923 -0.000443457    0.0222583  -0.00043095 -0.000456975 -0.000447638 -0.000393277  -0.00058657 -0.000527122 -0.000389274 -0.000373327 -0.000287971 -0.000358762  -0.00026128 -0.000255275 -0.000198715 -0.000459583 -0.000391285 -0.000508554  -0.00049292
 -0.00126671  -0.00032087  0.000870302  -0.00131128 -0.000658224  7.86338e-05 -0.000305451 -0.000667005   0.00269613   0.00381323   0.00152244 -0.000725086   0.00336223   0.00642423  -0.00174827 -0.000785325  0.000196107 -4.54477e-05    0.0010356 -0.000716463   0.00704589   0.00816368   0.00502372   0.00129408     0.014659  -0.00178927 -0.000691001   0.00192486  0.000248479 -0.000583508 -0.000419672 -0.000870221 -0.000602595 -0.000430325 -0.000967724 -0.000561421   -0.0004352   -0.0010297 -0.000780288 -0.000563683  -0.00043095    0.0215584 -0.000937737 -0.000481148 -0.000409662 -0.000765383 -0.000616701 -0.000476436 -0.000401415 -0.000688948 -0.000645167 -0.000302712 -0.000267452  -0.00032228 -0.000502644 -0.000409195 -0.000759969 -0.000606839
 -0.00139944 -0.000438777  0.000126873  -0.00153563 -0.000815891 -0.000185068 -0.000490434 -0.000819624 -0.000976256  0.000775878   0.00138636 -0.000883919 -1.29501e-05   0.00426563 -0.000956725 -0.000797641 -0.000731139 -0.000830097   0.00021869 -0.000902419   0.00534917    0.0059221   0.00431855   0.00112501    0.0129395  -0.00137402 -0.000722538 -0.000241547 -0.000490594  -0.00061274 -0.000447606 -0.000765019 -0.000627214 -0.000457958  -0.00081265 -0.000582498 -0.000462067 -0.000861105 -0.000754393 -0.000580432 -0.000456975 -0.000937737    0.0217681 -0.000511724 -0.000438879   -0.0007712 -0.000646266 -0.000489888 -0.000426274 -0.000583159 -0.000598954 -0.000313358 -0.000285668 -0.000301698 -0.000530431 -0.000437536 -0.000724509 -0.000621501
 -0.00109748 -0.000473421 -0.000560721  -0.00244913  -0.00120545  0.000545947  -0.00323715    -0.001458 -0.000904343  -0.00322594   -0.0022493  -0.00157278 -0.000770417  -0.00162369   0.00294723 -0.000298934  -0.00205526  -0.00079943    -0.002275  -0.00137229   0.00253906   0.00108277   0.00207102  0.000528393   0.00804633   0.00101702 -0.000439758  -0.00263988  0.000459197 -0.000610212 -0.000454283  -0.00059822 -0.000590918 -0.000457728  -0.00053968 -0.000518381  -0.00045535 -0.000470489 -0.000521899 -0.000499739 -0.000447638 -0.000481148 -0.000511724    0.0220529   -0.0004626 -0.000841185 -0.000841278 -0.000438978 -0.000420896  -0.00032549 -0.000405965 -0.000294243  -0.00028678 -0.000224925 -0.000577067  -0.00045193 -0.000699435 -0.000695325
 -0.00135469 -0.000587015 -0.000502659  -0.00226677  -0.00114486  0.000115192  -0.00285307  -0.00134401 -0.000989764  -0.00271748  -0.00188251  -0.00142773 -0.000598994  -0.00125621  0.000672025  -0.00074436  -0.00163369  -0.00105659  -0.00198196  -0.00123945    0.0021655  0.000890401   0.00160868  0.000381274   0.00670825 -0.000178156 -0.000662942  -0.00225657  -0.00026048 -0.000520233 -0.000397384 -0.000478085 -0.000512301 -0.000401742  -0.00044694 -0.000452113 -0.000399904 -0.000397953 -0.000446985 -0.000436503 -0.000393277 -0.000409662 -0.000438879   -0.0004626    0.0222589 -0.000615108 -0.000565294 -0.000383962 -0.000370267 -0.000276148  -0.00034813 -0.000258381 -0.000253246 -0.000194066 -0.000467853 -0.000392132 -0.000526498 -0.000513121
 0.000408521    0.0001912 -0.000674699  -0.00241794  -0.00100344   0.00194666  -0.00373443  -0.00144191 -5.20332e-05  -0.00483576  -0.00310191  -0.00171975 -0.000902991  -0.00246224   0.00862207   0.00133013  -0.00285927  0.000317445  -0.00293699  -0.00150571   0.00443566   0.00213681   0.00444542   0.00133404    0.0130503    0.0049987  0.000662885  -0.00347014   0.00289223 -0.000846229 -0.000597234  -0.00102673 -0.000813812 -0.000600373 -0.000913353 -0.000709356 -0.000597511 -0.000781201 -0.000781077 -0.000681052  -0.00058657 -0.000765383   -0.0007712 -0.000841185 -0.000615108    0.0212644  -0.00128109 -0.000589748 -0.000548294 -0.000490055  -0.00058834 -0.000386236 -0.000369388 -0.000311699 -0.000801737  -0.00059623  -0.00118991  -0.00106085
-0.000132254  -1.7289e-05 -0.000725677  -0.00244032  -0.00108675   0.00145254  -0.00360996  -0.00144747  -0.00108314  -0.00448261  -0.00285883  -0.00165178  -0.00135794  -0.00242893   0.00798721  0.000958955  -0.00291806 -0.000213221  -0.00273003  -0.00146134   0.00336252   0.00150053   0.00334535  0.000972937    0.0108646   0.00391095  0.000296772  -0.00358648   0.00192689 -0.000759789 -0.000538232 -0.000833894 -0.000719875 -0.000539783 -0.000719611 -0.000625649 -0.000536743 -0.000611207 -0.000660678 -0.000600952 -0.000527122 -0.000616701 -0.000646266 -0.000841278 -0.000565294  -0.00128109     0.021302 -0.000524059 -0.000493614  -0.00041202 -0.000507626 -0.000346537 -0.000333002 -0.000275737 -0.000760999 -0.000541501     -0.00104  -0.00103291
 -0.00143829 -0.000603127 -0.000389927  -0.00200737  -0.00105409 -0.000141413  -0.00217928  -0.00119118  -0.00142763  -0.00202201    -0.001198  -0.00127369 -0.000672967 -0.000102086 -0.000188932 -0.000848396  -0.00135633  -0.00112622  -0.00151501  -0.00115629   0.00263734   0.00174501   0.00202518  0.000483639   0.00756024 -0.000778582 -0.000750396  -0.00180507 -0.000605628  -0.00051211 -0.000389154 -0.000494866 -0.000511122 -0.000395275 -0.000484353 -0.000456898 -0.000395081 -0.000455461  -0.00047833 -0.000444197 -0.000389274 -0.000476436 -0.000489888 -0.000438978 -0.000383962 -0.000589748 -0.000524059    0.0222671 -0.000365994 -0.000314027 -0.000375781 -0.000258157 -0.000249401 -0.000204725 -0.000451444 -0.000382176 -0.000518401 -0.000491864
 -0.00146596 -0.000645196 -0.000447809  -0.00212031  -0.00110476 -9.05521e-05  -0.00252251  -0.00126558   -0.0012247  -0.00236761  -0.00162464  -0.00134498 -0.000642375 -0.000831019 -9.06778e-05 -0.000875945  -0.00141162  -0.00112867  -0.00181132  -0.00119694   0.00213844   0.00103703   0.00155823  0.000349668   0.00647474 -0.000688665 -0.000765723   -0.0019743 -0.000561554 -0.000487774 -0.000374747 -0.000443271 -0.000484162 -0.000380022  -0.00042412 -0.000430155 -0.000379105  -0.00038681 -0.000428734 -0.000416585 -0.000373327 -0.000401415 -0.000426274 -0.000420896 -0.000370267 -0.000548294 -0.000493614 -0.000365994    0.0223031 -0.000268286 -0.000335144  -0.00024597 -0.000240754 -0.000185909 -0.000432071 -0.000368431 -0.000475063 -0.000461565
 -0.00115743 -0.000456641  0.000711359  -0.00114602 -0.000596687  0.000209284 -0.000850936     -0.00062   0.00189325   0.00240251  0.000208209 -0.000647131   0.00189996   0.00347183  -0.00130926 -0.000712459  0.000240563  0.000107127  0.000424217 -0.000607732    0.0040303   0.00503805   0.00288603  0.000727552   0.00960076  -0.00140589 -0.000661849   0.00158221   0.00044584 -0.000388812 -0.000282207  -0.00057571 -0.000399199 -0.000289067 -0.000639423 -0.000364619 -0.000291243 -0.000654848 -0.000493087 -0.000363813 -0.000287971 -0.000688948 -0.000583159  -0.00032549 -0.000276148 -0.000490055  -0.00041202 -0.000314027 -0.000268286    0.0221876 -0.000427654 -0.000202666 -0.000177054 -0.000222734 -0.000340055 -0.000275812 -0.000492089 -0.000405695
 -0.00129207 -0.000513262  9.38739e-05  -0.00147754 -0.000780142 -0.000105972  -0.00121132 -0.000830478 -0.000329508  0.000211754 -0.000216602 -0.000897673  0.000381872   0.00222913 -0.000726256  -0.00072693 -0.000615886 -0.000625388 -0.000429479 -0.000863325   0.00380149   0.00395039   0.00295587  0.000755741   0.00970907  -0.00114525 -0.000695148 -0.000253834 -0.000260604  -0.00048175 -0.000354352 -0.000576786 -0.000488587 -0.000361816 -0.000606541 -0.000442544 -0.000363478 -0.000608481 -0.000538482    -0.000436 -0.000358762 -0.000645167 -0.000598954 -0.000405965  -0.00034813  -0.00058834 -0.000507626 -0.000375781 -0.000335144 -0.000427654     0.022212 -0.000244562 -0.000223802 -0.000233434 -0.000420643 -0.000347014 -0.000548715 -0.000486473
 -0.00102177 -0.000449237 -0.000254857  -0.00142641 -0.000754612 -7.74218e-05  -0.00161876 -0.000854159 -0.000808272  -0.00137806 -0.000956372 -0.000905433 -0.000376912 -0.000240584 -0.000131477 -0.000617082 -0.000909859 -0.000729536  -0.00110671 -0.000812692   0.00163968   0.00100495   0.00119263  0.000269621    0.0048096  -0.00053074 -0.000541622  -0.00120097 -0.000341902 -0.000341823 -0.000261723 -0.000322361 -0.000340295 -0.000265639 -0.000313939 -0.000303194 -0.000265229  -0.00029093  -0.00030974 -0.000294337  -0.00026128 -0.000302712 -0.000313358 -0.000294243 -0.000258381 -0.000386236 -0.000346537 -0.000258157  -0.00024597 -0.000202666 -0.000244562    0.0224818  -0.00016801 -0.000134812 -0.000302419 -0.000257182 -0.000338379 -0.000325089
 -0.00100528 -0.000442701 -0.000306249  -0.00146318 -0.000771132 -6.43752e-05  -0.00171491 -0.000881996 -0.000806232  -0.00160606  -0.00105001 -0.000932189 -0.000422388 -0.000558597 -6.70389e-05 -0.000619704 -0.000971774 -0.000763461  -0.00122578 -0.000826469   0.00141939    0.0006399  0.000988444  0.000210092   0.00423508 -0.000459975 -0.000529835  -0.00135476 -0.000364927 -0.000331807 -0.000256322 -0.000296963  -0.00032916  -0.00025984  -0.00028343 -0.000292878 -0.000259184 -0.000258187 -0.000288074 -0.000283714 -0.000255275 -0.000267452 -0.000285668  -0.00028678 -0.000253246 -0.000369388 -0.000333002 -0.000249401 -0.000240754 -0.000177054 -0.000223802  -0.00016801    0.0224893 -0.000124149 -0.000294232 -0.000252009 -0.000319263 -0.000311054
