    58    58     1
    0.933445   -0.0455224   -0.0395084   -0.0362132   -0.0381974    -0.040122  -0.00879334   -0.0363336   -0.0456182   -0.0403002   -0.0105893    -0.036489   -0.0561998  -0.00163106   -0.0634936   -0.0373357    -0.015909  -0.00797802   -0.0237964   -0.0404931   -0.0370946  -0.00954832   -0.0341337   -0.0371957    -0.012605    -0.089817   -0.0630631   -0.0198302    0.0170533   0.00149068   0.00109476 -0.000446259    0.0013566   0.00104729 -0.000719604  0.000402496   0.00100521 -0.000917065 -0.000909975  0.000394116  0.000981676 -0.000641028 -0.000870255   0.00106427   0.00115713 -0.000151566  8.72417e-05  0.000471937  0.000983541 -0.000465209 -0.000492814  0.000946857  0.000968931  0.000477533   0.00153648   0.00113815 -0.000102122  0.000509792
  -0.0455224     0.942789   -0.0384194   -0.0109417   -0.0423473   -0.0438078   -0.0111185   -0.0390328   -0.0276082    0.0061924    0.0138989    -0.034138   -0.0439448  -0.00223311   -0.0289181   -0.0422718   -0.0134276    0.0113239   -0.0329241    -0.042381   -0.0424199   -0.0207843   -0.0482029   -0.0489366   -0.0396011   -0.0435222   -0.0434146    -0.012487    0.0262492   0.00220243   0.00222278   0.00379153   0.00202926   0.00217667   0.00286848   0.00166053   0.00211137   0.00190006   0.00168711   0.00160483   0.00206165   0.00124014   0.00100708   0.00246014   0.00230305    0.0050697   0.00494743   0.00151904   0.00198401  0.000602476  0.000205905   0.00146809    0.0015699  0.000788519    0.0021904   0.00226637   0.00421465   0.00464173
  -0.0395084   -0.0384194     0.951034    -0.032015   -0.0341635    -0.054473  -0.00071074   -0.0319226   -0.0584629  -0.00529702    0.0586572    -0.034075   -0.0540358  3.69565e-05  -0.00220016   -0.0358192    -0.041498   -0.0251878  -0.00296471   -0.0378055   -0.0489978   -0.0342376   -0.0489017   -0.0475534   -0.0531422   -0.0243469   -0.0446101   -0.0375945   0.00240422   0.00235038   0.00219793  0.000806128   0.00222553   0.00219016  0.000652032    0.0018323   0.00215473   0.00049876  0.000285532   0.00182984   0.00213556  0.000481401  3.92417e-05   0.00203226   0.00217577   0.00167782    0.0017925   0.00190732   0.00213107  0.000509981 -0.000327834   0.00166307   0.00173701   0.00143224    0.0022954    0.0021942   0.00129276   0.00238388
  -0.0362132   -0.0109417    -0.032015     0.931282   -0.0204259   -0.0216735   -0.0390036   -0.0236221    -0.040682   -0.0767917   -0.0673959   -0.0320246   -0.0454427  -0.00631128   -0.0074007   -0.0144292   -0.0385025   -0.0320923   -0.0322565   -0.0262485   -0.0352644   -0.0461439   -0.0247458   -0.0231176   -0.0410491   -0.0370092   -0.0375352    -0.047364   -0.0025522   0.00130517  0.000890345  -0.00324758   0.00133891  0.000926738  -0.00218041    0.0010616  0.000970161  -0.00118992  -0.00141576    0.0011244   0.00100565  0.000711975  -0.00101559  0.000501981  0.000827659  -0.00380706  -0.00286355    0.0013281    0.0010681   0.00145051 -0.000654256   0.00101945  0.000977119   0.00146956   0.00128479  0.000867541  -0.00326535  -0.00174342
  -0.0381974   -0.0423473   -0.0341635   -0.0204259     0.960485   -0.0326725   -0.0216877   -0.0391002   -0.0181281  -0.00470001   -0.0085167   -0.0366036    -0.031642  -0.00333965  -0.00477016   -0.0345136   -0.0344495   -0.0252612   -0.0278384   -0.0386317   -0.0400496   -0.0253222   -0.0443939   -0.0437179   -0.0349839   -0.0181495   -0.0372832   -0.0339291   0.00874404   0.00166644   0.00145822   0.00250478   0.00159664   0.00145462    0.0021307   0.00110445   0.00142804   0.00172302   0.00118903   0.00106168    0.0014025   0.00142876  0.000737878   0.00162247   0.00146065   0.00305787   0.00284083   0.00100149   0.00135273  0.000695673 -5.63576e-05   0.00113073   0.00112379  0.000683922    0.0016076   0.00145531   0.00266469   0.00297021
   -0.040122   -0.0438078    -0.054473   -0.0216735   -0.0326725     0.930699    0.0176186   -0.0276345   -0.0780525    0.0124791     0.111646   -0.0287591   -0.0602829  0.000735402   -0.0297288   -0.0425854   -0.0343907   -0.0184843    0.0126071    -0.036378   -0.0495907   -0.0296807    -0.050789   -0.0498729   -0.0566856   -0.0410519    -0.047245   -0.0246038   -0.0146876   0.00259987   0.00259464     0.001448   0.00238282   0.00255842  0.000852567   0.00211743   0.00249375  0.000346319  0.000314879   0.00210891   0.00245982 -0.000181196 -2.03361e-05   0.00249931   0.00261517   0.00309061   0.00309996   0.00218052   0.00245021 -2.82008e-05 -0.000337245   0.00182002   0.00196443   0.00150618   0.00258976   0.00261575   0.00231617   0.00343135
 -0.00879334   -0.0111185  -0.00071074   -0.0390036   -0.0216877    0.0176186     0.914192   -0.0280235    0.0384813   -0.0608064    -0.186647   -0.0274462   0.00962215   -0.0064111   -0.0124352   -0.0101329   -0.0261344     -0.03509   -0.0831879   -0.0185302   -0.0176627   -0.0505811   -0.0181572    -0.014239   -0.0360854  -0.00208037  -0.00117294   -0.0350799   -0.0333763  0.000383637  0.000205391   0.00217323  0.000543525  0.000271401    0.0027218  0.000904826   0.00034627   0.00309615   0.00207146  0.000895285  0.000377197   0.00460167   0.00175106  0.000477736  0.000176341   0.00158378   0.00149312   0.00076078  0.000322975   0.00359911  0.000406262  0.000361328  0.000214675  0.000688368  0.000283778   0.00017303   0.00157996   0.00155591
  -0.0363336   -0.0390328   -0.0319226   -0.0236221   -0.0391002   -0.0276345   -0.0280235      0.96018   -0.0120589   -0.0119583   -0.0271378   -0.0378178   -0.0285888  -0.00361455   0.00494542   -0.0317181   -0.0377247   -0.0303333   -0.0328202     -0.03828   -0.0398685   -0.0284846   -0.0435762   -0.0424548   -0.0349518   -0.0103257   -0.0351984   -0.0386602   0.00949101   0.00156656   0.00131109   0.00234126   0.00154583   0.00132088   0.00218556   0.00103931   0.00130787   0.00198757   0.00133912   0.00100354   0.00128967   0.00196775  0.000937858   0.00142804   0.00129223   0.00258219   0.00230138  0.000936944   0.00124011   0.00114083  1.10822e-05   0.00107446   0.00103472  0.000690542   0.00147579   0.00129584   0.00233873   0.00257301
  -0.0456182   -0.0276082   -0.0584629    -0.040682   -0.0181281   -0.0780525    0.0384813   -0.0120589     0.861763   -0.0164048     0.160455   -0.0185288   -0.0838393    0.0100253   -0.0637458   -0.0350623   -0.0238943  -0.00830944    0.0441148   -0.0255965   -0.0442633   -0.0244457   -0.0339417    -0.035283   -0.0480494   -0.0808185    -0.058097   -0.0147595   -0.0194758   0.00207786   0.00192161  -0.00339024   0.00176212   0.00185008  -0.00353713   0.00144562    0.0017696  -0.00351839  -0.00322226   0.00148481   0.00174038  -0.00326903  -0.00284378   0.00162178   0.00197649  -0.00160826 -0.000805976   0.00178671   0.00181844  -0.00160807  -0.00152538   0.00146011   0.00160369   0.00168858    0.0022358   0.00197212  -0.00202419 -5.81953e-06
  -0.0403002    0.0061924  -0.00529702   -0.0767917  -0.00470001    0.0124791   -0.0608064   -0.0119583   -0.0164048     0.831961    -0.219143   -0.0218666   -0.0412769  -0.00620242    -0.048349    0.0054123   0.00375796   0.00330922   -0.0819098   -0.0138833   -0.0150323   -0.0457807   0.00671007   0.00644293  -0.00611809   -0.0823266   -0.0348244   -0.0176978    0.0139773 -0.000135256 -0.000706771  -0.00576379  0.000158891 -0.000670298  -0.00314322  -8.7777e-05 -0.000554366 -0.000181719 -0.000678273  0.000104067 -0.000467658   0.00500446  0.000709254  -0.00121719 -0.000715919  -0.00789137  -0.00657333  0.000213064 -0.000409051   0.00566411  0.000457245  6.41056e-05 -0.000150281    0.0009532 -0.000132088 -0.000696518  -0.00653273  -0.00543167
  -0.0105893    0.0138989    0.0586572   -0.0673959   -0.0085167     0.111646    -0.186647   -0.0271378     0.160455    -0.219143      0.40573   -0.0268979    0.0492345   -0.0114298   -0.0346705    0.0277605     0.029536   0.00967684    -0.227076  -0.00681415     0.016921   -0.0634987    0.0283085    0.0313129     0.014831   -0.0368428    0.0182026   -0.0131527   0.00918003  -0.00195098  -0.00240122  0.000573115  -0.00122903  -0.00226818    0.0035962 -0.000757522  -0.00202575   0.00655098   0.00483157 -0.000622539  -0.00189952    0.0131328   0.00548175  -0.00224642  -0.00241276  -0.00369549  -0.00338228  -0.00099703  -0.00199992    0.0111527    0.0026102  -0.00117724  -0.00163802 -0.000345407  -0.00215955  -0.00242872  -0.00210907  -0.00336311
   -0.036489    -0.034138    -0.034075   -0.0320246   -0.0366036   -0.0287591   -0.0274462   -0.0378178   -0.0185288   -0.0218666   -0.0268979     0.961905   -0.0334031  -0.00229611    0.0120556   -0.0288511   -0.0418922   -0.0338965   -0.0299104   -0.0374413   -0.0413776   -0.0326561   -0.0425795     -0.04113   -0.0377862  -0.00893254   -0.0365925   -0.0439188     0.010439   0.00162177    0.0013197   0.00128254   0.00162154   0.00133883   0.00141886   0.00110344   0.00133738    0.0015215  0.000929632   0.00109028   0.00133036   0.00189231  0.000691686   0.00129712   0.00127863   0.00132691   0.00123966   0.00107631   0.00130286   0.00131803 -7.63232e-05   0.00114256   0.00110003  0.000890213   0.00152541   0.00129623   0.00125984   0.00175548
  -0.0561998   -0.0439448   -0.0540358   -0.0454427    -0.031642   -0.0602829   0.00962215   -0.0285888   -0.0838393   -0.0412769    0.0492345   -0.0334031     0.911612  0.000996561 -2.25856e-05   -0.0320471   -0.0137742     0.032446   -0.0162521    -0.042098   -0.0545685   -0.0354375   -0.0458955   -0.0469905    -0.054133   -0.0565707   -0.0611902   -0.0194383     0.066607   0.00286228   0.00274913  -0.00127374   0.00272994   0.00270439 -0.000900573   0.00218942   0.00265212 -0.000526543 -0.000334612   0.00224981   0.00263034  0.000770013 -0.000180255   0.00218731   0.00277325 -0.000737935 -3.42088e-05   0.00243225   0.00264241   0.00159944 -0.000104906   0.00202156   0.00215742   0.00185876   0.00282691   0.00278858 -0.000838259  0.000932836
 -0.00163106  -0.00223311  3.69565e-05  -0.00631128  -0.00333965  0.000735402   -0.0064111  -0.00361455    0.0100253  -0.00620242   -0.0114298  -0.00229611  0.000996561      0.01471   0.00791419 -0.000247852  -0.00367019  -0.00323849  -0.00697501  -0.00262156  -0.00133713  -0.00673502  -0.00272701  -0.00323071  -0.00633258  0.000518401  -0.00263638  -0.00345649   0.00206052 -0.000115986 -0.000214909   0.00037454 -6.35109e-05 -0.000207468  0.000632541 -2.29768e-05 -0.000214145  0.000772764  0.000506631 -3.09527e-05 -0.000221237   -0.0101558  0.000508247 -0.000270645 -0.000249725  5.89379e-06 -0.000270498 -6.09548e-05 -0.000232744   -0.0106637   0.00024385 -0.000104387 -0.000167974   0.00010465  -0.00019004 -0.000236171  0.000176804 -0.000161661
  -0.0634936   -0.0289181  -0.00220016   -0.0074007  -0.00477016   -0.0297288   -0.0124352   0.00494542   -0.0637458    -0.048349   -0.0346705    0.0120556 -2.25856e-05   0.00791419     0.521105     -0.05459    0.0544536   -0.0413291  -0.00851563    0.0086087    0.0331706    0.0355822    0.0334839    0.0256557    0.0548218    -0.326769   -0.0477331    0.0750493    -0.272764  -0.00200312  -0.00211376 -0.000366341  -0.00261556  -0.00230421  -0.00314903  -0.00222272  -0.00237503  -0.00522903  -0.00465547  -0.00229451  -0.00239737  -0.00651962  -0.00441641 -0.000352953  -0.00162818   0.00361108   0.00400504  -0.00231626  -0.00234898  -0.00536897  -0.00189932  -0.00162943  -0.00153558  -0.00155777  -0.00122625  -0.00187236   0.00203798   0.00142286
  -0.0373357   -0.0422718   -0.0358192   -0.0144292   -0.0345136   -0.0425854   -0.0101329   -0.0317181   -0.0350623    0.0054123    0.0277605   -0.0288511   -0.0320471 -0.000247852     -0.05459     0.960069   -0.0270706   -0.0290499   -0.0143331    -0.032787   -0.0354448   -0.0212114   -0.0403946   -0.0399413   -0.0354007   -0.0463178   -0.0373742   -0.0204413   -0.0345138   0.00163391   0.00155172     0.002834   0.00147671   0.00152486   0.00200355   0.00120868   0.00148032   0.00120847  0.000849776   0.00115934   0.00144836  0.000501783  0.000348279   0.00182253   0.00160038   0.00410673   0.00372566   0.00111051   0.00140577   7.7165e-06 -0.000197077   0.00109904   0.00114943  0.000693986   0.00163698   0.00157366   0.00338263   0.00359771
   -0.015909   -0.0134276    -0.041498   -0.0385025   -0.0344495   -0.0343907   -0.0261344   -0.0377247   -0.0238943   0.00375796     0.029536   -0.0418922   -0.0137742  -0.00367019    0.0544536   -0.0270706     0.899337    -0.126022    0.0098282   -0.0324141    -0.047346   -0.0471436   -0.0515211   -0.0453093   -0.0536809    0.0519749   -0.0239741   -0.0912147   -0.0627181   0.00146101    0.0009293  0.000831885   0.00155512   0.00102835   0.00138098   0.00103246   0.00106872   0.00185982  0.000651548   0.00101218   0.00108943   0.00167455  0.000427433  0.000789018  0.000714376  0.000445333 -0.000221842   0.00104194   0.00110439  0.000783013 -0.000626981   0.00111793  0.000963797   0.00117609   0.00123331  0.000803221  0.000694398   0.00102938
 -0.00797802    0.0113239   -0.0251878   -0.0320923   -0.0252612   -0.0184843     -0.03509   -0.0303333  -0.00830944   0.00330922   0.00967684   -0.0338965     0.032446  -0.00323849   -0.0413291   -0.0290499    -0.126022     0.761538    0.0354655   -0.0137854   -0.0225925   -0.0290566   -0.0302646   -0.0228472   -0.0153731    0.0265704   -0.0149417    -0.103789    -0.230113 -0.000547288  -0.00143356  0.000667136 -0.000351815  -0.00129473  0.000986859  -0.00104161  -0.00120858   0.00145388 -0.000380775  -0.00109285  -0.00115827  0.000577752 -0.000378849  -0.00122697  -0.00169452 -0.000147598  -0.00226736  -0.00112004  -0.00110646 -0.000860979  -0.00123003 -0.000310063 -0.000664893 -4.66103e-05 -0.000775876  -0.00160694  0.000494531 -0.000990728
  -0.0237964   -0.0329241  -0.00296471   -0.0322565   -0.0278384    0.0126071   -0.0831879   -0.0328202    0.0441148   -0.0819098    -0.227076   -0.0299104   -0.0162521  -0.00697501  -0.00851563   -0.0143331    0.0098282    0.0354655      0.87416   -0.0299992   -0.0277929   -0.0574806    -0.026556   -0.0238733   -0.0460762   -0.0251714   -0.0125363  -0.00745281    0.0342822   0.00139048   0.00148648   0.00408453   0.00160006   0.00151512   0.00490874   0.00198483    0.0015687   0.00557877   0.00462973   0.00203053   0.00158607   0.00836356   0.00431039   0.00149735    0.0015232   0.00330409   0.00309228   0.00179214     0.001466   0.00706452    0.0018807   0.00106105  0.000997458   0.00107942    0.0011976   0.00150315   0.00315268   0.00306015
  -0.0404931    -0.042381   -0.0378055   -0.0262485   -0.0386317    -0.036378   -0.0185302     -0.03828   -0.0255965   -0.0138833  -0.00681415   -0.0374413    -0.042098  -0.00262156    0.0086087    -0.032787   -0.0324141   -0.0137854   -0.0299992     0.959548   -0.0444991   -0.0303755   -0.0463693   -0.0456163   -0.0413245   -0.0170439   -0.0406602    -0.034153    0.0264797   0.00198966   0.00180036   0.00192347   0.00193972   0.00179754   0.00182367   0.00143686   0.00177324   0.00169195   0.00125592   0.00142054   0.00175224   0.00187474   0.00091739   0.00176942    0.0017916   0.00231165     0.002231   0.00139545    0.0017099   0.00133733   9.1884e-05   0.00137948   0.00139391  0.000983029   0.00190238   0.00179783   0.00202744   0.00260401
  -0.0370946   -0.0424199   -0.0489978   -0.0352644   -0.0400496   -0.0495907   -0.0176627   -0.0398685   -0.0442633   -0.0150323     0.016921   -0.0413776   -0.0545685  -0.00133713    0.0331706   -0.0354448    -0.047346   -0.0225925   -0.0277929   -0.0444991     0.941407    -0.051366   -0.0590088   -0.0558626   -0.0698696   0.00116962   -0.0417938   -0.0470023    0.0196905   0.00280301   0.00267514   0.00229733   0.00279859   0.00269409   0.00255065   0.00246362   0.00267507   0.00271433   0.00206161   0.00247182   0.00265887   0.00337196   0.00168023   0.00234687   0.00260617   0.00257094    0.0021666   0.00247124   0.00261364   0.00281934  0.000322339   0.00201128   0.00203923   0.00178932   0.00259072   0.00264532   0.00229811   0.00311689
 -0.00954832   -0.0207843   -0.0342376   -0.0461439   -0.0253222   -0.0296807   -0.0505811   -0.0284846   -0.0244457   -0.0457807   -0.0634987   -0.0326561   -0.0354375  -0.00673502    0.0355822   -0.0212114   -0.0471436   -0.0290566   -0.0574806   -0.0303755    -0.051366     0.916529    -0.048628   -0.0414385   -0.0922251    0.0227096   -0.0139536   -0.0484007   -0.0191134   0.00246718   0.00250319   0.00243667   0.00260064   0.00257095   0.00350252   0.00316653   0.00261983   0.00449564   0.00339256   0.00323372   0.00264716   0.00670585   0.00316165   0.00217773   0.00240423   0.00246694   0.00217971   0.00317553    0.0025971   0.00601734  0.000925483   0.00192958   0.00189966   0.00240127   0.00221267   0.00245182     0.002154    0.0031128
  -0.0341337   -0.0482029   -0.0489017   -0.0247458   -0.0443939    -0.050789   -0.0181572   -0.0435762   -0.0339417   0.00671007    0.0283085   -0.0425795   -0.0458955  -0.00272701    0.0334839   -0.0403946   -0.0515211   -0.0302646    -0.026556   -0.0463693   -0.0590088    -0.048628      0.93579   -0.0606269   -0.0716427    0.0107415   -0.0381483   -0.0479558   0.00937409   0.00289597   0.00283429   0.00399789   0.00286668   0.00285377    0.0038119   0.00256514   0.00282343   0.00348492   0.00273971   0.00253634   0.00279496    0.0033806   0.00204609    0.0026661   0.00276806    0.0045679   0.00382221   0.00247342   0.00272399   0.00242601   0.00041008   0.00205202   0.00209261   0.00163789   0.00266318   0.00280023   0.00403201   0.00451863
  -0.0371957   -0.0489366   -0.0475534   -0.0231176   -0.0437179   -0.0498729    -0.014239   -0.0424548    -0.035283   0.00644293    0.0313129     -0.04113   -0.0469905  -0.00323071    0.0256557   -0.0399413   -0.0453093   -0.0228472   -0.0238733   -0.0456163   -0.0558626   -0.0414385   -0.0606269      0.94189    -0.063439   0.00144017   -0.0404484    -0.042516    0.0169685   0.00272991    0.0026504   0.00355581   0.00267008   0.00265683    0.0032641   0.00228726   0.00261879   0.00285561   0.00225166   0.00225461   0.00258642   0.00261954   0.00160949   0.00253245   0.00260771   0.00421382   0.00364294   0.00220628   0.00252173    0.0018104  0.000268405   0.00191282   0.00196215   0.00144954   0.00254546   0.00262966   0.00368052   0.00421364
   -0.012605   -0.0396011   -0.0531422   -0.0410491   -0.0349839   -0.0566856   -0.0360854   -0.0349518   -0.0480494  -0.00611809     0.014831   -0.0377862    -0.054133  -0.00633258    0.0548218   -0.0354007   -0.0536809   -0.0153731   -0.0460762   -0.0413245   -0.0698696   -0.0922251   -0.0716427    -0.063439     0.873896    0.0341325   -0.0208307    -0.050208  -0.00908547   0.00400487   0.00431971   0.00498824   0.00402766    0.0043722   0.00529333   0.00471714   0.00436666   0.00524743   0.00434413   0.00473411   0.00435568   0.00624071   0.00345834   0.00380684   0.00420989   0.00575893   0.00492379   0.00469703    0.0042727   0.00552164   0.00100114   0.00298154   0.00310395   0.00315734   0.00363785   0.00426887   0.00491617   0.00605771
   -0.089817   -0.0435222   -0.0243469   -0.0370092   -0.0181495   -0.0410519  -0.00208037   -0.0103257   -0.0808185   -0.0823266   -0.0368428  -0.00893254   -0.0565707  0.000518401    -0.326769   -0.0463178    0.0519749    0.0265704   -0.0251714   -0.0170439   0.00116962    0.0227096    0.0107415   0.00144017    0.0341325     0.715214   -0.0762727    0.0534477   -0.0910854 -0.000177257 -0.000441162   -0.0030312 -0.000661612 -0.000618975  -0.00448716  -0.00108354 -0.000698061  -0.00551075  -0.00452375  -0.00108324 -0.000723937  -0.00527108  -0.00398327  0.000281324 -6.87074e-05 -0.000862684  0.000448102  -0.00092992 -0.000661835  -0.00354649  -0.00143459 -0.000332718 -0.000186538 -0.000492225  0.000385708 -0.000228019  -0.00142306 -0.000637484
  -0.0630631   -0.0434146   -0.0446101   -0.0375352   -0.0372832    -0.047245  -0.00117294   -0.0351984    -0.058097   -0.0348244    0.0182026   -0.0365925   -0.0611902  -0.00263638   -0.0477331   -0.0373742   -0.0239741   -0.0149417   -0.0125363   -0.0406602   -0.0417938   -0.0139536   -0.0381483   -0.0404484   -0.0208307   -0.0762727     0.936676   -0.0259894    0.0144013   0.00171933   0.00133349 -0.000749328   0.00159817   0.00129466 -0.000860832  0.000650453   0.00125107  -0.00089873 -0.000937055  0.000652229   0.00122823 -0.000615045 -0.000857898   0.00117377    0.0013638 -0.000471128 -0.000254094  0.000758479   0.00123842 -0.000359708 -0.000542556   0.00113399   0.00116021  0.000729838   0.00173171   0.00136141 -0.000391957   0.00037252
  -0.0198302    -0.012487   -0.0375945    -0.047364   -0.0339291   -0.0246038   -0.0350799   -0.0386602   -0.0147595   -0.0176978   -0.0131527   -0.0439188   -0.0194383  -0.00345649    0.0750493   -0.0204413   -0.0912147    -0.103789  -0.00745281    -0.034153   -0.0470023   -0.0484007   -0.0479558    -0.042516    -0.050208    0.0534477   -0.0259894     0.910262     -0.02443   0.00146586  0.000901243 -7.86791e-05   0.00161415    0.0010036  0.000853431  0.000994106   0.00105521   0.00164034  0.000542345  0.000994643   0.00108235    0.0021423  0.000457819  0.000598346  0.000683689  -0.00102974   -0.0013705   0.00105458   0.00110136   0.00142838 -0.000475406   0.00112977  0.000968445   0.00121803   0.00122254  0.000778555 -0.000486408  4.79892e-05
   0.0170533    0.0262492   0.00240422   -0.0025522   0.00874404   -0.0146876   -0.0333763   0.00949101   -0.0194758    0.0139773   0.00918003     0.010439     0.066607   0.00206052    -0.272764   -0.0345138   -0.0627181    -0.230113    0.0342822    0.0264797    0.0196905   -0.0191134   0.00937409    0.0169685  -0.00908547   -0.0910854    0.0144013     -0.02443     0.567738  -0.00163555  -0.00177166   0.00406142  -0.00162299   -0.0017047   0.00271089  -0.00072272  -0.00164643   0.00157691  0.000154628 -0.000804633   -0.0016063 -8.98289e-05 -0.000248022  -0.00102446  -0.00181301    0.0053378   0.00184573 -0.000937284  -0.00158062  -0.00113059 -0.000853148  -0.00108267  -0.00126402 -0.000376878  -0.00170388   -0.0018371   0.00472065   0.00176621
  0.00149068   0.00220243   0.00235038   0.00130517   0.00166644   0.00259987  0.000383637   0.00156656   0.00207786 -0.000135256  -0.00195098   0.00162177   0.00286228 -0.000115986  -0.00200312   0.00163391   0.00146101 -0.000547288   0.00139048   0.00198966   0.00280301   0.00246718   0.00289597   0.00272991   0.00400487 -0.000177257   0.00171933   0.00146586  -0.00163555    0.0224836 -0.000181282 -0.000186452 -0.000169978 -0.000181694 -0.000180417 -0.000167979 -0.000179648 -0.000158619 -0.000147867 -0.000167751 -0.000178116 -0.000171951  -0.00011088 -0.000152173 -0.000178122 -0.000203614 -0.000166083 -0.000168308 -0.000174874 -0.000151906 -3.99145e-05 -0.000121987 -0.000129927 -0.000104624 -0.000156065 -0.000180394 -0.000180976  -0.00021687
  0.00109476   0.00222278   0.00219793  0.000890345   0.00145822   0.00259464  0.000205391   0.00131109   0.00192161 -0.000706771  -0.00240122    0.0013197   0.00274913 -0.000214909  -0.00211376   0.00155172    0.0009293  -0.00143356   0.00148648   0.00180036   0.00267514   0.00250319   0.00283429    0.0026504   0.00431971 -0.000441162   0.00133349  0.000901243  -0.00177166 -0.000181282    0.0224531 -0.000236822 -0.000179267 -0.000201773 -0.000220886 -0.000190714 -0.000199221 -0.000185536 -0.000180974 -0.000190245 -0.000197319 -0.000190674 -0.000134999 -0.000171632 -0.000199325 -0.000266285 -0.000224064 -0.000189571 -0.000193201 -0.000169751 -5.46424e-05 -0.000129482 -0.000140355 -0.000110925 -0.000165237 -0.000201307 -0.000231902 -0.000265451
-0.000446259   0.00379153  0.000806128  -0.00324758   0.00250478     0.001448   0.00217323   0.00234126  -0.00339024  -0.00576379  0.000573115   0.00128254  -0.00127374   0.00037454 -0.000366341     0.002834  0.000831885  0.000667136   0.00408453   0.00192347   0.00229733   0.00243667   0.00399789   0.00355581   0.00498824   -0.0030312 -0.000749328 -7.86791e-05   0.00406142 -0.000186452 -0.000236822    0.0216466 -0.000193289 -0.000238383 -0.000878335 -0.000237306 -0.000234014 -0.000710716 -0.000621559 -0.000225934 -0.000228432 -0.000558094 -0.000465694   -0.0002465 -0.000234374  -0.00104849   -0.0007634 -0.000190493 -0.000210043 -0.000330584 -0.000179522 -0.000124853 -0.000131336 -5.39279e-05  -0.00014504 -0.000234182 -0.000947972 -0.000755745
   0.0013566   0.00202926   0.00222553   0.00133891   0.00159664   0.00238282  0.000543525   0.00154583   0.00176212  0.000158891  -0.00122903   0.00162154   0.00272994 -6.35109e-05  -0.00261556   0.00147671   0.00155512 -0.000351815   0.00160006   0.00193972   0.00279859   0.00260064   0.00286668   0.00267008   0.00402766 -0.000661612   0.00159817   0.00161415  -0.00162299 -0.000169978 -0.000179267 -0.000193289    0.0224821 -0.000180478 -0.000200618 -0.000169511 -0.000179079 -0.000191107 -0.000173967 -0.000169824 -0.000177877 -0.000220086 -0.000138457 -0.000143283 -0.000174429 -0.000185568 -0.000135002 -0.000169526 -0.000174316   -0.0001912 -5.26696e-05 -0.000121888 -0.000128289 -0.000106228 -0.000151009 -0.000177512 -0.000173487 -0.000198066
  0.00104729   0.00217667   0.00219016  0.000926738   0.00145462   0.00255842  0.000271401   0.00132088   0.00185008 -0.000670298  -0.00226818   0.00133883   0.00270439 -0.000207468  -0.00230421   0.00152486   0.00102835  -0.00129473   0.00151512   0.00179754   0.00269409   0.00257095   0.00285377   0.00265683    0.0043722 -0.000618975   0.00129466    0.0010036   -0.0017047 -0.000181694 -0.000201773 -0.000238383 -0.000180478    0.0224527 -0.000225326 -0.000192033 -0.000199749 -0.000192366 -0.000185937 -0.000191635  -0.00019795 -0.000199934 -0.000139851 -0.000170433 -0.000198876 -0.000263125 -0.000218652  -0.00019087 -0.000193812 -0.000176985 -5.63012e-05 -0.000130082 -0.000140595 -0.000112256 -0.000164813 -0.000201088 -0.000230722 -0.000262869
-0.000719604   0.00286848  0.000652032  -0.00218041    0.0021307  0.000852567    0.0027218   0.00218556  -0.00353713  -0.00314322    0.0035962   0.00141886 -0.000900573  0.000632541  -0.00314903   0.00200355   0.00138098  0.000986859   0.00490874   0.00182367   0.00255065   0.00350252    0.0038119    0.0032641   0.00529333  -0.00448716 -0.000860832  0.000853431   0.00271089 -0.000180417 -0.000220886 -0.000878335 -0.000200618 -0.000225326    0.0218149 -0.000240196 -0.000224391 -0.000767363 -0.000655052 -0.000234519  -0.00022126  -0.00073564 -0.000535199 -0.000202441 -0.000212469  -0.00082949 -0.000559513 -0.000200678 -0.000204186 -0.000508537 -0.000212427 -0.000127056 -0.000126828 -7.94114e-05 -0.000131349  -0.00021551 -0.000777027  -0.00059981
 0.000402496   0.00166053    0.0018323    0.0010616   0.00110445   0.00211743  0.000904826   0.00103931   0.00144562  -8.7777e-05 -0.000757522   0.00110344   0.00218942 -2.29768e-05  -0.00222272   0.00120868   0.00103246  -0.00104161   0.00198483   0.00143686   0.00246362   0.00316653   0.00256514   0.00228726   0.00471714  -0.00108354  0.000650453  0.000994106  -0.00072272 -0.000167979 -0.000190714 -0.000237306 -0.000169511 -0.000192033 -0.000240196    0.0224543 -0.000191167 -0.000226219 -0.000209688 -0.000201226 -0.000190324 -0.000263372 -0.000167726 -0.000162241 -0.000187427 -0.000260386 -0.000219647 -0.000198832  -0.00018611 -0.000236208 -6.63261e-05 -0.000123609 -0.000132332 -0.000121297 -0.000151094 -0.000189628 -0.000225845 -0.000260179
  0.00100521   0.00211137   0.00215473  0.000970161   0.00142804   0.00249375   0.00034627   0.00130787    0.0017696 -0.000554366  -0.00202575   0.00133738   0.00265212 -0.000214145  -0.00237503   0.00148032   0.00106872  -0.00120858    0.0015687   0.00177324   0.00267507   0.00261983   0.00282343   0.00261879   0.00436666 -0.000698061   0.00125107   0.00105521  -0.00164643 -0.000179648 -0.000199221 -0.000234014 -0.000179079 -0.000199749 -0.000224391 -0.000191167    0.0224571 -0.000195326 -0.000187701 -0.000190969 -0.000196002 -0.000207852 -0.000142889 -0.000167533 -0.000196082  -0.00025546 -0.000211716 -0.000190125 -0.000191927 -0.000184144 -5.75294e-05  -0.00012901 -0.000139112 -0.000112541 -0.000162582 -0.000198394 -0.000224728 -0.000256837
-0.000917065   0.00190006   0.00049876  -0.00118992   0.00172302  0.000346319   0.00309615   0.00198757  -0.00351839 -0.000181719   0.00655098    0.0015215 -0.000526543  0.000772764  -0.00522903   0.00120847   0.00185982   0.00145388   0.00557877   0.00169195   0.00271433   0.00449564   0.00348492   0.00285561   0.00524743  -0.00551075  -0.00089873   0.00164034   0.00157691 -0.000158619 -0.000185536 -0.000710716 -0.000191107 -0.000192366 -0.000767363 -0.000226219 -0.000195326    0.0218451 -0.000674883 -0.000227466 -0.000195157 -0.000916868   -0.0006035 -0.000148857 -0.000173008 -0.000594299 -0.000357643 -0.000193992 -0.000179853  -0.00069099  -0.00024263 -0.000118842 -0.000110479 -9.79282e-05 -0.000106966 -0.000178273  -0.00058272 -0.000430294
-0.000909975   0.00168711  0.000285532  -0.00141576   0.00118903  0.000314879   0.00207146   0.00133912  -0.00322226 -0.000678273   0.00483157  0.000929632 -0.000334612  0.000506631  -0.00465547  0.000849776  0.000651548 -0.000380775   0.00462973   0.00125592   0.00206161   0.00339256   0.00273971   0.00225166   0.00434413  -0.00452375 -0.000937055  0.000542345  0.000154628 -0.000147867 -0.000180974 -0.000621559 -0.000173967 -0.000185937 -0.000655052 -0.000209688 -0.000187701 -0.000674883    0.0220677 -0.000210612 -0.000187152 -0.000752902 -0.000518907  -0.00014391 -0.000171658     -0.00053 -0.000335388 -0.000182775 -0.000173849 -0.000571648 -0.000220193 -0.000109406 -0.000107316 -8.42575e-05 -0.000103851 -0.000175875 -0.000513846  -0.00038905
 0.000394116   0.00160483   0.00182984    0.0011244   0.00106168   0.00210891  0.000895285   0.00100354   0.00148481  0.000104067 -0.000622539   0.00109028   0.00224981 -3.09527e-05  -0.00229451   0.00115934   0.00101218  -0.00109285   0.00203053   0.00142054   0.00247182   0.00323372   0.00253634   0.00225461   0.00473411  -0.00108324  0.000652229  0.000994643 -0.000804633 -0.000167751 -0.000190245 -0.000225934 -0.000169824 -0.000191635 -0.000234519 -0.000201226 -0.000190969 -0.000227466 -0.000210612    0.0224522 -0.000190311 -0.000274278 -0.000171976 -0.000160343 -0.000186847 -0.000246428 -0.000208707 -0.000200298 -0.000186246 -0.000248742 -6.88382e-05 -0.000123959 -0.000132493 -0.000123442 -0.000150873 -0.000189147 -0.000213711 -0.000250751
 0.000981676   0.00206165   0.00213556   0.00100565    0.0014025   0.00245982  0.000377197   0.00128967   0.00174038 -0.000467658  -0.00189952   0.00133036   0.00263034 -0.000221237  -0.00239737   0.00144836   0.00108943  -0.00115827   0.00158607   0.00175224   0.00265887   0.00264716   0.00279496   0.00258642   0.00435568 -0.000723937   0.00122823   0.00108235   -0.0016063 -0.000178116 -0.000197319 -0.000228432 -0.000177877  -0.00019795  -0.00022126 -0.000190324 -0.000196002 -0.000195157 -0.000187152 -0.000190311    0.0224603 -0.000211379 -0.000143676 -0.000165396 -0.000194063  -0.00024827 -0.000205891 -0.000189528 -0.000190515 -0.000188031 -5.79342e-05 -0.000128203 -0.000138084 -0.000112814 -0.000161095 -0.000196429 -0.000218618 -0.000251467
-0.000641028   0.00124014  0.000481401  0.000711975   0.00142876 -0.000181196   0.00460167   0.00196775  -0.00326903   0.00500446    0.0131328   0.00189231  0.000770013   -0.0101558  -0.00651962  0.000501783   0.00167455  0.000577752   0.00836356   0.00187474   0.00337196   0.00670585    0.0033806   0.00261954   0.00624071  -0.00527108 -0.000615045    0.0021423 -8.98289e-05 -0.000171951 -0.000190674 -0.000558094 -0.000220086 -0.000199934  -0.00073564 -0.000263372 -0.000207852 -0.000916868 -0.000752902 -0.000274278 -0.000211379    0.0212844 -0.000734791 -0.000124364 -0.000175311   -0.0003585 -0.000155582 -0.000240748 -0.000196823  -0.00115286 -0.000306457 -0.000138342 -0.000122882  -0.00015288 -0.000114388 -0.000182616 -0.000390068  -0.00027644
-0.000870255   0.00100708  3.92417e-05  -0.00101559  0.000737878 -2.03361e-05   0.00175106  0.000937858  -0.00284378  0.000709254   0.00548175  0.000691686 -0.000180255  0.000508247  -0.00441641  0.000348279  0.000427433 -0.000378849   0.00431039   0.00091739   0.00168023   0.00316165   0.00204609   0.00160949   0.00345834  -0.00398327 -0.000857898  0.000457819 -0.000248022  -0.00011088 -0.000134999 -0.000465694 -0.000138457 -0.000139851 -0.000535199 -0.000167726 -0.000142889   -0.0006035 -0.000518907 -0.000171976 -0.000143676 -0.000734791    0.0221698 -9.59938e-05 -0.000126041 -0.000359975  -0.00020334 -0.000147384 -0.000132899 -0.000579322 -0.000209475 -8.53523e-05  -8.0243e-05 -7.41104e-05 -7.25334e-05 -0.000130278 -0.000362773 -0.000258849
  0.00106427   0.00246014   0.00203226  0.000501981   0.00162247   0.00249931  0.000477736   0.00142804   0.00162178  -0.00121719  -0.00224642   0.00129712   0.00218731 -0.000270645 -0.000352953   0.00182253  0.000789018  -0.00122697   0.00149735   0.00176942   0.00234687   0.00217773    0.0026661   0.00253245   0.00380684  0.000281324   0.00117377  0.000598346  -0.00102446 -0.000152173 -0.000171632   -0.0002465 -0.000143283 -0.000170433 -0.000202441 -0.000162241 -0.000167533 -0.000148857  -0.00014391 -0.000160343 -0.000165396 -0.000124364 -9.59938e-05    0.0224815 -0.000173871 -0.000336456 -0.000328638 -0.000156953 -0.000161188   -0.0001009 -3.09164e-05 -0.000108062 -0.000118614 -8.80324e-05 -0.000147509 -0.000173078 -0.000272472 -0.000318438
  0.00115713   0.00230305   0.00217577  0.000827659   0.00146065   0.00261517  0.000176341   0.00129223   0.00197649 -0.000715919  -0.00241276   0.00127863   0.00277325 -0.000249725  -0.00162818   0.00160038  0.000714376  -0.00169452    0.0015232    0.0017916   0.00260617   0.00240423   0.00276806   0.00260771   0.00420989 -6.87074e-05    0.0013638  0.000683689  -0.00181301 -0.000178122 -0.000199325 -0.000234374 -0.000174429 -0.000198876 -0.000212469 -0.000187427 -0.000196082 -0.000173008 -0.000171658 -0.000186847 -0.000194063 -0.000175311 -0.000126041 -0.000173871    0.0224565 -0.000276406 -0.000241565 -0.000186047 -0.000189957 -0.000157755 -5.13377e-05 -0.000126881 -0.000138328 -0.000107757 -0.000164421 -0.000199591 -0.000236202 -0.000273632
-0.000151566    0.0050697   0.00167782  -0.00380706   0.00305787   0.00309061   0.00158378   0.00258219  -0.00160826  -0.00789137  -0.00369549   0.00132691 -0.000737935  5.89379e-06   0.00361108   0.00410673  0.000445333 -0.000147598   0.00330409   0.00231165   0.00257094   0.00246694    0.0045679   0.00421382   0.00575893 -0.000862684 -0.000471128  -0.00102974    0.0053378 -0.000203614 -0.000266285  -0.00104849 -0.000185568 -0.000263125  -0.00082949 -0.000260386  -0.00025546 -0.000594299     -0.00053 -0.000246428  -0.00024827   -0.0003585 -0.000359975 -0.000336456 -0.000276406    0.0213536  -0.00109874 -0.000210468 -0.000230305 -0.000162316 -0.000120252 -0.000135864 -0.000151824 -6.01043e-05 -0.000189018 -0.000269617  -0.00109825   -0.0009817
 8.72417e-05   0.00494743    0.0017925  -0.00286355   0.00284083   0.00309996   0.00149312   0.00230138 -0.000805976  -0.00657333  -0.00338228   0.00123966 -3.42088e-05 -0.000270498   0.00400504   0.00372566 -0.000221842  -0.00226736   0.00309228     0.002231    0.0021666   0.00217971   0.00382221   0.00364294   0.00492379  0.000448102 -0.000254094   -0.0013705   0.00184573 -0.000166083 -0.000224064   -0.0007634 -0.000135002 -0.000218652 -0.000559513 -0.000219647 -0.000211716 -0.000357643 -0.000335388 -0.000208707 -0.000205891 -0.000155582  -0.00020334 -0.000328638 -0.000241565  -0.00109874    0.0215531 -0.000180901 -0.000192711 -3.63181e-05 -5.60231e-05 -0.000113996 -0.000133605 -5.46765e-05 -0.000181355  -0.00023141 -0.000872232 -0.000896325
 0.000471937   0.00151904   0.00190732    0.0013281   0.00100149   0.00218052   0.00076078  0.000936944   0.00178671  0.000213064  -0.00099703   0.00107631   0.00243225 -6.09548e-05  -0.00231626   0.00111051   0.00104194  -0.00112004   0.00179214   0.00139545   0.00247124   0.00317553   0.00247342   0.00220628   0.00469703  -0.00092992  0.000758479   0.00105458 -0.000937284 -0.000168308 -0.000189571 -0.000190493 -0.000169526  -0.00019087 -0.000200678 -0.000198832 -0.000190125 -0.000193992 -0.000182775 -0.000200298 -0.000189528 -0.000240748 -0.000147384 -0.000156953 -0.000186047 -0.000210468 -0.000180901    0.0224544 -0.000186266  -0.00022736 -5.92802e-05 -0.000124414 -0.000133534 -0.000125781  -0.00015236 -0.000188521 -0.000181309 -0.000227357
 0.000983541   0.00198401   0.00213107    0.0010681   0.00135273   0.00245021  0.000322975   0.00124011   0.00181844 -0.000409051  -0.00199992   0.00130286   0.00264241 -0.000232744  -0.00234898   0.00140577   0.00110439  -0.00110646     0.001466    0.0017099   0.00261364    0.0025971   0.00272399   0.00252173    0.0042727 -0.000661835   0.00123842   0.00110136  -0.00158062 -0.000174874 -0.000193201 -0.000210043 -0.000174316 -0.000193812 -0.000204186  -0.00018611 -0.000191927 -0.000179853 -0.000173849 -0.000186246 -0.000190515 -0.000196823 -0.000132899 -0.000161188 -0.000189957 -0.000230305 -0.000192711 -0.000186266    0.0224678 -0.000178263 -5.35601e-05 -0.000126036 -0.000135919  -0.00011194 -0.000158668 -0.000192339  -0.00020212 -0.000238466
-0.000465209  0.000602476  0.000509981   0.00145051  0.000695673 -2.82008e-05   0.00359911   0.00114083  -0.00160807   0.00566411    0.0111527   0.00131803   0.00159944   -0.0106637  -0.00536897   7.7165e-06  0.000783013 -0.000860979   0.00706452   0.00133733   0.00281934   0.00601734   0.00242601    0.0018104   0.00552164  -0.00354649 -0.000359708   0.00142838  -0.00113059 -0.000151906 -0.000169751 -0.000330584   -0.0001912 -0.000176985 -0.000508537 -0.000236208 -0.000184144  -0.00069099 -0.000571648 -0.000248742 -0.000188031  -0.00115286 -0.000579322   -0.0001009 -0.000157755 -0.000162316 -3.63181e-05  -0.00022736 -0.000178263    0.0216356  -0.00025072  -0.00012465 -0.000114339  -0.00015423 -0.000107465 -0.000164111 -0.000197899 -0.000149037
-0.000492814  0.000205905 -0.000327834 -0.000654256 -5.63576e-05 -0.000337245  0.000406262  1.10822e-05  -0.00152538  0.000457245    0.0026102 -7.63232e-05 -0.000104906   0.00024385  -0.00189932 -0.000197077 -0.000626981  -0.00123003    0.0018807   9.1884e-05  0.000322339  0.000925483   0.00041008  0.000268405   0.00100114  -0.00143459 -0.000542556 -0.000475406 -0.000853148 -3.99145e-05 -5.46424e-05 -0.000179522 -5.26696e-05 -5.63012e-05 -0.000212427 -6.63261e-05 -5.75294e-05  -0.00024263 -0.000220193 -6.88382e-05 -5.79342e-05 -0.000306457 -0.000209475 -3.09164e-05 -5.13377e-05 -0.000120252 -5.60231e-05 -5.92802e-05 -5.35601e-05  -0.00025072    0.0225535  -3.0922e-05 -3.04262e-05 -2.48795e-05 -2.31098e-05 -5.31883e-05 -0.000128701 -7.99585e-05
 0.000946857   0.00146809   0.00166307   0.00101945   0.00113073   0.00182002  0.000361328   0.00107446   0.00146011  6.41056e-05  -0.00117724   0.00114256   0.00202156 -0.000104387  -0.00162943   0.00109904   0.00111793 -0.000310063   0.00106105   0.00137948   0.00201128   0.00192958   0.00205202   0.00191282   0.00298154 -0.000332718   0.00113399   0.00112977  -0.00108267 -0.000121987 -0.000129482 -0.000124853 -0.000121888 -0.000130082 -0.000127056 -0.000123609  -0.00012901 -0.000118842 -0.000109406 -0.000123959 -0.000128203 -0.000138342 -8.53523e-05 -0.000108062 -0.000126881 -0.000135864 -0.000113996 -0.000124414 -0.000126036  -0.00012465  -3.0922e-05    0.0225668 -9.34025e-05 -7.89619e-05 -0.000111208 -0.000128657 -0.000120169 -0.000150136
 0.000968931    0.0015699   0.00173701  0.000977119   0.00112379   0.00196443  0.000214675   0.00103472   0.00160369 -0.000150281  -0.00163802   0.00110003   0.00215742 -0.000167974  -0.00153558   0.00114943  0.000963797 -0.000664893  0.000997458   0.00139391   0.00203923   0.00189966   0.00209261   0.00196215   0.00310395 -0.000186538   0.00116021  0.000968445  -0.00126402 -0.000129927 -0.000140355 -0.000131336 -0.000128289 -0.000140595 -0.000126828 -0.000132332 -0.000139112 -0.000110479 -0.000107316 -0.000132493 -0.000138084 -0.000122882  -8.0243e-05 -0.000118614 -0.000138328 -0.000151824 -0.000133605 -0.000133534 -0.000135919 -0.000114339 -3.04262e-05 -9.34025e-05    0.0225542 -8.25629e-05 -0.000119762 -0.000139923 -0.000131051 -0.000166375
