------------------------------------------------------------------------------
OPTIMISATION ITERATION NO.        : 1

CURRENT VALUE OF MARQUARDT LAMBDA = 0 --------->

FROZEN PARAMETERS-


SINGULAR VALUES IN SOLUTION:-
        4488.70       0.930471      0.0467775
TRUNCATED SINGULAR VALUES:-


MATRIX OF EIGENVECTORS IN SOLUTION:-
      -0.970526      -0.153313      -0.185945

     -0.0976793       0.955586      -0.278056

       0.220315      -0.251697      -0.942396


Number of singular values used in solution = 3


CURRENT VALUE OF MARQUARDT LAMBDA = 0.100000 --------->

FROZEN PARAMETERS-


SINGULAR VALUES IN SOLUTION:-
        4488.76       0.931967      0.0501789
TRUNCATED SINGULAR VALUES:-


MATRIX OF EIGENVECTORS IN SOLUTION:-
      -0.970526      -0.153310      -0.185942

     -0.0980861       0.956051      -0.276309

       0.220131      -0.249926      -0.942910


Number of singular values used in solution = 3


CURRENT VALUE OF MARQUARDT LAMBDA = 0.100000 --------->

FROZEN PARAMETERS-


SINGULAR VALUES IN SOLUTION:-
        4488.76       0.931967      0.0501789
TRUNCATED SINGULAR VALUES:-


MATRIX OF EIGENVECTORS IN SOLUTION:-
      -0.970526      -0.153310      -0.185942

     -0.0980861       0.956051      -0.276309

       0.220131      -0.249926      -0.942910


Number of singular values used in solution = 3


CURRENT VALUE OF MARQUARDT LAMBDA = 1.00000 --------->

FROZEN PARAMETERS-


SINGULAR VALUES IN SOLUTION:-
        4489.33       0.945710      0.0805087
TRUNCATED SINGULAR VALUES:-


MATRIX OF EIGENVECTORS IN SOLUTION:-
      -0.970534      -0.153291      -0.185919

      -0.101809       0.960172      -0.260202

       0.218400      -0.233607      -0.947486


Number of singular values used in solution = 3


CURRENT VALUE OF MARQUARDT LAMBDA = 1.00000 --------->

FROZEN PARAMETERS-


SINGULAR VALUES IN SOLUTION:-
        4489.33       0.945710      0.0805087
TRUNCATED SINGULAR VALUES:-


MATRIX OF EIGENVECTORS IN SOLUTION:-
      -0.970534      -0.153291      -0.185919

      -0.101809       0.960172      -0.260202

       0.218400      -0.233607      -0.947486


Number of singular values used in solution = 3


CURRENT VALUE OF MARQUARDT LAMBDA = 10.0000 --------->

FROZEN PARAMETERS-


SINGULAR VALUES IN SOLUTION:-
        4495.01        1.11622       0.350246
TRUNCATED SINGULAR VALUES:-


MATRIX OF EIGENVECTORS IN SOLUTION:-
      -0.970609      -0.153101      -0.185684

      -0.143233       0.987518     -0.0655226

       0.193398     -0.0370007      -0.980422


Number of singular values used in solution = 3


CURRENT VALUE OF MARQUARDT LAMBDA = 10.0000 --------->

FROZEN PARAMETERS-


SINGULAR VALUES IN SOLUTION:-
        4495.01        1.11622       0.350246
TRUNCATED SINGULAR VALUES:-


MATRIX OF EIGENVECTORS IN SOLUTION:-
      -0.970609      -0.153101      -0.185684

      -0.143233       0.987518     -0.0655226

       0.193398     -0.0370007      -0.980422


Number of singular values used in solution = 3


CURRENT VALUE OF MARQUARDT LAMBDA = 100.000 --------->

FROZEN PARAMETERS-


SINGULAR VALUES IN SOLUTION:-
        4551.81        4.59993        1.22169
TRUNCATED SINGULAR VALUES:-


MATRIX OF EIGENVECTORS IN SOLUTION:-
      -0.971344      -0.151216      -0.183370

       0.231998      -0.770880      -0.593230

     -0.0516501      -0.618771       0.783871


Number of singular values used in solution = 3


CURRENT VALUE OF MARQUARDT LAMBDA = 100.000 --------->

FROZEN PARAMETERS-


SINGULAR VALUES IN SOLUTION:-
        4551.81        4.59993        1.22169
TRUNCATED SINGULAR VALUES:-


MATRIX OF EIGENVECTORS IN SOLUTION:-
      -0.971344      -0.151216      -0.183370

       0.231998      -0.770880      -0.593230

     -0.0516501      -0.618771       0.783871


Number of singular values used in solution = 3


CURRENT VALUE OF MARQUARDT LAMBDA = 1000.00 --------->

FROZEN PARAMETERS-


SINGULAR VALUES IN SOLUTION:-
        5124.04        39.0070        6.18688
TRUNCATED SINGULAR VALUES:-


MATRIX OF EIGENVECTORS IN SOLUTION:-
      -0.977443      -0.134481      -0.162848

       0.209413      -0.717163      -0.664698

     -0.0273992      -0.683807       0.729148


Number of singular values used in solution = 3


CURRENT VALUE OF MARQUARDT LAMBDA = 1000.00 --------->

FROZEN PARAMETERS-


SINGULAR VALUES IN SOLUTION:-
        5124.04        39.0070        6.18688
TRUNCATED SINGULAR VALUES:-


MATRIX OF EIGENVECTORS IN SOLUTION:-
      -0.977443      -0.134481      -0.162848

       0.209413      -0.717163      -0.664698

     -0.0273992      -0.683807       0.729148


Number of singular values used in solution = 3


------------------------------------------------------------------------------
OPTIMISATION ITERATION NO.        : 2

CURRENT VALUE OF MARQUARDT LAMBDA = 0.000000 --------->

FROZEN PARAMETERS-


SINGULAR VALUES IN SOLUTION:-
        61.0190        1.08168      0.0893473
TRUNCATED SINGULAR VALUES:-


MATRIX OF EIGENVECTORS IN SOLUTION:-
      -0.940588       0.180693      -0.287478

       0.132155       0.974702       0.180252

       0.312776       0.131551      -0.940673


Number of singular values used in solution = 3


CURRENT VALUE OF MARQUARDT LAMBDA = 0.100000 --------->

FROZEN PARAMETERS-


SINGULAR VALUES IN SOLUTION:-
        61.0214        1.08477      0.0896548
TRUNCATED SINGULAR VALUES:-


MATRIX OF EIGENVECTORS IN SOLUTION:-
      -0.940591       0.180696      -0.287467

       0.132320       0.974769       0.179768

       0.312697       0.131051      -0.940769


Number of singular values used in solution = 3


CURRENT VALUE OF MARQUARDT LAMBDA = 0.100000 --------->

FROZEN PARAMETERS-


SINGULAR VALUES IN SOLUTION:-
        61.0214        1.08477      0.0896548
TRUNCATED SINGULAR VALUES:-


MATRIX OF EIGENVECTORS IN SOLUTION:-
      -0.940591       0.180696      -0.287467

       0.132320       0.974769       0.179768

       0.312697       0.131051      -0.940769


Number of singular values used in solution = 3


CURRENT VALUE OF MARQUARDT LAMBDA = 1.00000 --------->

FROZEN PARAMETERS-


SINGULAR VALUES IN SOLUTION:-
        61.0422        1.11261      0.0923984
TRUNCATED SINGULAR VALUES:-


MATRIX OF EIGENVECTORS IN SOLUTION:-
      -0.940616       0.180720      -0.287369

       0.133765       0.975344       0.175533

       0.312006       0.126669      -0.941598


Number of singular values used in solution = 3


CURRENT VALUE OF MARQUARDT LAMBDA = 1.00000 --------->

FROZEN PARAMETERS-


SINGULAR VALUES IN SOLUTION:-
        61.0422        1.11261      0.0923984
TRUNCATED SINGULAR VALUES:-


MATRIX OF EIGENVECTORS IN SOLUTION:-
      -0.940616       0.180720      -0.287369

       0.133765       0.975344       0.175533

       0.312006       0.126669      -0.941598


Number of singular values used in solution = 3


CURRENT VALUE OF MARQUARDT LAMBDA = 10.0000 --------->

FROZEN PARAMETERS-


SINGULAR VALUES IN SOLUTION:-
        61.2503        1.39285       0.117985
TRUNCATED SINGULAR VALUES:-


MATRIX OF EIGENVECTORS IN SOLUTION:-
      -0.940867       0.180966      -0.286394

       0.145003       0.979141       0.142328

       0.306176      0.0923837      -0.947482


Number of singular values used in solution = 3


CURRENT VALUE OF MARQUARDT LAMBDA = 10.0000 --------->

FROZEN PARAMETERS-


SINGULAR VALUES IN SOLUTION:-
        61.2503        1.39285       0.117985
TRUNCATED SINGULAR VALUES:-


MATRIX OF EIGENVECTORS IN SOLUTION:-
      -0.940867       0.180966      -0.286394

       0.145003       0.979141       0.142328

       0.306176      0.0923837      -0.947482


Number of singular values used in solution = 3


CURRENT VALUE OF MARQUARDT LAMBDA = 100.000 --------->

FROZEN PARAMETERS-


SINGULAR VALUES IN SOLUTION:-
        63.3387        4.24074       0.321305
TRUNCATED SINGULAR VALUES:-


MATRIX OF EIGENVECTORS IN SOLUTION:-
      -0.943216       0.183421      -0.276946

       0.175123       0.983030      0.0546296

       0.282267     0.00302783      -0.959331


Number of singular values used in solution = 3


CURRENT VALUE OF MARQUARDT LAMBDA = 100.000 --------->

FROZEN PARAMETERS-


SINGULAR VALUES IN SOLUTION:-
        63.3387        4.24074       0.321305
TRUNCATED SINGULAR VALUES:-


MATRIX OF EIGENVECTORS IN SOLUTION:-
      -0.943216       0.183421      -0.276946

       0.175123       0.983030      0.0546296

       0.282267     0.00302783      -0.959331


Number of singular values used in solution = 3


CURRENT VALUE OF MARQUARDT LAMBDA = 1000.00 --------->

FROZEN PARAMETERS-


SINGULAR VALUES IN SOLUTION:-
        84.7497        32.8412        1.70622
TRUNCATED SINGULAR VALUES:-


MATRIX OF EIGENVECTORS IN SOLUTION:-
      -0.955851       0.209310      -0.206248

       0.209846       0.977539      0.0195264

       0.205702     -0.0246160      -0.978305


Number of singular values used in solution = 3


CURRENT VALUE OF MARQUARDT LAMBDA = 1000.00 --------->

FROZEN PARAMETERS-


SINGULAR VALUES IN SOLUTION:-
        84.7497        32.8412        1.70622
TRUNCATED SINGULAR VALUES:-


MATRIX OF EIGENVECTORS IN SOLUTION:-
      -0.955851       0.209310      -0.206248

       0.209846       0.977539      0.0195264

       0.205702     -0.0246160      -0.978305


Number of singular values used in solution = 3


------------------------------------------------------------------------------
OPTIMISATION ITERATION NO.        : 3

CURRENT VALUE OF MARQUARDT LAMBDA = 0.000000 --------->

FROZEN PARAMETERS-


SINGULAR VALUES IN SOLUTION:-
        6093.62        1.69219       0.104514
TRUNCATED SINGULAR VALUES:-


MATRIX OF EIGENVECTORS IN SOLUTION:-
       0.584168       0.810949     -0.0332947

       0.643938      -0.438110       0.627219

       0.494056      -0.387841      -0.778131


Number of singular values used in solution = 3


CURRENT VALUE OF MARQUARDT LAMBDA = 0.100000 --------->

FROZEN PARAMETERS-


SINGULAR VALUES IN SOLUTION:-
        6093.65        1.70201       0.111321
TRUNCATED SINGULAR VALUES:-


MATRIX OF EIGENVECTORS IN SOLUTION:-
       0.584167       0.810950     -0.0332946

       0.646459      -0.440088       0.623228

       0.490754      -0.385593      -0.781331


Number of singular values used in solution = 3


CURRENT VALUE OF MARQUARDT LAMBDA = 0.100000 --------->

FROZEN PARAMETERS-


SINGULAR VALUES IN SOLUTION:-
        6093.65        1.70201       0.111321
TRUNCATED SINGULAR VALUES:-


MATRIX OF EIGENVECTORS IN SOLUTION:-
       0.584167       0.810950     -0.0332946

       0.646459      -0.440088       0.623228

       0.490754      -0.385593      -0.781331


Number of singular values used in solution = 3


CURRENT VALUE OF MARQUARDT LAMBDA = 1.00000 --------->

FROZEN PARAMETERS-


SINGULAR VALUES IN SOLUTION:-
        6093.85        1.79403       0.168918
TRUNCATED SINGULAR VALUES:-


MATRIX OF EIGENVECTORS IN SOLUTION:-
       0.584156       0.810958     -0.0332935

       0.667918      -0.457005       0.587395

       0.461137      -0.365368      -0.808615


Number of singular values used in solution = 3


CURRENT VALUE OF MARQUARDT LAMBDA = 1.00000 --------->

FROZEN PARAMETERS-


SINGULAR VALUES IN SOLUTION:-
        6093.85        1.79403       0.168918
TRUNCATED SINGULAR VALUES:-


MATRIX OF EIGENVECTORS IN SOLUTION:-
       0.584156       0.810958     -0.0332935

       0.667918      -0.457005       0.587395

       0.461137      -0.365368      -0.808615


Number of singular values used in solution = 3


CURRENT VALUE OF MARQUARDT LAMBDA = 10.0000 --------->

FROZEN PARAMETERS-


SINGULAR VALUES IN SOLUTION:-
        6095.88        2.97319       0.485869
TRUNCATED SINGULAR VALUES:-


MATRIX OF EIGENVECTORS IN SOLUTION:-
       0.584049       0.811036     -0.0332825

       0.776036      -0.545882       0.315881

       0.238022      -0.210318      -0.948215


Number of singular values used in solution = 3


CURRENT VALUE OF MARQUARDT LAMBDA = 10.0000 --------->

FROZEN PARAMETERS-


SINGULAR VALUES IN SOLUTION:-
        6095.88        2.97319       0.485869
TRUNCATED SINGULAR VALUES:-


MATRIX OF EIGENVECTORS IN SOLUTION:-
       0.584049       0.811036     -0.0332825

       0.776036      -0.545882       0.315881

       0.238022      -0.210318      -0.948215


Number of singular values used in solution = 3


CURRENT VALUE OF MARQUARDT LAMBDA = 100.000 --------->

FROZEN PARAMETERS-


SINGULAR VALUES IN SOLUTION:-
        6116.19        17.6467       0.761513
TRUNCATED SINGULAR VALUES:-


MATRIX OF EIGENVECTORS IN SOLUTION:-
       0.582976       0.811812     -0.0331721

       0.812482      -0.582302      0.0282427

     0.00361152     -0.0434165      -0.999051


Number of singular values used in solution = 3


CURRENT VALUE OF MARQUARDT LAMBDA = 100.000 --------->

FROZEN PARAMETERS-


SINGULAR VALUES IN SOLUTION:-
        6116.19        17.6467       0.761513
TRUNCATED SINGULAR VALUES:-


MATRIX OF EIGENVECTORS IN SOLUTION:-
       0.582976       0.811812     -0.0331721

       0.812482      -0.582302      0.0282427

     0.00361152     -0.0434165      -0.999051


Number of singular values used in solution = 3


CURRENT VALUE OF MARQUARDT LAMBDA = 1000.00 --------->

FROZEN PARAMETERS-


SINGULAR VALUES IN SOLUTION:-
        6320.48        165.579        1.14716
TRUNCATED SINGULAR VALUES:-


MATRIX OF EIGENVECTORS IN SOLUTION:-
       0.572293       0.819421     -0.0320990

       0.819527      -0.572887     -0.0132826

     -0.0292732     -0.0187044      -0.999396


Number of singular values used in solution = 3


CURRENT VALUE OF MARQUARDT LAMBDA = 1000.00 --------->

FROZEN PARAMETERS-


SINGULAR VALUES IN SOLUTION:-
        6320.48        165.579        1.14716
TRUNCATED SINGULAR VALUES:-


MATRIX OF EIGENVECTORS IN SOLUTION:-
       0.572293       0.819421     -0.0320990

       0.819527      -0.572887     -0.0132826

     -0.0292732     -0.0187044      -0.999396


Number of singular values used in solution = 3


------------------------------------------------------------------------------
OPTIMISATION ITERATION NO.        : 4

CURRENT VALUE OF MARQUARDT LAMBDA = 0.000000 --------->

FROZEN PARAMETERS-


SINGULAR VALUES IN SOLUTION:-
        21.6568        1.71284       0.174737
TRUNCATED SINGULAR VALUES:-


MATRIX OF EIGENVECTORS IN SOLUTION:-
      -0.826759       0.363827      -0.429068

      -0.136593      -0.869715      -0.474277

      -0.545722      -0.333505       0.768741


Number of singular values used in solution = 3


CURRENT VALUE OF MARQUARDT LAMBDA = 0.100000 --------->

FROZEN PARAMETERS-


SINGULAR VALUES IN SOLUTION:-
        21.6594        1.72171       0.176520
TRUNCATED SINGULAR VALUES:-


MATRIX OF EIGENVECTORS IN SOLUTION:-
      -0.826715       0.363992      -0.429013

      -0.137958      -0.870395      -0.472632

      -0.545445      -0.331546       0.769784


Number of singular values used in solution = 3


CURRENT VALUE OF MARQUARDT LAMBDA = 0.100000 --------->

FROZEN PARAMETERS-


SINGULAR VALUES IN SOLUTION:-
        21.6594        1.72171       0.176520
TRUNCATED SINGULAR VALUES:-


MATRIX OF EIGENVECTORS IN SOLUTION:-
      -0.826715       0.363992      -0.429013

      -0.137958      -0.870395      -0.472632

      -0.545445      -0.331546       0.769784


Number of singular values used in solution = 3


CURRENT VALUE OF MARQUARDT LAMBDA = 1.00000 --------->

FROZEN PARAMETERS-


SINGULAR VALUES IN SOLUTION:-
        21.6826        1.80213       0.191906
TRUNCATED SINGULAR VALUES:-


MATRIX OF EIGENVECTORS IN SOLUTION:-
      -0.826318       0.365480      -0.428512

      -0.149732      -0.876026      -0.458432

      -0.542935      -0.314648       0.778600


Number of singular values used in solution = 3


CURRENT VALUE OF MARQUARDT LAMBDA = 1.00000 --------->

FROZEN PARAMETERS-


SINGULAR VALUES IN SOLUTION:-
        21.6826        1.80213       0.191906
TRUNCATED SINGULAR VALUES:-


MATRIX OF EIGENVECTORS IN SOLUTION:-
      -0.826318       0.365480      -0.428512

      -0.149732      -0.876026      -0.458432

      -0.542935      -0.314648       0.778600


Number of singular values used in solution = 3


CURRENT VALUE OF MARQUARDT LAMBDA = 10.0000 --------->

FROZEN PARAMETERS-


SINGULAR VALUES IN SOLUTION:-
        21.9205        2.64423       0.301862
TRUNCATED SINGULAR VALUES:-


MATRIX OF EIGENVECTORS IN SOLUTION:-
      -0.822008       0.380876      -0.423363

      -0.231458      -0.902702      -0.362708

       0.520317       0.200158      -0.830185


Number of singular values used in solution = 3


CURRENT VALUE OF MARQUARDT LAMBDA = 10.0000 --------->

FROZEN PARAMETERS-
HK1 = 50.0000


SINGULAR VALUES IN SOLUTION:-
        2.57885       0.612536
TRUNCATED SINGULAR VALUES:-


MATRIX OF EIGENVECTORS IN SOLUTION:-
       0.872095      -0.489336

       0.489336       0.872095


Number of singular values used in solution = 2


CURRENT VALUE OF MARQUARDT LAMBDA = 100.000 --------->

FROZEN PARAMETERS-


SINGULAR VALUES IN SOLUTION:-
        25.1810        10.8434       0.742317
TRUNCATED SINGULAR VALUES:-


MATRIX OF EIGENVECTORS IN SOLUTION:-
      -0.727252       0.590280      -0.350249

       0.516885       0.806739       0.286359

       0.451591      0.0272167      -0.891810


Number of singular values used in solution = 3


CURRENT VALUE OF MARQUARDT LAMBDA = 100.000 --------->

FROZEN PARAMETERS-
HK1 = 50.0000


SINGULAR VALUES IN SOLUTION:-
        6.37535       0.970035
TRUNCATED SINGULAR VALUES:-


MATRIX OF EIGENVECTORS IN SOLUTION:-
       0.987568      -0.157194

      -0.157194      -0.987568


Number of singular values used in solution = 2


CURRENT VALUE OF MARQUARDT LAMBDA = 1000.00 --------->

FROZEN PARAMETERS-


SINGULAR VALUES IN SOLUTION:-
        121.203        31.4126        3.15269
TRUNCATED SINGULAR VALUES:-


MATRIX OF EIGENVECTORS IN SOLUTION:-
     -0.0707814       0.997095     -0.0281321

       0.958028      0.0758084       0.276468

       0.277798    -0.00738254      -0.960611


Number of singular values used in solution = 3


CURRENT VALUE OF MARQUARDT LAMBDA = 1000.00 --------->

FROZEN PARAMETERS-
HK1 = 50.0000


SINGULAR VALUES IN SOLUTION:-
        47.5947        1.29071
TRUNCATED SINGULAR VALUES:-


MATRIX OF EIGENVECTORS IN SOLUTION:-
      -0.999836      0.0181249

     -0.0181249      -0.999836


Number of singular values used in solution = 2


------------------------------------------------------------------------------
OPTIMISATION ITERATION NO.        : 5

CURRENT VALUE OF MARQUARDT LAMBDA = 0.000000 --------->

FROZEN PARAMETERS-


SINGULAR VALUES IN SOLUTION:-
        107.314        2.39774      0.0793934
TRUNCATED SINGULAR VALUES:-


MATRIX OF EIGENVECTORS IN SOLUTION:-
      -0.818921      -0.422619      -0.388280

       0.485907      -0.870591     -0.0772411

       0.305390       0.251922      -0.918299


Number of singular values used in solution = 3


CURRENT VALUE OF MARQUARDT LAMBDA = 0.100000 --------->

FROZEN PARAMETERS-
HK1 = 50.0000


SINGULAR VALUES IN SOLUTION:-
        14.5254       0.115113
TRUNCATED SINGULAR VALUES:-


MATRIX OF EIGENVECTORS IN SOLUTION:-
      -0.944701      -0.327933

       0.327933      -0.944701


Number of singular values used in solution = 2


CURRENT VALUE OF MARQUARDT LAMBDA = 0.100000 --------->

FROZEN PARAMETERS-
HK1 = 50.0000


SINGULAR VALUES IN SOLUTION:-
        14.5254       0.115113
TRUNCATED SINGULAR VALUES:-


MATRIX OF EIGENVECTORS IN SOLUTION:-
      -0.944701      -0.327933

       0.327933      -0.944701


Number of singular values used in solution = 2


CURRENT VALUE OF MARQUARDT LAMBDA = 1.00000 --------->

FROZEN PARAMETERS-
HK1 = 50.0000


SINGULAR VALUES IN SOLUTION:-
        14.6174       0.126212
TRUNCATED SINGULAR VALUES:-


MATRIX OF EIGENVECTORS IN SOLUTION:-
      -0.945420      -0.325855

       0.325855      -0.945420


Number of singular values used in solution = 2


CURRENT VALUE OF MARQUARDT LAMBDA = 1.00000 --------->

FROZEN PARAMETERS-
HK1 = 50.0000


SINGULAR VALUES IN SOLUTION:-
        14.6174       0.126212
TRUNCATED SINGULAR VALUES:-


MATRIX OF EIGENVECTORS IN SOLUTION:-
      -0.945420      -0.325855

       0.325855      -0.945420


Number of singular values used in solution = 2


CURRENT VALUE OF MARQUARDT LAMBDA = 10.0000 --------->

FROZEN PARAMETERS-
HK1 = 50.0000


SINGULAR VALUES IN SOLUTION:-
        15.5443       0.229949
TRUNCATED SINGULAR VALUES:-


MATRIX OF EIGENVECTORS IN SOLUTION:-
      -0.951961      -0.306220

       0.306220      -0.951961


Number of singular values used in solution = 2


CURRENT VALUE OF MARQUARDT LAMBDA = 10.0000 --------->

FROZEN PARAMETERS-
HK1 = 50.0000


SINGULAR VALUES IN SOLUTION:-
        15.5443       0.229949
TRUNCATED SINGULAR VALUES:-


MATRIX OF EIGENVECTORS IN SOLUTION:-
      -0.951961      -0.306220

       0.306220      -0.951961


Number of singular values used in solution = 2


CURRENT VALUE OF MARQUARDT LAMBDA = 100.000 --------->

FROZEN PARAMETERS-
HK1 = 50.0000


SINGULAR VALUES IN SOLUTION:-
        25.2498       0.831389
TRUNCATED SINGULAR VALUES:-


MATRIX OF EIGENVECTORS IN SOLUTION:-
      -0.982536      -0.186074

       0.186074      -0.982536


Number of singular values used in solution = 2


CURRENT VALUE OF MARQUARDT LAMBDA = 100.000 --------->

FROZEN PARAMETERS-
HK1 = 50.0000


SINGULAR VALUES IN SOLUTION:-
        25.2498       0.831389
TRUNCATED SINGULAR VALUES:-


MATRIX OF EIGENVECTORS IN SOLUTION:-
      -0.982536      -0.186074

       0.186074      -0.982536


Number of singular values used in solution = 2


CURRENT VALUE OF MARQUARDT LAMBDA = 1000.00 --------->

FROZEN PARAMETERS-
HK1 = 50.0000


SINGULAR VALUES IN SOLUTION:-
        127.524        1.62686
TRUNCATED SINGULAR VALUES:-


MATRIX OF EIGENVECTORS IN SOLUTION:-
      -0.999370     -0.0354822

      0.0354822      -0.999370


Number of singular values used in solution = 2


CURRENT VALUE OF MARQUARDT LAMBDA = 1000.00 --------->

FROZEN PARAMETERS-
HK1 = 50.0000


SINGULAR VALUES IN SOLUTION:-
        127.524        1.62686
TRUNCATED SINGULAR VALUES:-


MATRIX OF EIGENVECTORS IN SOLUTION:-
      -0.999370     -0.0354822

      0.0354822      -0.999370


Number of singular values used in solution = 2


------------------------------------------------------------------------------
OPTIMISATION ITERATION NO.        : 6

CURRENT VALUE OF MARQUARDT LAMBDA = 0.000000 --------->

FROZEN PARAMETERS-


SINGULAR VALUES IN SOLUTION:-
        2902.29        1.03705       0.104567
TRUNCATED SINGULAR VALUES:-


MATRIX OF EIGENVECTORS IN SOLUTION:-
      -0.936571     -0.0451355      -0.347560

     -0.0803716       0.992905      0.0876347

       0.341139       0.110010      -0.933553


Number of singular values used in solution = 3


CURRENT VALUE OF MARQUARDT LAMBDA = 0.100000 --------->

FROZEN PARAMETERS-


SINGULAR VALUES IN SOLUTION:-
        2902.45        1.04252       0.128373
TRUNCATED SINGULAR VALUES:-


MATRIX OF EIGENVECTORS IN SOLUTION:-
      -0.936578     -0.0451331      -0.347542

      0.0821447      -0.992318     -0.0925025

       0.340697       0.115184      -0.933091


Number of singular values used in solution = 3


CURRENT VALUE OF MARQUARDT LAMBDA = 0.100000 --------->

FROZEN PARAMETERS-


SINGULAR VALUES IN SOLUTION:-
        2902.45        1.04252       0.128373
TRUNCATED SINGULAR VALUES:-


MATRIX OF EIGENVECTORS IN SOLUTION:-
      -0.936578     -0.0451331      -0.347542

      0.0821447      -0.992318     -0.0925025

       0.340697       0.115184      -0.933091


Number of singular values used in solution = 3


CURRENT VALUE OF MARQUARDT LAMBDA = 1.00000 --------->

FROZEN PARAMETERS-


SINGULAR VALUES IN SOLUTION:-
        2903.90        1.09454       0.339757
TRUNCATED SINGULAR VALUES:-


MATRIX OF EIGENVECTORS IN SOLUTION:-
      -0.936642     -0.0451113      -0.347372

       0.101729      -0.983963      -0.146517

       0.335192       0.172572      -0.926210


Number of singular values used in solution = 3


CURRENT VALUE OF MARQUARDT LAMBDA = 1.00000 --------->

FROZEN PARAMETERS-


SINGULAR VALUES IN SOLUTION:-
        2903.90        1.09454       0.339757
TRUNCATED SINGULAR VALUES:-


MATRIX OF EIGENVECTORS IN SOLUTION:-
      -0.936642     -0.0451113      -0.347372

       0.101729      -0.983963      -0.146517

       0.335192       0.172572      -0.926210


Number of singular values used in solution = 3


CURRENT VALUE OF MARQUARDT LAMBDA = 10.0000 --------->

FROZEN PARAMETERS-


SINGULAR VALUES IN SOLUTION:-
        2918.32        2.68085        1.37692
TRUNCATED SINGULAR VALUES:-


MATRIX OF EIGENVECTORS IN SOLUTION:-
      -0.937276     -0.0448940      -0.345686

       0.343228      -0.292100      -0.892677

     -0.0608988      -0.955334       0.289187


Number of singular values used in solution = 3


CURRENT VALUE OF MARQUARDT LAMBDA = 10.0000 --------->

FROZEN PARAMETERS-


SINGULAR VALUES IN SOLUTION:-
        2918.32        2.68085        1.37692
TRUNCATED SINGULAR VALUES:-


MATRIX OF EIGENVECTORS IN SOLUTION:-
      -0.937276     -0.0448940      -0.345686

       0.343228      -0.292100      -0.892677

     -0.0608988      -0.955334       0.289187


Number of singular values used in solution = 3


CURRENT VALUE OF MARQUARDT LAMBDA = 100.000 --------->

FROZEN PARAMETERS-


SINGULAR VALUES IN SOLUTION:-
        3063.60        24.0154        5.26777
TRUNCATED SINGULAR VALUES:-


MATRIX OF EIGENVECTORS IN SOLUTION:-
      -0.943179     -0.0428099      -0.329517

       0.332221      -0.141056      -0.932594

    -0.00655621      -0.989076       0.147264


Number of singular values used in solution = 3


CURRENT VALUE OF MARQUARDT LAMBDA = 100.000 --------->

FROZEN PARAMETERS-


SINGULAR VALUES IN SOLUTION:-
        3063.60        24.0154        5.26777
TRUNCATED SINGULAR VALUES:-


MATRIX OF EIGENVECTORS IN SOLUTION:-
      -0.943179     -0.0428099      -0.329517

       0.332221      -0.141056      -0.932594

    -0.00655621      -0.989076       0.147264


Number of singular values used in solution = 3


CURRENT VALUE OF MARQUARDT LAMBDA = 1000.00 --------->

FROZEN PARAMETERS-


SINGULAR VALUES IN SOLUTION:-
        4583.79        170.276        43.8308
TRUNCATED SINGULAR VALUES:-


MATRIX OF EIGENVECTORS IN SOLUTION:-
      -0.975199     -0.0285807      -0.219477

       0.221307      -0.140383      -0.965047

    -0.00322923      -0.989685       0.143227


Number of singular values used in solution = 3


CURRENT VALUE OF MARQUARDT LAMBDA = 1000.00 --------->

FROZEN PARAMETERS-


SINGULAR VALUES IN SOLUTION:-
        4583.79        170.276        43.8308
TRUNCATED SINGULAR VALUES:-


MATRIX OF EIGENVECTORS IN SOLUTION:-
      -0.975199     -0.0285807      -0.219477

       0.221307      -0.140383      -0.965047

    -0.00322923      -0.989685       0.143227


Number of singular values used in solution = 3


