------------------------------------------------------------------------------
OPTIMISATION ITERATION NO.        : 1

CURRENT VALUE OF MARQUARDT LAMBDA = 0 --------->

FROZEN PARAMETERS-


SINGULAR VALUES IN SOLUTION:-
        2842.97        1.55894      0.0179395
TRUNCATED SINGULAR VALUES:-


MATRIX OF EIGENVECTORS IN SOLUTION:-
      -0.987159     -0.0937125      -0.129361

     -0.0752044       0.987119      -0.141208

       0.140927      -0.129666      -0.981492


Number of singular values used in solution = 3


CURRENT VALUE OF MARQUARDT LAMBDA = 0.100000 --------->

FROZEN PARAMETERS-


SINGULAR VALUES IN SOLUTION:-
        2843.05        1.57251      0.0197213
TRUNCATED SINGULAR VALUES:-


MATRIX OF EIGENVECTORS IN SOLUTION:-
      -0.987160     -0.0937105      -0.129357

     -0.0754334       0.987330      -0.139601

       0.140800      -0.128050      -0.981722


Number of singular values used in solution = 3


CURRENT VALUE OF MARQUARDT LAMBDA = 0.100000 --------->

FROZEN PARAMETERS-


SINGULAR VALUES IN SOLUTION:-
        2843.05        1.57251      0.0197213
TRUNCATED SINGULAR VALUES:-


MATRIX OF EIGENVECTORS IN SOLUTION:-
      -0.987160     -0.0937105      -0.129357

     -0.0754334       0.987330      -0.139601

       0.140800      -0.128050      -0.981722


Number of singular values used in solution = 3


CURRENT VALUE OF MARQUARDT LAMBDA = 1.00000 --------->

FROZEN PARAMETERS-


SINGULAR VALUES IN SOLUTION:-
        2843.73        1.69495      0.0354056
TRUNCATED SINGULAR VALUES:-


MATRIX OF EIGENVECTORS IN SOLUTION:-
      -0.987166     -0.0936921      -0.129326

     -0.0773380       0.988991      -0.126155

       0.139722      -0.114535      -0.983544


Number of singular values used in solution = 3


CURRENT VALUE OF MARQUARDT LAMBDA = 1.00000 --------->

FROZEN PARAMETERS-


SINGULAR VALUES IN SOLUTION:-
        2843.73        1.69495      0.0354056
TRUNCATED SINGULAR VALUES:-


MATRIX OF EIGENVECTORS IN SOLUTION:-
      -0.987166     -0.0936921      -0.129326

     -0.0773380       0.988991      -0.126155

       0.139722      -0.114535      -0.983544


Number of singular values used in solution = 3


CURRENT VALUE OF MARQUARDT LAMBDA = 10.0000 --------->

FROZEN PARAMETERS-


SINGULAR VALUES IN SOLUTION:-
        2850.53        2.93858       0.172611
TRUNCATED SINGULAR VALUES:-


MATRIX OF EIGENVECTORS IN SOLUTION:-
      -0.987224     -0.0935081      -0.129018

     -0.0876919       0.994889     -0.0500597

       0.133039     -0.0381063      -0.990378


Number of singular values used in solution = 3


CURRENT VALUE OF MARQUARDT LAMBDA = 10.0000 --------->

FROZEN PARAMETERS-


SINGULAR VALUES IN SOLUTION:-
        2850.53        2.93858       0.172611
TRUNCATED SINGULAR VALUES:-


MATRIX OF EIGENVECTORS IN SOLUTION:-
      -0.987224     -0.0935081      -0.129018

     -0.0876919       0.994889     -0.0500597

       0.133039     -0.0381063      -0.990378


Number of singular values used in solution = 3


CURRENT VALUE OF MARQUARDT LAMBDA = 100.000 --------->

FROZEN PARAMETERS-


SINGULAR VALUES IN SOLUTION:-
        2918.62        15.5755        1.30348
TRUNCATED SINGULAR VALUES:-


MATRIX OF EIGENVECTORS IN SOLUTION:-
      -0.987781     -0.0917051      -0.126008

     -0.0971709       0.994545      0.0379241

       0.121842      0.0497050      -0.991304


Number of singular values used in solution = 3


CURRENT VALUE OF MARQUARDT LAMBDA = 100.000 --------->

FROZEN PARAMETERS-


SINGULAR VALUES IN SOLUTION:-
        2918.62        15.5755        1.30348
TRUNCATED SINGULAR VALUES:-


MATRIX OF EIGENVECTORS IN SOLUTION:-
      -0.987781     -0.0917051      -0.126008

     -0.0971709       0.994545      0.0379241

       0.121842      0.0497050      -0.991304


Number of singular values used in solution = 3


CURRENT VALUE OF MARQUARDT LAMBDA = 1000.00 --------->

FROZEN PARAMETERS-


SINGULAR VALUES IN SOLUTION:-
        3602.78        141.156        10.1529
TRUNCATED SINGULAR VALUES:-


MATRIX OF EIGENVECTORS IN SOLUTION:-
      -0.991814     -0.0767743      -0.102032

     -0.0818799       0.995542      0.0468251

      0.0979822      0.0547961      -0.993678


Number of singular values used in solution = 3


CURRENT VALUE OF MARQUARDT LAMBDA = 1000.00 --------->

FROZEN PARAMETERS-


SINGULAR VALUES IN SOLUTION:-
        3602.78        141.156        10.1529
TRUNCATED SINGULAR VALUES:-


MATRIX OF EIGENVECTORS IN SOLUTION:-
      -0.991814     -0.0767743      -0.102032

     -0.0818799       0.995542      0.0468251

      0.0979822      0.0547961      -0.993678


Number of singular values used in solution = 3


------------------------------------------------------------------------------
OPTIMISATION ITERATION NO.        : 2

CURRENT VALUE OF MARQUARDT LAMBDA = 0.000000 --------->

FROZEN PARAMETERS-


SINGULAR VALUES IN SOLUTION:-
        114.570        4.11464       0.163050
TRUNCATED SINGULAR VALUES:-


MATRIX OF EIGENVECTORS IN SOLUTION:-
      -0.439272       0.390038      -0.809265

       0.745421       0.661019     -0.0860287

       0.501385      -0.641034      -0.581110


Number of singular values used in solution = 3


CURRENT VALUE OF MARQUARDT LAMBDA = 0.100000 --------->

FROZEN PARAMETERS-
HK1 = 50.0000


SINGULAR VALUES IN SOLUTION:-
        14.2401       0.330161
TRUNCATED SINGULAR VALUES:-


MATRIX OF EIGENVECTORS IN SOLUTION:-
       0.732804      -0.680440

       0.680440       0.732804


Number of singular values used in solution = 2


CURRENT VALUE OF MARQUARDT LAMBDA = 0.100000 --------->

FROZEN PARAMETERS-
HK1 = 50.0000


SINGULAR VALUES IN SOLUTION:-
        14.2401       0.330161
TRUNCATED SINGULAR VALUES:-


MATRIX OF EIGENVECTORS IN SOLUTION:-
       0.732804      -0.680440

       0.680440       0.732804


Number of singular values used in solution = 2


CURRENT VALUE OF MARQUARDT LAMBDA = 1.00000 --------->

FROZEN PARAMETERS-
HK1 = 50.0000


SINGULAR VALUES IN SOLUTION:-
        14.2406       0.330661
TRUNCATED SINGULAR VALUES:-


MATRIX OF EIGENVECTORS IN SOLUTION:-
       0.732809      -0.680434

       0.680434       0.732809


Number of singular values used in solution = 2


CURRENT VALUE OF MARQUARDT LAMBDA = 1.00000 --------->

FROZEN PARAMETERS-
HK1 = 50.0000


SINGULAR VALUES IN SOLUTION:-
        14.2406       0.330661
TRUNCATED SINGULAR VALUES:-


MATRIX OF EIGENVECTORS IN SOLUTION:-
       0.732809      -0.680434

       0.680434       0.732809


Number of singular values used in solution = 2


CURRENT VALUE OF MARQUARDT LAMBDA = 10.0000 --------->

FROZEN PARAMETERS-
HK1 = 50.0000


SINGULAR VALUES IN SOLUTION:-
        14.2458       0.335669
TRUNCATED SINGULAR VALUES:-


MATRIX OF EIGENVECTORS IN SOLUTION:-
       0.732858      -0.680381

       0.680381       0.732858


Number of singular values used in solution = 2


CURRENT VALUE OF MARQUARDT LAMBDA = 10.0000 --------->

FROZEN PARAMETERS-
HK1 = 50.0000


SINGULAR VALUES IN SOLUTION:-
        14.2458       0.335669
TRUNCATED SINGULAR VALUES:-


MATRIX OF EIGENVECTORS IN SOLUTION:-
       0.732858      -0.680381

       0.680381       0.732858


Number of singular values used in solution = 2


CURRENT VALUE OF MARQUARDT LAMBDA = 100.000 --------->

FROZEN PARAMETERS-
HK1 = 50.0000


SINGULAR VALUES IN SOLUTION:-
        14.2973       0.385741
TRUNCATED SINGULAR VALUES:-


MATRIX OF EIGENVECTORS IN SOLUTION:-
       0.733352      -0.679849

       0.679849       0.733352


Number of singular values used in solution = 2


CURRENT VALUE OF MARQUARDT LAMBDA = 100.000 --------->

FROZEN PARAMETERS-
HK1 = 50.0000


SINGULAR VALUES IN SOLUTION:-
        14.2973       0.385741
TRUNCATED SINGULAR VALUES:-


MATRIX OF EIGENVECTORS IN SOLUTION:-
       0.733352      -0.679849

       0.679849       0.733352


Number of singular values used in solution = 2


CURRENT VALUE OF MARQUARDT LAMBDA = 1000.00 --------->

FROZEN PARAMETERS-
HK1 = 50.0000


SINGULAR VALUES IN SOLUTION:-
        14.8140       0.885657
TRUNCATED SINGULAR VALUES:-


MATRIX OF EIGENVECTORS IN SOLUTION:-
       0.738260      -0.674516

       0.674516       0.738260


Number of singular values used in solution = 2


CURRENT VALUE OF MARQUARDT LAMBDA = 1000.00 --------->

FROZEN PARAMETERS-
HK1 = 50.0000


SINGULAR VALUES IN SOLUTION:-
        14.8140       0.885657
TRUNCATED SINGULAR VALUES:-


MATRIX OF EIGENVECTORS IN SOLUTION:-
       0.738260      -0.674516

       0.674516       0.738260


Number of singular values used in solution = 2


------------------------------------------------------------------------------
OPTIMISATION ITERATION NO.        : 3

CURRENT VALUE OF MARQUARDT LAMBDA = 0.000000 --------->

FROZEN PARAMETERS-


SINGULAR VALUES IN SOLUTION:-
        36.2964        1.06674       0.286871
TRUNCATED SINGULAR VALUES:-


MATRIX OF EIGENVECTORS IN SOLUTION:-
      -0.701491       0.369949      -0.609137

      0.0144730      -0.847144      -0.531166

      -0.712531      -0.381425       0.588910


Number of singular values used in solution = 3


CURRENT VALUE OF MARQUARDT LAMBDA = 0.100000 --------->

FROZEN PARAMETERS-
HK1 = 50.0000


SINGULAR VALUES IN SOLUTION:-
        5.59592       0.385992
TRUNCATED SINGULAR VALUES:-


MATRIX OF EIGENVECTORS IN SOLUTION:-
       0.767483      -0.641070

       0.641070       0.767483


Number of singular values used in solution = 2


CURRENT VALUE OF MARQUARDT LAMBDA = 0.100000 --------->

FROZEN PARAMETERS-
HK1 = 50.0000


SINGULAR VALUES IN SOLUTION:-
        5.59592       0.385992
TRUNCATED SINGULAR VALUES:-


MATRIX OF EIGENVECTORS IN SOLUTION:-
       0.767483      -0.641070

       0.641070       0.767483


Number of singular values used in solution = 2


CURRENT VALUE OF MARQUARDT LAMBDA = 1.00000 --------->

FROZEN PARAMETERS-
HK1 = 50.0000


SINGULAR VALUES IN SOLUTION:-
        5.59678       0.386702
TRUNCATED SINGULAR VALUES:-


MATRIX OF EIGENVECTORS IN SOLUTION:-
       0.767536      -0.641006

       0.641006       0.767536


Number of singular values used in solution = 2


CURRENT VALUE OF MARQUARDT LAMBDA = 1.00000 --------->

FROZEN PARAMETERS-
HK1 = 50.0000


SINGULAR VALUES IN SOLUTION:-
        5.59678       0.386702
TRUNCATED SINGULAR VALUES:-


MATRIX OF EIGENVECTORS IN SOLUTION:-
       0.767536      -0.641006

       0.641006       0.767536


Number of singular values used in solution = 2


CURRENT VALUE OF MARQUARDT LAMBDA = 10.0000 --------->

FROZEN PARAMETERS-
HK1 = 50.0000


SINGULAR VALUES IN SOLUTION:-
        5.60546       0.393800
TRUNCATED SINGULAR VALUES:-


MATRIX OF EIGENVECTORS IN SOLUTION:-
       0.768068      -0.640368

       0.640368       0.768068


Number of singular values used in solution = 2


CURRENT VALUE OF MARQUARDT LAMBDA = 10.0000 --------->

FROZEN PARAMETERS-
HK1 = 50.0000


SINGULAR VALUES IN SOLUTION:-
        5.60546       0.393800
TRUNCATED SINGULAR VALUES:-


MATRIX OF EIGENVECTORS IN SOLUTION:-
       0.768068      -0.640368

       0.640368       0.768068


Number of singular values used in solution = 2


CURRENT VALUE OF MARQUARDT LAMBDA = 100.000 --------->

FROZEN PARAMETERS-
HK1 = 50.0000


SINGULAR VALUES IN SOLUTION:-
        5.69258       0.464383
TRUNCATED SINGULAR VALUES:-


MATRIX OF EIGENVECTORS IN SOLUTION:-
       0.773342      -0.633989

       0.633989       0.773342


Number of singular values used in solution = 2


CURRENT VALUE OF MARQUARDT LAMBDA = 100.000 --------->

FROZEN PARAMETERS-
HK1 = 50.0000


SINGULAR VALUES IN SOLUTION:-
        5.69258       0.464383
TRUNCATED SINGULAR VALUES:-


MATRIX OF EIGENVECTORS IN SOLUTION:-
       0.773342      -0.633989

       0.633989       0.773342


Number of singular values used in solution = 2


CURRENT VALUE OF MARQUARDT LAMBDA = 1000.00 --------->

FROZEN PARAMETERS-
HK1 = 50.0000


SINGULAR VALUES IN SOLUTION:-
        6.60161        1.13241
TRUNCATED SINGULAR VALUES:-


MATRIX OF EIGENVECTORS IN SOLUTION:-
       0.821077      -0.570818

       0.570818       0.821077


Number of singular values used in solution = 2


CURRENT VALUE OF MARQUARDT LAMBDA = 1000.00 --------->

FROZEN PARAMETERS-
HK1 = 50.0000


SINGULAR VALUES IN SOLUTION:-
        6.60161        1.13241
TRUNCATED SINGULAR VALUES:-


MATRIX OF EIGENVECTORS IN SOLUTION:-
       0.821077      -0.570818

       0.570818       0.821077


Number of singular values used in solution = 2


------------------------------------------------------------------------------
OPTIMISATION ITERATION NO.        : 4

CURRENT VALUE OF MARQUARDT LAMBDA = 0.000000 --------->

FROZEN PARAMETERS-


SINGULAR VALUES IN SOLUTION:-
        722.547        4.32116       0.111857
TRUNCATED SINGULAR VALUES:-


MATRIX OF EIGENVECTORS IN SOLUTION:-
      -0.891267      -0.400973      -0.211812

      -0.191945       0.756745      -0.624896

       0.410854      -0.516292      -0.751426


Number of singular values used in solution = 3


CURRENT VALUE OF MARQUARDT LAMBDA = 0.100000 --------->

FROZEN PARAMETERS-


SINGULAR VALUES IN SOLUTION:-
        722.554        4.32279       0.113892
TRUNCATED SINGULAR VALUES:-


MATRIX OF EIGENVECTORS IN SOLUTION:-
      -0.891268      -0.400971      -0.211810

      -0.192073       0.756908      -0.624659

       0.410790      -0.516055      -0.751624


Number of singular values used in solution = 3


CURRENT VALUE OF MARQUARDT LAMBDA = 0.100000 --------->

FROZEN PARAMETERS-


SINGULAR VALUES IN SOLUTION:-
        722.554        4.32279       0.113892
TRUNCATED SINGULAR VALUES:-


MATRIX OF EIGENVECTORS IN SOLUTION:-
      -0.891268      -0.400971      -0.211810

      -0.192073       0.756908      -0.624659

       0.410790      -0.516055      -0.751624


Number of singular values used in solution = 3


CURRENT VALUE OF MARQUARDT LAMBDA = 1.00000 --------->

FROZEN PARAMETERS-


SINGULAR VALUES IN SOLUTION:-
        722.612        4.33749       0.132167
TRUNCATED SINGULAR VALUES:-


MATRIX OF EIGENVECTORS IN SOLUTION:-
      -0.891282      -0.400949      -0.211794

      -0.193230       0.758373      -0.622521

       0.410218      -0.513917      -0.753400


Number of singular values used in solution = 3


CURRENT VALUE OF MARQUARDT LAMBDA = 1.00000 --------->

FROZEN PARAMETERS-


SINGULAR VALUES IN SOLUTION:-
        722.612        4.33749       0.132167
TRUNCATED SINGULAR VALUES:-


MATRIX OF EIGENVECTORS IN SOLUTION:-
      -0.891282      -0.400949      -0.211794

      -0.193230       0.758373      -0.622521

       0.410218      -0.513917      -0.753400


Number of singular values used in solution = 3


CURRENT VALUE OF MARQUARDT LAMBDA = 10.0000 --------->

FROZEN PARAMETERS-


SINGULAR VALUES IN SOLUTION:-
        723.198        4.48829       0.311096
TRUNCATED SINGULAR VALUES:-


MATRIX OF EIGENVECTORS IN SOLUTION:-
      -0.891418      -0.400732      -0.211630

      -0.204798       0.772801      -0.600697

       0.404266      -0.492131      -0.770958


Number of singular values used in solution = 3


CURRENT VALUE OF MARQUARDT LAMBDA = 10.0000 --------->

FROZEN PARAMETERS-


SINGULAR VALUES IN SOLUTION:-
        723.198        4.48829       0.311096
TRUNCATED SINGULAR VALUES:-


MATRIX OF EIGENVECTORS IN SOLUTION:-
      -0.891418      -0.400732      -0.211630

      -0.204798       0.772801      -0.600697

       0.404266      -0.492131      -0.770958


Number of singular values used in solution = 3


CURRENT VALUE OF MARQUARDT LAMBDA = 100.000 --------->

FROZEN PARAMETERS-


SINGULAR VALUES IN SOLUTION:-
        729.056        6.36445        1.72484
TRUNCATED SINGULAR VALUES:-


MATRIX OF EIGENVECTORS IN SOLUTION:-
      -0.892773      -0.398568      -0.210001

      -0.304312       0.877251      -0.371247

       0.332191      -0.267533      -0.904475


Number of singular values used in solution = 3


CURRENT VALUE OF MARQUARDT LAMBDA = 100.000 --------->

FROZEN PARAMETERS-
HK1 = 50.0000


SINGULAR VALUES IN SOLUTION:-
        10.0493       0.400362
TRUNCATED SINGULAR VALUES:-


MATRIX OF EIGENVECTORS IN SOLUTION:-
      -0.777718      -0.628614

       0.628614      -0.777718


Number of singular values used in solution = 2


CURRENT VALUE OF MARQUARDT LAMBDA = 1000.00 --------->

FROZEN PARAMETERS-


SINGULAR VALUES IN SOLUTION:-
        788.341        33.1915        7.10140
TRUNCATED SINGULAR VALUES:-


MATRIX OF EIGENVECTORS IN SOLUTION:-
      -0.905247      -0.377631      -0.194738

      -0.398427       0.913676      0.0803257

       0.147594       0.150304      -0.977561


Number of singular values used in solution = 3


CURRENT VALUE OF MARQUARDT LAMBDA = 1000.00 --------->

FROZEN PARAMETERS-
HK1 = 50.0000


SINGULAR VALUES IN SOLUTION:-
        10.7874       0.966822
TRUNCATED SINGULAR VALUES:-


MATRIX OF EIGENVECTORS IN SOLUTION:-
      -0.799268      -0.600975

       0.600975      -0.799268


Number of singular values used in solution = 2


------------------------------------------------------------------------------
OPTIMISATION ITERATION NO.        : 5

CURRENT VALUE OF MARQUARDT LAMBDA = 0.000000 --------->

FROZEN PARAMETERS-


SINGULAR VALUES IN SOLUTION:-
        3320.10        1.21365      0.0490466
TRUNCATED SINGULAR VALUES:-


MATRIX OF EIGENVECTORS IN SOLUTION:-
       0.278162       0.959670      0.0407318

       0.672996      -0.164462      -0.721130

      -0.685348       0.228003      -0.691601


Number of singular values used in solution = 3


CURRENT VALUE OF MARQUARDT LAMBDA = 0.100000 --------->

FROZEN PARAMETERS-


SINGULAR VALUES IN SOLUTION:-
        3320.28        1.22012      0.0605441
TRUNCATED SINGULAR VALUES:-


MATRIX OF EIGENVECTORS IN SOLUTION:-
       0.278146       0.959675      0.0407295

       0.678027      -0.166127      -0.716018

      -0.680378       0.226773      -0.696893


Number of singular values used in solution = 3


CURRENT VALUE OF MARQUARDT LAMBDA = 0.100000 --------->

FROZEN PARAMETERS-


SINGULAR VALUES IN SOLUTION:-
        3320.28        1.22012      0.0605441
TRUNCATED SINGULAR VALUES:-


MATRIX OF EIGENVECTORS IN SOLUTION:-
       0.278146       0.959675      0.0407295

       0.678027      -0.166127      -0.716018

      -0.680378       0.226773      -0.696893


Number of singular values used in solution = 3


CURRENT VALUE OF MARQUARDT LAMBDA = 1.00000 --------->

FROZEN PARAMETERS-


SINGULAR VALUES IN SOLUTION:-
        3321.99        1.28424       0.158093
TRUNCATED SINGULAR VALUES:-


MATRIX OF EIGENVECTORS IN SOLUTION:-
       0.278005       0.959717      0.0407087

       0.723165      -0.181212      -0.666479

      -0.632254       0.214724      -0.744412


Number of singular values used in solution = 3


CURRENT VALUE OF MARQUARDT LAMBDA = 1.00000 --------->

FROZEN PARAMETERS-


SINGULAR VALUES IN SOLUTION:-
        3321.99        1.28424       0.158093
TRUNCATED SINGULAR VALUES:-


MATRIX OF EIGENVECTORS IN SOLUTION:-
       0.278005       0.959717      0.0407087

       0.723165      -0.181212      -0.666479

      -0.632254       0.214724      -0.744412


Number of singular values used in solution = 3


CURRENT VALUE OF MARQUARDT LAMBDA = 10.0000 --------->

FROZEN PARAMETERS-


SINGULAR VALUES IN SOLUTION:-
        3339.03        2.43550       0.615435
TRUNCATED SINGULAR VALUES:-


MATRIX OF EIGENVECTORS IN SOLUTION:-
       0.276600       0.960131      0.0405011

       0.943233      -0.263186      -0.202594

      -0.183857      0.0942395      -0.978425


Number of singular values used in solution = 3


CURRENT VALUE OF MARQUARDT LAMBDA = 10.0000 --------->

FROZEN PARAMETERS-


SINGULAR VALUES IN SOLUTION:-
        3339.03        2.43550       0.615435
TRUNCATED SINGULAR VALUES:-


MATRIX OF EIGENVECTORS IN SOLUTION:-
       0.276600       0.960131      0.0405011

       0.943233      -0.263186      -0.202594

      -0.183857      0.0942395      -0.978425


Number of singular values used in solution = 3


CURRENT VALUE OF MARQUARDT LAMBDA = 100.000 --------->

FROZEN PARAMETERS-


SINGULAR VALUES IN SOLUTION:-
        3510.17        17.5242       0.848156
TRUNCATED SINGULAR VALUES:-


MATRIX OF EIGENVECTORS IN SOLUTION:-
       0.263204       0.963971      0.0385240

       0.959684      -0.265699      0.0917103

      0.0986418      0.0128323      -0.995040


Number of singular values used in solution = 3


CURRENT VALUE OF MARQUARDT LAMBDA = 100.000 --------->

FROZEN PARAMETERS-


SINGULAR VALUES IN SOLUTION:-
        3510.17        17.5242       0.848156
TRUNCATED SINGULAR VALUES:-


MATRIX OF EIGENVECTORS IN SOLUTION:-
       0.263204       0.963971      0.0385240

       0.959684      -0.265699      0.0917103

      0.0986418      0.0128323      -0.995040


Number of singular values used in solution = 3


CURRENT VALUE OF MARQUARDT LAMBDA = 1000.00 --------->

FROZEN PARAMETERS-


SINGULAR VALUES IN SOLUTION:-
        5271.40        120.355        1.45277
TRUNCATED SINGULAR VALUES:-


MATRIX OF EIGENVECTORS IN SOLUTION:-
       0.174792       0.984275      0.0255179

       0.977359      -0.176586       0.116560

       0.119233     0.00456642      -0.992856


Number of singular values used in solution = 3


CURRENT VALUE OF MARQUARDT LAMBDA = 1000.00 --------->

FROZEN PARAMETERS-


SINGULAR VALUES IN SOLUTION:-
        5271.40        120.355        1.45277
TRUNCATED SINGULAR VALUES:-


MATRIX OF EIGENVECTORS IN SOLUTION:-
       0.174792       0.984275      0.0255179

       0.977359      -0.176586       0.116560

       0.119233     0.00456642      -0.992856


Number of singular values used in solution = 3


------------------------------------------------------------------------------
OPTIMISATION ITERATION NO.        : 6

CURRENT VALUE OF MARQUARDT LAMBDA = 0.000000 --------->

FROZEN PARAMETERS-


SINGULAR VALUES IN SOLUTION:-
        222.542        18.5905      0.0506831
TRUNCATED SINGULAR VALUES:-


MATRIX OF EIGENVECTORS IN SOLUTION:-
      -0.332330       0.913136       0.236091

      -0.902463      -0.235124      -0.360940

      -0.274077      -0.333014       0.902210


Number of singular values used in solution = 3


CURRENT VALUE OF MARQUARDT LAMBDA = 0.100000 --------->

FROZEN PARAMETERS-


SINGULAR VALUES IN SOLUTION:-
        222.550        18.6056      0.0529744
TRUNCATED SINGULAR VALUES:-


MATRIX OF EIGENVECTORS IN SOLUTION:-
      -0.332345       0.913133       0.236081

      -0.902531      -0.235231      -0.360699

      -0.273832      -0.332947       0.902309


Number of singular values used in solution = 3


CURRENT VALUE OF MARQUARDT LAMBDA = 0.100000 --------->

FROZEN PARAMETERS-


SINGULAR VALUES IN SOLUTION:-
        222.550        18.6056      0.0529744
TRUNCATED SINGULAR VALUES:-


MATRIX OF EIGENVECTORS IN SOLUTION:-
      -0.332345       0.913133       0.236081

      -0.902531      -0.235231      -0.360699

      -0.273832      -0.332947       0.902309


Number of singular values used in solution = 3


CURRENT VALUE OF MARQUARDT LAMBDA = 1.00000 --------->

FROZEN PARAMETERS-


SINGULAR VALUES IN SOLUTION:-
        222.628        18.7417      0.0734734
TRUNCATED SINGULAR VALUES:-


MATRIX OF EIGENVECTORS IN SOLUTION:-
      -0.332484       0.913105       0.235995

      -0.903140      -0.236189      -0.358541

      -0.271646      -0.332346       0.903191


Number of singular values used in solution = 3


CURRENT VALUE OF MARQUARDT LAMBDA = 1.00000 --------->

FROZEN PARAMETERS-


SINGULAR VALUES IN SOLUTION:-
        222.628        18.7417      0.0734734
TRUNCATED SINGULAR VALUES:-


MATRIX OF EIGENVECTORS IN SOLUTION:-
      -0.332484       0.913105       0.235995

      -0.903140      -0.236189      -0.358541

      -0.271646      -0.332346       0.903191


Number of singular values used in solution = 3


CURRENT VALUE OF MARQUARDT LAMBDA = 10.0000 --------->

FROZEN PARAMETERS-


SINGULAR VALUES IN SOLUTION:-
        223.402        20.1140       0.267071
TRUNCATED SINGULAR VALUES:-


MATRIX OF EIGENVECTORS IN SOLUTION:-
      -0.333877       0.912818       0.235135

      -0.908545      -0.245175      -0.338284

      -0.251143      -0.326576       0.911195


Number of singular values used in solution = 3


CURRENT VALUE OF MARQUARDT LAMBDA = 10.0000 --------->

FROZEN PARAMETERS-


SINGULAR VALUES IN SOLUTION:-
        223.402        20.1140       0.267071
TRUNCATED SINGULAR VALUES:-


MATRIX OF EIGENVECTORS IN SOLUTION:-
      -0.333877       0.912818       0.235135

      -0.908545      -0.245175      -0.338284

      -0.251143      -0.326576       0.911195


Number of singular values used in solution = 3


CURRENT VALUE OF MARQUARDT LAMBDA = 100.000 --------->

FROZEN PARAMETERS-


SINGULAR VALUES IN SOLUTION:-
        231.206        34.4332        1.54305
TRUNCATED SINGULAR VALUES:-


MATRIX OF EIGENVECTORS IN SOLUTION:-
      -0.348298       0.909549       0.226737

       0.928030       0.300497       0.220140

       0.132094       0.287093      -0.948751


Number of singular values used in solution = 3


CURRENT VALUE OF MARQUARDT LAMBDA = 100.000 --------->

FROZEN PARAMETERS-


SINGULAR VALUES IN SOLUTION:-
        231.206        34.4332        1.54305
TRUNCATED SINGULAR VALUES:-


MATRIX OF EIGENVECTORS IN SOLUTION:-
      -0.348298       0.909549       0.226737

       0.928030       0.300497       0.220140

       0.132094       0.287093      -0.948751


Number of singular values used in solution = 3


CURRENT VALUE OF MARQUARDT LAMBDA = 1000.00 --------->

FROZEN PARAMETERS-


SINGULAR VALUES IN SOLUTION:-
        317.787        177.215        6.17485
TRUNCATED SINGULAR VALUES:-


MATRIX OF EIGENVECTORS IN SOLUTION:-
      -0.550391       0.820337       0.155293

       0.834899       0.539990       0.106557

     0.00355627       0.188302      -0.982105


Number of singular values used in solution = 3


CURRENT VALUE OF MARQUARDT LAMBDA = 1000.00 --------->

FROZEN PARAMETERS-


SINGULAR VALUES IN SOLUTION:-
        317.787        177.215        6.17485
TRUNCATED SINGULAR VALUES:-


MATRIX OF EIGENVECTORS IN SOLUTION:-
      -0.550391       0.820337       0.155293

       0.834899       0.539990       0.106557

     0.00355627       0.188302      -0.982105


Number of singular values used in solution = 3


------------------------------------------------------------------------------
OPTIMISATION ITERATION NO.        : 7

CURRENT VALUE OF MARQUARDT LAMBDA = 0.000000 --------->

FROZEN PARAMETERS-


SINGULAR VALUES IN SOLUTION:-
        445.629        19.7690      0.0244479
TRUNCATED SINGULAR VALUES:-


MATRIX OF EIGENVECTORS IN SOLUTION:-
      -0.833283       0.517519      -0.194457

       0.450119       0.839313       0.304872

       0.320988       0.166516      -0.932330


Number of singular values used in solution = 3


CURRENT VALUE OF MARQUARDT LAMBDA = 0.100000 --------->

FROZEN PARAMETERS-


SINGULAR VALUES IN SOLUTION:-
        445.784        20.1326      0.0410907
TRUNCATED SINGULAR VALUES:-


MATRIX OF EIGENVECTORS IN SOLUTION:-
      -0.833033       0.517949      -0.194383

       0.451723       0.839670       0.301497

       0.319378       0.163350      -0.933442


Number of singular values used in solution = 3


CURRENT VALUE OF MARQUARDT LAMBDA = 0.100000 --------->

FROZEN PARAMETERS-


SINGULAR VALUES IN SOLUTION:-
        445.784        20.1326      0.0410907
TRUNCATED SINGULAR VALUES:-


MATRIX OF EIGENVECTORS IN SOLUTION:-
      -0.833033       0.517949      -0.194383

       0.451723       0.839670       0.301497

       0.319378       0.163350      -0.933442


Number of singular values used in solution = 3


CURRENT VALUE OF MARQUARDT LAMBDA = 1.00000 --------->

FROZEN PARAMETERS-


SINGULAR VALUES IN SOLUTION:-
        447.183        23.4171       0.169417
TRUNCATED SINGULAR VALUES:-


MATRIX OF EIGENVECTORS IN SOLUTION:-
      -0.830762       0.521833      -0.193713

       0.464357       0.841625       0.275753

       0.306930       0.139133      -0.941507


Number of singular values used in solution = 3


CURRENT VALUE OF MARQUARDT LAMBDA = 1.00000 --------->

FROZEN PARAMETERS-


SINGULAR VALUES IN SOLUTION:-
        447.183        23.4171       0.169417
TRUNCATED SINGULAR VALUES:-


MATRIX OF EIGENVECTORS IN SOLUTION:-
      -0.830762       0.521833      -0.193713

       0.464357       0.841625       0.275753

       0.306930       0.139133      -0.941507


Number of singular values used in solution = 3


CURRENT VALUE OF MARQUARDT LAMBDA = 10.0000 --------->

FROZEN PARAMETERS-


SINGULAR VALUES IN SOLUTION:-
        462.191        55.9933       0.706048
TRUNCATED SINGULAR VALUES:-


MATRIX OF EIGENVECTORS IN SOLUTION:-
      -0.805847       0.561968      -0.186556

       0.532099       0.825497       0.188213

       0.259771      0.0524048      -0.964247


Number of singular values used in solution = 3


CURRENT VALUE OF MARQUARDT LAMBDA = 10.0000 --------->

FROZEN PARAMETERS-


SINGULAR VALUES IN SOLUTION:-
        462.191        55.9933       0.706048
TRUNCATED SINGULAR VALUES:-


MATRIX OF EIGENVECTORS IN SOLUTION:-
      -0.805847       0.561968      -0.186556

       0.532099       0.825497       0.188213

       0.259771      0.0524048      -0.964247


Number of singular values used in solution = 3


CURRENT VALUE OF MARQUARDT LAMBDA = 100.000 --------->

FROZEN PARAMETERS-


SINGULAR VALUES IN SOLUTION:-
        735.756        262.115        2.22787
TRUNCATED SINGULAR VALUES:-


MATRIX OF EIGENVECTORS IN SOLUTION:-
      -0.435299       0.895240     -0.0951797

       0.873495       0.445578       0.196128

       0.217992     0.00223544      -0.975948


Number of singular values used in solution = 3


CURRENT VALUE OF MARQUARDT LAMBDA = 100.000 --------->

FROZEN PARAMETERS-


SINGULAR VALUES IN SOLUTION:-
        735.756        262.115        2.22787
TRUNCATED SINGULAR VALUES:-


MATRIX OF EIGENVECTORS IN SOLUTION:-
      -0.435299       0.895240     -0.0951797

       0.873495       0.445578       0.196128

       0.217992     0.00223544      -0.975948


Number of singular values used in solution = 3


CURRENT VALUE OF MARQUARDT LAMBDA = 1000.00 --------->

FROZEN PARAMETERS-


SINGULAR VALUES IN SOLUTION:-
        5225.34        576.528        10.3153
TRUNCATED SINGULAR VALUES:-


MATRIX OF EIGENVECTORS IN SOLUTION:-
     -0.0398110       0.999173    -0.00821145

       0.990616      0.0405427       0.130522

       0.130747    -0.00293820      -0.991411


Number of singular values used in solution = 3


CURRENT VALUE OF MARQUARDT LAMBDA = 1000.00 --------->

FROZEN PARAMETERS-


SINGULAR VALUES IN SOLUTION:-
        5225.34        576.528        10.3153
TRUNCATED SINGULAR VALUES:-


MATRIX OF EIGENVECTORS IN SOLUTION:-
     -0.0398110       0.999173    -0.00821145

       0.990616      0.0405427       0.130522

       0.130747    -0.00293820      -0.991411


Number of singular values used in solution = 3


------------------------------------------------------------------------------
OPTIMISATION ITERATION NO.        : 8

CURRENT VALUE OF MARQUARDT LAMBDA = 0.000000 --------->

FROZEN PARAMETERS-


SINGULAR VALUES IN SOLUTION:-
        135.121        3.15744      0.0303824
TRUNCATED SINGULAR VALUES:-


MATRIX OF EIGENVECTORS IN SOLUTION:-
      -0.722372      -0.625026      -0.295840

      -0.643001       0.764532     -0.0451831

       0.254419       0.157586      -0.954168


Number of singular values used in solution = 3


CURRENT VALUE OF MARQUARDT LAMBDA = 0.100000 --------->

FROZEN PARAMETERS-
HK1 = 50.0000


SINGULAR VALUES IN SOLUTION:-
        23.8607      0.0828846
TRUNCATED SINGULAR VALUES:-


MATRIX OF EIGENVECTORS IN SOLUTION:-
      -0.977772      -0.209670

       0.209670      -0.977772


Number of singular values used in solution = 2


CURRENT VALUE OF MARQUARDT LAMBDA = 0.100000 --------->

FROZEN PARAMETERS-
HK1 = 50.0000


SINGULAR VALUES IN SOLUTION:-
        23.8607      0.0828846
TRUNCATED SINGULAR VALUES:-


MATRIX OF EIGENVECTORS IN SOLUTION:-
      -0.977772      -0.209670

       0.209670      -0.977772


Number of singular values used in solution = 2


CURRENT VALUE OF MARQUARDT LAMBDA = 1.00000 --------->

FROZEN PARAMETERS-
HK1 = 50.0000


SINGULAR VALUES IN SOLUTION:-
        30.4042       0.316587
TRUNCATED SINGULAR VALUES:-


MATRIX OF EIGENVECTORS IN SOLUTION:-
      -0.986419      -0.164247

       0.164247      -0.986419


Number of singular values used in solution = 2


CURRENT VALUE OF MARQUARDT LAMBDA = 1.00000 --------->

FROZEN PARAMETERS-
HK1 = 50.0000


SINGULAR VALUES IN SOLUTION:-
        30.4042       0.316587
TRUNCATED SINGULAR VALUES:-


MATRIX OF EIGENVECTORS IN SOLUTION:-
      -0.986419      -0.164247

       0.164247      -0.986419


Number of singular values used in solution = 2


CURRENT VALUE OF MARQUARDT LAMBDA = 10.0000 --------->

FROZEN PARAMETERS-
HK1 = 50.0000


SINGULAR VALUES IN SOLUTION:-
        97.6101       0.882639
TRUNCATED SINGULAR VALUES:-


MATRIX OF EIGENVECTORS IN SOLUTION:-
      -0.998726     -0.0504602

      0.0504602      -0.998726


Number of singular values used in solution = 2


CURRENT VALUE OF MARQUARDT LAMBDA = 10.0000 --------->

FROZEN PARAMETERS-
HK1 = 50.0000


SINGULAR VALUES IN SOLUTION:-
        97.6101       0.882639
TRUNCATED SINGULAR VALUES:-


MATRIX OF EIGENVECTORS IN SOLUTION:-
      -0.998726     -0.0504602

      0.0504602      -0.998726


Number of singular values used in solution = 2


CURRENT VALUE OF MARQUARDT LAMBDA = 100.000 --------->

FROZEN PARAMETERS-
HK1 = 50.0000


SINGULAR VALUES IN SOLUTION:-
        775.108        1.10495
TRUNCATED SINGULAR VALUES:-


MATRIX OF EIGENVECTORS IN SOLUTION:-
      -0.999980    -0.00629813

     0.00629813      -0.999980


Number of singular values used in solution = 2


CURRENT VALUE OF MARQUARDT LAMBDA = 100.000 --------->

FROZEN PARAMETERS-
HK1 = 50.0000


SINGULAR VALUES IN SOLUTION:-
        775.108        1.10495
TRUNCATED SINGULAR VALUES:-


MATRIX OF EIGENVECTORS IN SOLUTION:-
      -0.999980    -0.00629813

     0.00629813      -0.999980


Number of singular values used in solution = 2


CURRENT VALUE OF MARQUARDT LAMBDA = 1000.00 --------->

FROZEN PARAMETERS-
HK1 = 50.0000


SINGULAR VALUES IN SOLUTION:-
        7552.21        1.19969
TRUNCATED SINGULAR VALUES:-


MATRIX OF EIGENVECTORS IN SOLUTION:-
       -1.00000   -0.000645565

    0.000645565       -1.00000


Number of singular values used in solution = 2


CURRENT VALUE OF MARQUARDT LAMBDA = 1000.00 --------->

FROZEN PARAMETERS-
HK1 = 50.0000


SINGULAR VALUES IN SOLUTION:-
        7552.21        1.19969
TRUNCATED SINGULAR VALUES:-


MATRIX OF EIGENVECTORS IN SOLUTION:-
       -1.00000   -0.000645565

    0.000645565       -1.00000


Number of singular values used in solution = 2


