------------------------------------------------------------------------------
OPTIMISATION ITERATION NO.        : 1

CURRENT VALUE OF MARQUARDT LAMBDA = 0 --------->

FROZEN PARAMETERS-


SINGULAR VALUES IN SOLUTION:-
        2842.97        1.55894      0.0179395
TRUNCATED SINGULAR VALUES:-


MATRIX OF EIGENVECTORS IN SOLUTION:-
      -0.987159     -0.0937125      -0.129361

     -0.0752044       0.987119      -0.141208

       0.140927      -0.129666      -0.981492


Number of singular values used in solution = 3


CURRENT VALUE OF MARQUARDT LAMBDA = 0.100000 --------->

FROZEN PARAMETERS-


SINGULAR VALUES IN SOLUTION:-
        2843.05        1.57251      0.0197213
TRUNCATED SINGULAR VALUES:-


MATRIX OF EIGENVECTORS IN SOLUTION:-
      -0.987160     -0.0937105      -0.129357

     -0.0754334       0.987330      -0.139601

       0.140800      -0.128050      -0.981722


Number of singular values used in solution = 3


CURRENT VALUE OF MARQUARDT LAMBDA = 0.100000 --------->

FROZEN PARAMETERS-


SINGULAR VALUES IN SOLUTION:-
        2843.05        1.57251      0.0197213
TRUNCATED SINGULAR VALUES:-


MATRIX OF EIGENVECTORS IN SOLUTION:-
      -0.987160     -0.0937105      -0.129357

     -0.0754334       0.987330      -0.139601

       0.140800      -0.128050      -0.981722


Number of singular values used in solution = 3


CURRENT VALUE OF MARQUARDT LAMBDA = 1.00000 --------->

FROZEN PARAMETERS-


SINGULAR VALUES IN SOLUTION:-
        2843.73        1.69495      0.0354056
TRUNCATED SINGULAR VALUES:-


MATRIX OF EIGENVECTORS IN SOLUTION:-
      -0.987166     -0.0936921      -0.129326

     -0.0773380       0.988991      -0.126155

       0.139722      -0.114535      -0.983544


Number of singular values used in solution = 3


CURRENT VALUE OF MARQUARDT LAMBDA = 1.00000 --------->

FROZEN PARAMETERS-


SINGULAR VALUES IN SOLUTION:-
        2843.73        1.69495      0.0354056
TRUNCATED SINGULAR VALUES:-


MATRIX OF EIGENVECTORS IN SOLUTION:-
      -0.987166     -0.0936921      -0.129326

     -0.0773380       0.988991      -0.126155

       0.139722      -0.114535      -0.983544


Number of singular values used in solution = 3


CURRENT VALUE OF MARQUARDT LAMBDA = 10.0000 --------->

FROZEN PARAMETERS-


SINGULAR VALUES IN SOLUTION:-
        2850.53        2.93858       0.172611
TRUNCATED SINGULAR VALUES:-


MATRIX OF EIGENVECTORS IN SOLUTION:-
      -0.987224     -0.0935081      -0.129018

     -0.0876919       0.994889     -0.0500597

       0.133039     -0.0381063      -0.990378


Number of singular values used in solution = 3


CURRENT VALUE OF MARQUARDT LAMBDA = 10.0000 --------->

FROZEN PARAMETERS-


SINGULAR VALUES IN SOLUTION:-
        2850.53        2.93858       0.172611
TRUNCATED SINGULAR VALUES:-


MATRIX OF EIGENVECTORS IN SOLUTION:-
      -0.987224     -0.0935081      -0.129018

     -0.0876919       0.994889     -0.0500597

       0.133039     -0.0381063      -0.990378


Number of singular values used in solution = 3


CURRENT VALUE OF MARQUARDT LAMBDA = 100.000 --------->

FROZEN PARAMETERS-


SINGULAR VALUES IN SOLUTION:-
        2918.62        15.5755        1.30348
TRUNCATED SINGULAR VALUES:-


MATRIX OF EIGENVECTORS IN SOLUTION:-
      -0.987781     -0.0917051      -0.126008

     -0.0971709       0.994545      0.0379241

       0.121842      0.0497050      -0.991304


Number of singular values used in solution = 3


CURRENT VALUE OF MARQUARDT LAMBDA = 100.000 --------->

FROZEN PARAMETERS-


SINGULAR VALUES IN SOLUTION:-
        2918.62        15.5755        1.30348
TRUNCATED SINGULAR VALUES:-


MATRIX OF EIGENVECTORS IN SOLUTION:-
      -0.987781     -0.0917051      -0.126008

     -0.0971709       0.994545      0.0379241

       0.121842      0.0497050      -0.991304


Number of singular values used in solution = 3


CURRENT VALUE OF MARQUARDT LAMBDA = 1000.00 --------->

FROZEN PARAMETERS-


SINGULAR VALUES IN SOLUTION:-
        3602.78        141.156        10.1529
TRUNCATED SINGULAR VALUES:-


MATRIX OF EIGENVECTORS IN SOLUTION:-
      -0.991814     -0.0767743      -0.102032

     -0.0818799       0.995542      0.0468251

      0.0979822      0.0547961      -0.993678


Number of singular values used in solution = 3


CURRENT VALUE OF MARQUARDT LAMBDA = 1000.00 --------->

FROZEN PARAMETERS-


SINGULAR VALUES IN SOLUTION:-
        3602.78        141.156        10.1529
TRUNCATED SINGULAR VALUES:-


MATRIX OF EIGENVECTORS IN SOLUTION:-
      -0.991814     -0.0767743      -0.102032

     -0.0818799       0.995542      0.0468251

      0.0979822      0.0547961      -0.993678


Number of singular values used in solution = 3


------------------------------------------------------------------------------
OPTIMISATION ITERATION NO.        : 2

CURRENT VALUE OF MARQUARDT LAMBDA = 0.000000 --------->

FROZEN PARAMETERS-


SINGULAR VALUES IN SOLUTION:-
        126.801        3.24899      0.0884346
TRUNCATED SINGULAR VALUES:-


MATRIX OF EIGENVECTORS IN SOLUTION:-
       0.924911       0.319523      -0.206021

       0.173944      -0.837506      -0.518003

      -0.338058       0.443271      -0.830198


Number of singular values used in solution = 3


CURRENT VALUE OF MARQUARDT LAMBDA = 0.100000 --------->

FROZEN PARAMETERS-


SINGULAR VALUES IN SOLUTION:-
        126.805        3.24979      0.0891985
TRUNCATED SINGULAR VALUES:-


MATRIX OF EIGENVECTORS IN SOLUTION:-
       0.924915       0.319515      -0.206014

       0.174006      -0.837593      -0.517842

      -0.338014       0.443113      -0.830300


Number of singular values used in solution = 3


CURRENT VALUE OF MARQUARDT LAMBDA = 0.100000 --------->

FROZEN PARAMETERS-


SINGULAR VALUES IN SOLUTION:-
        126.805        3.24979      0.0891985
TRUNCATED SINGULAR VALUES:-


MATRIX OF EIGENVECTORS IN SOLUTION:-
       0.924915       0.319515      -0.206014

       0.174006      -0.837593      -0.517842

      -0.338014       0.443113      -0.830300


Number of singular values used in solution = 3


CURRENT VALUE OF MARQUARDT LAMBDA = 1.00000 --------->

FROZEN PARAMETERS-


SINGULAR VALUES IN SOLUTION:-
        126.844        3.25699      0.0960612
TRUNCATED SINGULAR VALUES:-


MATRIX OF EIGENVECTORS IN SOLUTION:-
       0.924956       0.319438      -0.205953

       0.174555      -0.838374      -0.516391

      -0.337620       0.441689      -0.831218


Number of singular values used in solution = 3


CURRENT VALUE OF MARQUARDT LAMBDA = 1.00000 --------->

FROZEN PARAMETERS-


SINGULAR VALUES IN SOLUTION:-
        126.844        3.25699      0.0960612
TRUNCATED SINGULAR VALUES:-


MATRIX OF EIGENVECTORS IN SOLUTION:-
       0.924956       0.319438      -0.205953

       0.174555      -0.838374      -0.516391

      -0.337620       0.441689      -0.831218


Number of singular values used in solution = 3


CURRENT VALUE OF MARQUARDT LAMBDA = 10.0000 --------->

FROZEN PARAMETERS-


SINGULAR VALUES IN SOLUTION:-
        127.229        3.32997       0.163507
TRUNCATED SINGULAR VALUES:-


MATRIX OF EIGENVECTORS IN SOLUTION:-
       0.925358       0.318668      -0.205339

       0.179991      -0.846030      -0.501833

      -0.333641       0.427416      -0.840238


Number of singular values used in solution = 3


CURRENT VALUE OF MARQUARDT LAMBDA = 10.0000 --------->

FROZEN PARAMETERS-


SINGULAR VALUES IN SOLUTION:-
        127.229        3.32997       0.163507
TRUNCATED SINGULAR VALUES:-


MATRIX OF EIGENVECTORS IN SOLUTION:-
       0.925358       0.318668      -0.205339

       0.179991      -0.846030      -0.501833

      -0.333641       0.427416      -0.840238


Number of singular values used in solution = 3


CURRENT VALUE OF MARQUARDT LAMBDA = 100.000 --------->

FROZEN PARAMETERS-


SINGULAR VALUES IN SOLUTION:-
        131.094        4.15486       0.727533
TRUNCATED SINGULAR VALUES:-


MATRIX OF EIGENVECTORS IN SOLUTION:-
       0.929226       0.311112      -0.199368

       0.225941      -0.905317      -0.359656

      -0.292385       0.289156      -0.911537


Number of singular values used in solution = 3


CURRENT VALUE OF MARQUARDT LAMBDA = 100.000 --------->

FROZEN PARAMETERS-


SINGULAR VALUES IN SOLUTION:-
        131.094        4.15486       0.727533
TRUNCATED SINGULAR VALUES:-


MATRIX OF EIGENVECTORS IN SOLUTION:-
       0.929226       0.311112      -0.199368

       0.225941      -0.905317      -0.359656

      -0.292385       0.289156      -0.911537


Number of singular values used in solution = 3


CURRENT VALUE OF MARQUARDT LAMBDA = 1000.00 --------->

FROZEN PARAMETERS-


SINGULAR VALUES IN SOLUTION:-
        170.969        14.8119        2.73624
TRUNCATED SINGULAR VALUES:-


MATRIX OF EIGENVECTORS IN SOLUTION:-
       0.956484       0.248585      -0.152789

       0.258675      -0.964678      0.0498293

      -0.135006     -0.0871836      -0.987002


Number of singular values used in solution = 3


CURRENT VALUE OF MARQUARDT LAMBDA = 1000.00 --------->

FROZEN PARAMETERS-


SINGULAR VALUES IN SOLUTION:-
        170.969        14.8119        2.73624
TRUNCATED SINGULAR VALUES:-


MATRIX OF EIGENVECTORS IN SOLUTION:-
       0.956484       0.248585      -0.152789

       0.258675      -0.964678      0.0498293

      -0.135006     -0.0871836      -0.987002


Number of singular values used in solution = 3


------------------------------------------------------------------------------
OPTIMISATION ITERATION NO.        : 3

CURRENT VALUE OF MARQUARDT LAMBDA = 0.000000 --------->

FROZEN PARAMETERS-


SINGULAR VALUES IN SOLUTION:-
        24.2924        1.05754       0.174011
TRUNCATED SINGULAR VALUES:-


MATRIX OF EIGENVECTORS IN SOLUTION:-
      -0.464659      -0.760934      -0.452849

      0.0817227      -0.546080       0.833738

      -0.881711       0.350395       0.315926


Number of singular values used in solution = 3


CURRENT VALUE OF MARQUARDT LAMBDA = 0.100000 --------->

FROZEN PARAMETERS-


SINGULAR VALUES IN SOLUTION:-
        24.2944        1.05858       0.174441
TRUNCATED SINGULAR VALUES:-


MATRIX OF EIGENVECTORS IN SOLUTION:-
      -0.464621      -0.760979      -0.452811

      0.0823865      -0.546287       0.833537

      -0.881669       0.349973       0.316511


Number of singular values used in solution = 3


CURRENT VALUE OF MARQUARDT LAMBDA = 0.100000 --------->

FROZEN PARAMETERS-


SINGULAR VALUES IN SOLUTION:-
        24.2944        1.05858       0.174441
TRUNCATED SINGULAR VALUES:-


MATRIX OF EIGENVECTORS IN SOLUTION:-
      -0.464621      -0.760979      -0.452811

      0.0823865      -0.546287       0.833537

      -0.881669       0.349973       0.316511


Number of singular values used in solution = 3


CURRENT VALUE OF MARQUARDT LAMBDA = 1.00000 --------->

FROZEN PARAMETERS-


SINGULAR VALUES IN SOLUTION:-
        24.3121        1.06795       0.178258
TRUNCATED SINGULAR VALUES:-


MATRIX OF EIGENVECTORS IN SOLUTION:-
      -0.464280      -0.761391      -0.452468

      0.0883154      -0.548118       0.831725

      -0.881274       0.346193       0.321723


Number of singular values used in solution = 3


CURRENT VALUE OF MARQUARDT LAMBDA = 1.00000 --------->

FROZEN PARAMETERS-


SINGULAR VALUES IN SOLUTION:-
        24.3121        1.06795       0.178258
TRUNCATED SINGULAR VALUES:-


MATRIX OF EIGENVECTORS IN SOLUTION:-
      -0.464280      -0.761391      -0.452468

      0.0883154      -0.548118       0.831725

      -0.881274       0.346193       0.321723


Number of singular values used in solution = 3


CURRENT VALUE OF MARQUARDT LAMBDA = 10.0000 --------->

FROZEN PARAMETERS-


SINGULAR VALUES IN SOLUTION:-
        24.4905        1.16458       0.212413
TRUNCATED SINGULAR VALUES:-


MATRIX OF EIGENVECTORS IN SOLUTION:-
      -0.460868      -0.765482      -0.449040

       0.143114      -0.563461       0.813653

      -0.875853       0.310723       0.369232


Number of singular values used in solution = 3


CURRENT VALUE OF MARQUARDT LAMBDA = 10.0000 --------->

FROZEN PARAMETERS-


SINGULAR VALUES IN SOLUTION:-
        24.4905        1.16458       0.212413
TRUNCATED SINGULAR VALUES:-


MATRIX OF EIGENVECTORS IN SOLUTION:-
      -0.460868      -0.765482      -0.449040

       0.143114      -0.563461       0.813653

      -0.875853       0.310723       0.369232


Number of singular values used in solution = 3


CURRENT VALUE OF MARQUARDT LAMBDA = 100.000 --------->

FROZEN PARAMETERS-


SINGULAR VALUES IN SOLUTION:-
        26.3759        2.22126       0.362524
TRUNCATED SINGULAR VALUES:-


MATRIX OF EIGENVECTORS IN SOLUTION:-
      -0.426760      -0.803599      -0.414855

      -0.401948       0.579468      -0.708982

      -0.810132       0.135815       0.570299


Number of singular values used in solution = 3


CURRENT VALUE OF MARQUARDT LAMBDA = 100.000 --------->

FROZEN PARAMETERS-


SINGULAR VALUES IN SOLUTION:-
        26.3759        2.22126       0.362524
TRUNCATED SINGULAR VALUES:-


MATRIX OF EIGENVECTORS IN SOLUTION:-
      -0.426760      -0.803599      -0.414855

      -0.401948       0.579468      -0.708982

      -0.810132       0.135815       0.570299


Number of singular values used in solution = 3


CURRENT VALUE OF MARQUARDT LAMBDA = 1000.00 --------->

FROZEN PARAMETERS-


SINGULAR VALUES IN SOLUTION:-
        51.5456        7.67170       0.664521
TRUNCATED SINGULAR VALUES:-


MATRIX OF EIGENVECTORS IN SOLUTION:-
       0.198513       0.961527       0.189889

      -0.637752       0.273843      -0.719919

      -0.744221      0.0218109       0.667577


Number of singular values used in solution = 3


CURRENT VALUE OF MARQUARDT LAMBDA = 1000.00 --------->

FROZEN PARAMETERS-


SINGULAR VALUES IN SOLUTION:-
        51.5456        7.67170       0.664521
TRUNCATED SINGULAR VALUES:-


MATRIX OF EIGENVECTORS IN SOLUTION:-
       0.198513       0.961527       0.189889

      -0.637752       0.273843      -0.719919

      -0.744221      0.0218109       0.667577


Number of singular values used in solution = 3


------------------------------------------------------------------------------
OPTIMISATION ITERATION NO.        : 4

CURRENT VALUE OF MARQUARDT LAMBDA = 0.000000 --------->

FROZEN PARAMETERS-


SINGULAR VALUES IN SOLUTION:-
        119.140       0.795071      0.0721579
TRUNCATED SINGULAR VALUES:-


MATRIX OF EIGENVECTORS IN SOLUTION:-
      -0.962623       0.190401      -0.192623

     0.00587050      -0.696362      -0.717667

      -0.270780      -0.691974       0.669217


Number of singular values used in solution = 3


CURRENT VALUE OF MARQUARDT LAMBDA = 0.100000 --------->

FROZEN PARAMETERS-


SINGULAR VALUES IN SOLUTION:-
        119.174       0.795144      0.0748936
TRUNCATED SINGULAR VALUES:-


MATRIX OF EIGENVECTORS IN SOLUTION:-
      -0.962645       0.190347      -0.192569

     0.00589214      -0.696302      -0.717725

      -0.270703      -0.692049       0.669170


Number of singular values used in solution = 3


CURRENT VALUE OF MARQUARDT LAMBDA = 0.100000 --------->

FROZEN PARAMETERS-


SINGULAR VALUES IN SOLUTION:-
        119.174       0.795144      0.0748936
TRUNCATED SINGULAR VALUES:-


MATRIX OF EIGENVECTORS IN SOLUTION:-
      -0.962645       0.190347      -0.192569

     0.00589214      -0.696302      -0.717725

      -0.270703      -0.692049       0.669170


Number of singular values used in solution = 3


CURRENT VALUE OF MARQUARDT LAMBDA = 1.00000 --------->

FROZEN PARAMETERS-


SINGULAR VALUES IN SOLUTION:-
        119.477       0.795809      0.0994477
TRUNCATED SINGULAR VALUES:-


MATRIX OF EIGENVECTORS IN SOLUTION:-
      -0.962838       0.189864      -0.192080

     0.00609371      -0.695744      -0.718264

      -0.270011      -0.692743       0.668732


Number of singular values used in solution = 3


CURRENT VALUE OF MARQUARDT LAMBDA = 1.00000 --------->

FROZEN PARAMETERS-


SINGULAR VALUES IN SOLUTION:-
        119.477       0.795809      0.0994477
TRUNCATED SINGULAR VALUES:-


MATRIX OF EIGENVECTORS IN SOLUTION:-
      -0.962838       0.189864      -0.192080

     0.00609371      -0.695744      -0.718264

      -0.270011      -0.692743       0.668732


Number of singular values used in solution = 3


CURRENT VALUE OF MARQUARDT LAMBDA = 10.0000 --------->

FROZEN PARAMETERS-


SINGULAR VALUES IN SOLUTION:-
        122.521       0.802523       0.338391
TRUNCATED SINGULAR VALUES:-


MATRIX OF EIGENVECTORS IN SOLUTION:-
      -0.964695       0.185148      -0.187309

     0.00913563      -0.687245      -0.726369

      -0.263213      -0.702435       0.661290


Number of singular values used in solution = 3


CURRENT VALUE OF MARQUARDT LAMBDA = 10.0000 --------->

FROZEN PARAMETERS-


SINGULAR VALUES IN SOLUTION:-
        122.521       0.802523       0.338391
TRUNCATED SINGULAR VALUES:-


MATRIX OF EIGENVECTORS IN SOLUTION:-
      -0.964695       0.185148      -0.187309

     0.00913563      -0.687245      -0.726369

      -0.263213      -0.702435       0.661290


Number of singular values used in solution = 3


CURRENT VALUE OF MARQUARDT LAMBDA = 100.000 --------->

FROZEN PARAMETERS-


SINGULAR VALUES IN SOLUTION:-
        153.479        2.21508       0.866772
TRUNCATED SINGULAR VALUES:-


MATRIX OF EIGENVECTORS IN SOLUTION:-
      -0.977723       0.147559      -0.149281

       0.209878       0.676737      -0.705675

    -0.00310512      -0.721286      -0.692631


Number of singular values used in solution = 3


CURRENT VALUE OF MARQUARDT LAMBDA = 100.000 --------->

FROZEN PARAMETERS-


SINGULAR VALUES IN SOLUTION:-
        153.479        2.21508       0.866772
TRUNCATED SINGULAR VALUES:-


MATRIX OF EIGENVECTORS IN SOLUTION:-
      -0.977723       0.147559      -0.149281

       0.209878       0.676737      -0.705675

    -0.00310512      -0.721286      -0.692631


Number of singular values used in solution = 3


CURRENT VALUE OF MARQUARDT LAMBDA = 1000.00 --------->

FROZEN PARAMETERS-


SINGULAR VALUES IN SOLUTION:-
        476.564        7.46837        1.51750
TRUNCATED SINGULAR VALUES:-


MATRIX OF EIGENVECTORS IN SOLUTION:-
      -0.997798      0.0466250     -0.0471681

      0.0663195       0.694325      -0.716599

   -0.000661377      -0.718149      -0.695889


Number of singular values used in solution = 3


CURRENT VALUE OF MARQUARDT LAMBDA = 1000.00 --------->

FROZEN PARAMETERS-


SINGULAR VALUES IN SOLUTION:-
        476.564        7.46837        1.51750
TRUNCATED SINGULAR VALUES:-


MATRIX OF EIGENVECTORS IN SOLUTION:-
      -0.997798      0.0466250     -0.0471681

      0.0663195       0.694325      -0.716599

   -0.000661377      -0.718149      -0.695889


Number of singular values used in solution = 3


------------------------------------------------------------------------------
OPTIMISATION ITERATION NO.        : 5

CURRENT VALUE OF MARQUARDT LAMBDA = 0.000000 --------->

FROZEN PARAMETERS-


SINGULAR VALUES IN SOLUTION:-
        69.7477       0.848449       0.103956
TRUNCATED SINGULAR VALUES:-


MATRIX OF EIGENVECTORS IN SOLUTION:-
       0.264042       0.916934       0.299189

       0.964414      -0.246593     -0.0953783

     -0.0136776       0.313726      -0.949415


Number of singular values used in solution = 3


CURRENT VALUE OF MARQUARDT LAMBDA = 0.100000 --------->

FROZEN PARAMETERS-


SINGULAR VALUES IN SOLUTION:-
        69.7824       0.853057       0.108110
TRUNCATED SINGULAR VALUES:-


MATRIX OF EIGENVECTORS IN SOLUTION:-
       0.263918       0.917018       0.299041

       0.964497      -0.247817     -0.0912771

    -0.00959526       0.312514      -0.949865


Number of singular values used in solution = 3


CURRENT VALUE OF MARQUARDT LAMBDA = 0.100000 --------->

FROZEN PARAMETERS-


SINGULAR VALUES IN SOLUTION:-
        69.7824       0.853057       0.108110
TRUNCATED SINGULAR VALUES:-


MATRIX OF EIGENVECTORS IN SOLUTION:-
       0.263918       0.917018       0.299041

       0.964497      -0.247817     -0.0912771

    -0.00959526       0.312514      -0.949865


Number of singular values used in solution = 3


CURRENT VALUE OF MARQUARDT LAMBDA = 1.00000 --------->

FROZEN PARAMETERS-


SINGULAR VALUES IN SOLUTION:-
        70.0945       0.895642       0.144104
TRUNCATED SINGULAR VALUES:-


MATRIX OF EIGENVECTORS IN SOLUTION:-
       0.262805       0.917769       0.297714

       0.964480      -0.258417     -0.0547608

      0.0266765       0.301530      -0.953083


Number of singular values used in solution = 3


CURRENT VALUE OF MARQUARDT LAMBDA = 1.00000 --------->

FROZEN PARAMETERS-


SINGULAR VALUES IN SOLUTION:-
        70.0945       0.895642       0.144104
TRUNCATED SINGULAR VALUES:-


MATRIX OF EIGENVECTORS IN SOLUTION:-
       0.262805       0.917769       0.297714

       0.964480      -0.258417     -0.0547608

      0.0266765       0.301530      -0.953083


Number of singular values used in solution = 3


CURRENT VALUE OF MARQUARDT LAMBDA = 10.0000 --------->

FROZEN PARAMETERS-


SINGULAR VALUES IN SOLUTION:-
        73.2421        1.40073       0.398523
TRUNCATED SINGULAR VALUES:-


MATRIX OF EIGENVECTORS IN SOLUTION:-
       0.252034       0.924829       0.284905

      -0.922078       0.318852      -0.219329

       0.293685       0.207426      -0.933126


Number of singular values used in solution = 3


CURRENT VALUE OF MARQUARDT LAMBDA = 10.0000 --------->

FROZEN PARAMETERS-


SINGULAR VALUES IN SOLUTION:-
        73.2421        1.40073       0.398523
TRUNCATED SINGULAR VALUES:-


MATRIX OF EIGENVECTORS IN SOLUTION:-
       0.252034       0.924829       0.284905

      -0.922078       0.318852      -0.219329

       0.293685       0.207426      -0.933126


Number of singular values used in solution = 3


CURRENT VALUE OF MARQUARDT LAMBDA = 100.000 --------->

FROZEN PARAMETERS-


SINGULAR VALUES IN SOLUTION:-
        106.559        6.10254        1.45176
TRUNCATED SINGULAR VALUES:-


MATRIX OF EIGENVECTORS IN SOLUTION:-
       0.173971       0.965462       0.193951

      -0.839525       0.248355      -0.483237

       0.514716      0.0787573      -0.853736


Number of singular values used in solution = 3


CURRENT VALUE OF MARQUARDT LAMBDA = 100.000 --------->

FROZEN PARAMETERS-


SINGULAR VALUES IN SOLUTION:-
        106.559        6.10254        1.45176
TRUNCATED SINGULAR VALUES:-


MATRIX OF EIGENVECTORS IN SOLUTION:-
       0.173971       0.965462       0.193951

      -0.839525       0.248355      -0.483237

       0.514716      0.0787573      -0.853736


Number of singular values used in solution = 3


CURRENT VALUE OF MARQUARDT LAMBDA = 1000.00 --------->

FROZEN PARAMETERS-


SINGULAR VALUES IN SOLUTION:-
        470.213        28.6329        5.98322
TRUNCATED SINGULAR VALUES:-


MATRIX OF EIGENVECTORS IN SOLUTION:-
      0.0382024       0.998398      0.0417393

       0.976117     -0.0462242       0.212271

       0.213861      0.0326332      -0.976319


Number of singular values used in solution = 3


CURRENT VALUE OF MARQUARDT LAMBDA = 1000.00 --------->

FROZEN PARAMETERS-


SINGULAR VALUES IN SOLUTION:-
        470.213        28.6329        5.98322
TRUNCATED SINGULAR VALUES:-


MATRIX OF EIGENVECTORS IN SOLUTION:-
      0.0382024       0.998398      0.0417393

       0.976117     -0.0462242       0.212271

       0.213861      0.0326332      -0.976319


Number of singular values used in solution = 3


------------------------------------------------------------------------------
OPTIMISATION ITERATION NO.        : 6

CURRENT VALUE OF MARQUARDT LAMBDA = 0.000000 --------->

FROZEN PARAMETERS-


SINGULAR VALUES IN SOLUTION:-
        591.779        2.21852      0.0952838
TRUNCATED SINGULAR VALUES:-


MATRIX OF EIGENVECTORS IN SOLUTION:-
       0.561014       0.825843      0.0569836

       0.686665      -0.425811      -0.589217

      -0.462336       0.369688      -0.805963


Number of singular values used in solution = 3


CURRENT VALUE OF MARQUARDT LAMBDA = 0.100000 --------->

FROZEN PARAMETERS-


SINGULAR VALUES IN SOLUTION:-
        591.825        2.23914       0.107705
TRUNCATED SINGULAR VALUES:-


MATRIX OF EIGENVECTORS IN SOLUTION:-
       0.560990       0.825860      0.0569792

       0.690092      -0.428527      -0.583213

      -0.457235       0.366497      -0.810319


Number of singular values used in solution = 3


CURRENT VALUE OF MARQUARDT LAMBDA = 0.100000 --------->

FROZEN PARAMETERS-


SINGULAR VALUES IN SOLUTION:-
        591.825        2.23914       0.107705
TRUNCATED SINGULAR VALUES:-


MATRIX OF EIGENVECTORS IN SOLUTION:-
       0.560990       0.825860      0.0569792

       0.690092      -0.428527      -0.583213

      -0.457235       0.366497      -0.810319


Number of singular values used in solution = 3


CURRENT VALUE OF MARQUARDT LAMBDA = 1.00000 --------->

FROZEN PARAMETERS-


SINGULAR VALUES IN SOLUTION:-
        592.246        2.43476       0.209331
TRUNCATED SINGULAR VALUES:-


MATRIX OF EIGENVECTORS IN SOLUTION:-
       0.560767       0.826013      0.0569392

       0.718015      -0.450898      -0.530231

      -0.412304       0.338219      -0.845939


Number of singular values used in solution = 3


CURRENT VALUE OF MARQUARDT LAMBDA = 1.00000 --------->

FROZEN PARAMETERS-


SINGULAR VALUES IN SOLUTION:-
        592.246        2.43476       0.209331
TRUNCATED SINGULAR VALUES:-


MATRIX OF EIGENVECTORS IN SOLUTION:-
       0.560767       0.826013      0.0569392

       0.718015      -0.450898      -0.530231

      -0.412304       0.338219      -0.845939


Number of singular values used in solution = 3


CURRENT VALUE OF MARQUARDT LAMBDA = 10.0000 --------->

FROZEN PARAMETERS-


SINGULAR VALUES IN SOLUTION:-
        596.459        4.95704       0.654700
TRUNCATED SINGULAR VALUES:-


MATRIX OF EIGENVECTORS IN SOLUTION:-
       0.558546       0.827544      0.0565414

       0.816019      -0.535980      -0.216423

      -0.148795       0.167021      -0.974661


Number of singular values used in solution = 3


CURRENT VALUE OF MARQUARDT LAMBDA = 10.0000 --------->

FROZEN PARAMETERS-


SINGULAR VALUES IN SOLUTION:-
        596.459        4.95704       0.654700
TRUNCATED SINGULAR VALUES:-


MATRIX OF EIGENVECTORS IN SOLUTION:-
       0.558546       0.827544      0.0565414

       0.816019      -0.535980      -0.216423

      -0.148795       0.167021      -0.974661


Number of singular values used in solution = 3


CURRENT VALUE OF MARQUARDT LAMBDA = 100.000 --------->

FROZEN PARAMETERS-


SINGULAR VALUES IN SOLUTION:-
        639.055        33.7677        1.04821
TRUNCATED SINGULAR VALUES:-


MATRIX OF EIGENVECTORS IN SOLUTION:-
       0.536645       0.842155      0.0527918

       0.843350      -0.537364   -0.000679807

      0.0277959      0.0448868      -0.998605


Number of singular values used in solution = 3


CURRENT VALUE OF MARQUARDT LAMBDA = 100.000 --------->

FROZEN PARAMETERS-


SINGULAR VALUES IN SOLUTION:-
        639.055        33.7677        1.04821
TRUNCATED SINGULAR VALUES:-


MATRIX OF EIGENVECTORS IN SOLUTION:-
       0.536645       0.842155      0.0527918

       0.843350      -0.537364   -0.000679807

      0.0277959      0.0448868      -0.998605


Number of singular values used in solution = 3


CURRENT VALUE OF MARQUARDT LAMBDA = 1000.00 --------->

FROZEN PARAMETERS-


SINGULAR VALUES IN SOLUTION:-
        1100.80        288.744        2.33772
TRUNCATED SINGULAR VALUES:-


MATRIX OF EIGENVECTORS IN SOLUTION:-
       0.361704       0.931809      0.0300487

       0.931735      -0.362415      0.0229240

      0.0322509      0.0197057      -0.999286


Number of singular values used in solution = 3


CURRENT VALUE OF MARQUARDT LAMBDA = 1000.00 --------->

FROZEN PARAMETERS-


SINGULAR VALUES IN SOLUTION:-
        1100.80        288.744        2.33772
TRUNCATED SINGULAR VALUES:-


MATRIX OF EIGENVECTORS IN SOLUTION:-
       0.361704       0.931809      0.0300487

       0.931735      -0.362415      0.0229240

      0.0322509      0.0197057      -0.999286


Number of singular values used in solution = 3


