------------------------------------------------------------------------------
OPTIMISATION ITERATION NO.        : 1

CURRENT VALUE OF MARQUARDT LAMBDA = 0 --------->

FROZEN PARAMETERS-


SINGULAR VALUES IN SOLUTION:-
        2842.97        1.55894      0.0179395
TRUNCATED SINGULAR VALUES:-


MATRIX OF EIGENVECTORS IN SOLUTION:-
      -0.987159     -0.0937125      -0.129361

     -0.0752044       0.987119      -0.141208

       0.140927      -0.129666      -0.981492


Number of singular values used in solution = 3


CURRENT VALUE OF MARQUARDT LAMBDA = 0.100000 --------->

FROZEN PARAMETERS-


SINGULAR VALUES IN SOLUTION:-
        2843.05        1.57251      0.0197213
TRUNCATED SINGULAR VALUES:-


MATRIX OF EIGENVECTORS IN SOLUTION:-
      -0.987160     -0.0937105      -0.129357

     -0.0754334       0.987330      -0.139601

       0.140800      -0.128050      -0.981722


Number of singular values used in solution = 3


CURRENT VALUE OF MARQUARDT LAMBDA = 0.100000 --------->

FROZEN PARAMETERS-


SINGULAR VALUES IN SOLUTION:-
        2843.05        1.57251      0.0197213
TRUNCATED SINGULAR VALUES:-


MATRIX OF EIGENVECTORS IN SOLUTION:-
      -0.987160     -0.0937105      -0.129357

     -0.0754334       0.987330      -0.139601

       0.140800      -0.128050      -0.981722


Number of singular values used in solution = 3


CURRENT VALUE OF MARQUARDT LAMBDA = 1.00000 --------->

FROZEN PARAMETERS-


SINGULAR VALUES IN SOLUTION:-
        2843.73        1.69495      0.0354056
TRUNCATED SINGULAR VALUES:-


MATRIX OF EIGENVECTORS IN SOLUTION:-
      -0.987166     -0.0936921      -0.129326

     -0.0773380       0.988991      -0.126155

       0.139722      -0.114535      -0.983544


Number of singular values used in solution = 3


CURRENT VALUE OF MARQUARDT LAMBDA = 1.00000 --------->

FROZEN PARAMETERS-


SINGULAR VALUES IN SOLUTION:-
        2843.73        1.69495      0.0354056
TRUNCATED SINGULAR VALUES:-


MATRIX OF EIGENVECTORS IN SOLUTION:-
      -0.987166     -0.0936921      -0.129326

     -0.0773380       0.988991      -0.126155

       0.139722      -0.114535      -0.983544


Number of singular values used in solution = 3


CURRENT VALUE OF MARQUARDT LAMBDA = 10.0000 --------->

FROZEN PARAMETERS-


SINGULAR VALUES IN SOLUTION:-
        2850.53        2.93858       0.172611
TRUNCATED SINGULAR VALUES:-


MATRIX OF EIGENVECTORS IN SOLUTION:-
      -0.987224     -0.0935081      -0.129018

     -0.0876919       0.994889     -0.0500597

       0.133039     -0.0381063      -0.990378


Number of singular values used in solution = 3


CURRENT VALUE OF MARQUARDT LAMBDA = 10.0000 --------->

FROZEN PARAMETERS-


SINGULAR VALUES IN SOLUTION:-
        2850.53        2.93858       0.172611
TRUNCATED SINGULAR VALUES:-


MATRIX OF EIGENVECTORS IN SOLUTION:-
      -0.987224     -0.0935081      -0.129018

     -0.0876919       0.994889     -0.0500597

       0.133039     -0.0381063      -0.990378


Number of singular values used in solution = 3


CURRENT VALUE OF MARQUARDT LAMBDA = 100.000 --------->

FROZEN PARAMETERS-


SINGULAR VALUES IN SOLUTION:-
        2918.62        15.5755        1.30348
TRUNCATED SINGULAR VALUES:-


MATRIX OF EIGENVECTORS IN SOLUTION:-
      -0.987781     -0.0917051      -0.126008

     -0.0971709       0.994545      0.0379241

       0.121842      0.0497050      -0.991304


Number of singular values used in solution = 3


CURRENT VALUE OF MARQUARDT LAMBDA = 100.000 --------->

FROZEN PARAMETERS-


SINGULAR VALUES IN SOLUTION:-
        2918.62        15.5755        1.30348
TRUNCATED SINGULAR VALUES:-


MATRIX OF EIGENVECTORS IN SOLUTION:-
      -0.987781     -0.0917051      -0.126008

     -0.0971709       0.994545      0.0379241

       0.121842      0.0497050      -0.991304


Number of singular values used in solution = 3


CURRENT VALUE OF MARQUARDT LAMBDA = 1000.00 --------->

FROZEN PARAMETERS-


SINGULAR VALUES IN SOLUTION:-
        3602.78        141.156        10.1529
TRUNCATED SINGULAR VALUES:-


MATRIX OF EIGENVECTORS IN SOLUTION:-
      -0.991814     -0.0767743      -0.102032

     -0.0818799       0.995542      0.0468251

      0.0979822      0.0547961      -0.993678


Number of singular values used in solution = 3


CURRENT VALUE OF MARQUARDT LAMBDA = 1000.00 --------->

FROZEN PARAMETERS-


SINGULAR VALUES IN SOLUTION:-
        3602.78        141.156        10.1529
TRUNCATED SINGULAR VALUES:-


MATRIX OF EIGENVECTORS IN SOLUTION:-
      -0.991814     -0.0767743      -0.102032

     -0.0818799       0.995542      0.0468251

      0.0979822      0.0547961      -0.993678


Number of singular values used in solution = 3


------------------------------------------------------------------------------
OPTIMISATION ITERATION NO.        : 2

CURRENT VALUE OF MARQUARDT LAMBDA = 0.000000 --------->

FROZEN PARAMETERS-


SINGULAR VALUES IN SOLUTION:-
        159.084        23.9609       0.114428
TRUNCATED SINGULAR VALUES:-


MATRIX OF EIGENVECTORS IN SOLUTION:-
      -0.676429       0.724637       0.131699

      -0.382328      -0.192646      -0.903722

      -0.629499      -0.661656       0.407360


Number of singular values used in solution = 3


CURRENT VALUE OF MARQUARDT LAMBDA = 0.100000 --------->

FROZEN PARAMETERS-
HK2 = 50.0000


SINGULAR VALUES IN SOLUTION:-
        1.15900       0.868028
TRUNCATED SINGULAR VALUES:-


MATRIX OF EIGENVECTORS IN SOLUTION:-
       0.689896      -0.723908

       0.723908       0.689896


Number of singular values used in solution = 2


CURRENT VALUE OF MARQUARDT LAMBDA = 0.100000 --------->

FROZEN PARAMETERS-
HK2 = 50.0000


SINGULAR VALUES IN SOLUTION:-
        1.15900       0.868028
TRUNCATED SINGULAR VALUES:-


MATRIX OF EIGENVECTORS IN SOLUTION:-
       0.689896      -0.723908

       0.723908       0.689896


Number of singular values used in solution = 2


CURRENT VALUE OF MARQUARDT LAMBDA = 1.00000 --------->

FROZEN PARAMETERS-
HK2 = 50.0000


SINGULAR VALUES IN SOLUTION:-
        1.15962       0.868601
TRUNCATED SINGULAR VALUES:-


MATRIX OF EIGENVECTORS IN SOLUTION:-
       0.688523      -0.725215

       0.725215       0.688523


Number of singular values used in solution = 2


CURRENT VALUE OF MARQUARDT LAMBDA = 1.00000 --------->

FROZEN PARAMETERS-
HK2 = 50.0000


SINGULAR VALUES IN SOLUTION:-
        1.15962       0.868601
TRUNCATED SINGULAR VALUES:-


MATRIX OF EIGENVECTORS IN SOLUTION:-
       0.688523      -0.725215

       0.725215       0.688523


Number of singular values used in solution = 2


CURRENT VALUE OF MARQUARDT LAMBDA = 10.0000 --------->

FROZEN PARAMETERS-
HK2 = 50.0000


SINGULAR VALUES IN SOLUTION:-
        1.16602       0.874215
TRUNCATED SINGULAR VALUES:-


MATRIX OF EIGENVECTORS IN SOLUTION:-
       0.674688      -0.738103

       0.738103       0.674688


Number of singular values used in solution = 2


CURRENT VALUE OF MARQUARDT LAMBDA = 10.0000 --------->

FROZEN PARAMETERS-
HK2 = 50.0000


SINGULAR VALUES IN SOLUTION:-
        1.16602       0.874215
TRUNCATED SINGULAR VALUES:-


MATRIX OF EIGENVECTORS IN SOLUTION:-
       0.674688      -0.738103

       0.738103       0.674688


Number of singular values used in solution = 2


CURRENT VALUE OF MARQUARDT LAMBDA = 100.000 --------->

FROZEN PARAMETERS-
HK2 = 50.0000


SINGULAR VALUES IN SOLUTION:-
        1.24073       0.919597
TRUNCATED SINGULAR VALUES:-


MATRIX OF EIGENVECTORS IN SOLUTION:-
       0.536003      -0.844216

       0.844216       0.536003


Number of singular values used in solution = 2


CURRENT VALUE OF MARQUARDT LAMBDA = 100.000 --------->

FROZEN PARAMETERS-
HK2 = 50.0000


SINGULAR VALUES IN SOLUTION:-
        1.24073       0.919597
TRUNCATED SINGULAR VALUES:-


MATRIX OF EIGENVECTORS IN SOLUTION:-
       0.536003      -0.844216

       0.844216       0.536003


Number of singular values used in solution = 2


CURRENT VALUE OF MARQUARDT LAMBDA = 1000.00 --------->

FROZEN PARAMETERS-
HK2 = 50.0000


SINGULAR VALUES IN SOLUTION:-
        2.31808        1.04321
TRUNCATED SINGULAR VALUES:-


MATRIX OF EIGENVECTORS IN SOLUTION:-
       0.114742      -0.993395

       0.993395       0.114742


Number of singular values used in solution = 2


CURRENT VALUE OF MARQUARDT LAMBDA = 1000.00 --------->

FROZEN PARAMETERS-
HK2 = 50.0000


SINGULAR VALUES IN SOLUTION:-
        2.31808        1.04321
TRUNCATED SINGULAR VALUES:-


MATRIX OF EIGENVECTORS IN SOLUTION:-
       0.114742      -0.993395

       0.993395       0.114742


Number of singular values used in solution = 2


------------------------------------------------------------------------------
OPTIMISATION ITERATION NO.        : 3

CURRENT VALUE OF MARQUARDT LAMBDA = 0.000000 --------->

FROZEN PARAMETERS-


SINGULAR VALUES IN SOLUTION:-
        86.9498        7.74514       0.107182
TRUNCATED SINGULAR VALUES:-


MATRIX OF EIGENVECTORS IN SOLUTION:-
      -0.574542       0.815752      0.0667064

      -0.656122      -0.410321      -0.633356

      -0.489291      -0.407657       0.770980


Number of singular values used in solution = 3


CURRENT VALUE OF MARQUARDT LAMBDA = 0.100000 --------->

FROZEN PARAMETERS-


SINGULAR VALUES IN SOLUTION:-
        86.9570        7.74835       0.109693
TRUNCATED SINGULAR VALUES:-


MATRIX OF EIGENVECTORS IN SOLUTION:-
      -0.574518       0.815769      0.0667021

      -0.656300      -0.410444      -0.633092

      -0.489080      -0.407500       0.771197


Number of singular values used in solution = 3


CURRENT VALUE OF MARQUARDT LAMBDA = 0.100000 --------->

FROZEN PARAMETERS-


SINGULAR VALUES IN SOLUTION:-
        86.9570        7.74835       0.109693
TRUNCATED SINGULAR VALUES:-


MATRIX OF EIGENVECTORS IN SOLUTION:-
      -0.574518       0.815769      0.0667021

      -0.656300      -0.410444      -0.633092

      -0.489080      -0.407500       0.771197


Number of singular values used in solution = 3


CURRENT VALUE OF MARQUARDT LAMBDA = 1.00000 --------->

FROZEN PARAMETERS-


SINGULAR VALUES IN SOLUTION:-
        87.0216        7.77736       0.132204
TRUNCATED SINGULAR VALUES:-


MATRIX OF EIGENVECTORS IN SOLUTION:-
      -0.574306       0.815922      0.0666638

      -0.657899      -0.411546      -0.630713

      -0.487178      -0.406080       0.773147


Number of singular values used in solution = 3


CURRENT VALUE OF MARQUARDT LAMBDA = 1.00000 --------->

FROZEN PARAMETERS-


SINGULAR VALUES IN SOLUTION:-
        87.0216        7.77736       0.132204
TRUNCATED SINGULAR VALUES:-


MATRIX OF EIGENVECTORS IN SOLUTION:-
      -0.574306       0.815922      0.0666638

      -0.657899      -0.411546      -0.630713

      -0.487178      -0.406080       0.773147


Number of singular values used in solution = 3


CURRENT VALUE OF MARQUARDT LAMBDA = 10.0000 --------->

FROZEN PARAMETERS-


SINGULAR VALUES IN SOLUTION:-
        87.6688        8.07496       0.349150
TRUNCATED SINGULAR VALUES:-


MATRIX OF EIGENVECTORS IN SOLUTION:-
      -0.572181       0.817444      0.0662832

      -0.673404      -0.422148      -0.606892

      -0.468119      -0.391888       0.792015


Number of singular values used in solution = 3


CURRENT VALUE OF MARQUARDT LAMBDA = 10.0000 --------->

FROZEN PARAMETERS-
HK2 = 50.0000


SINGULAR VALUES IN SOLUTION:-
        1.02374       0.994232
TRUNCATED SINGULAR VALUES:-


MATRIX OF EIGENVECTORS IN SOLUTION:-
       0.775467      -0.631388

      -0.631388      -0.775467


Number of singular values used in solution = 2


CURRENT VALUE OF MARQUARDT LAMBDA = 100.000 --------->

FROZEN PARAMETERS-


SINGULAR VALUES IN SOLUTION:-
        94.2035        11.6555        1.85127
TRUNCATED SINGULAR VALUES:-


MATRIX OF EIGENVECTORS IN SOLUTION:-
      -0.551158       0.832043      0.0626787

      -0.778379      -0.485640      -0.397843

       0.300584       0.268063      -0.915310


Number of singular values used in solution = 3


CURRENT VALUE OF MARQUARDT LAMBDA = 100.000 --------->

FROZEN PARAMETERS-
HK2 = 50.0000


SINGULAR VALUES IN SOLUTION:-
        1.12153        1.05540
TRUNCATED SINGULAR VALUES:-


MATRIX OF EIGENVECTORS IN SOLUTION:-
       0.974550      -0.224170

      -0.224170      -0.974550


Number of singular values used in solution = 2


CURRENT VALUE OF MARQUARDT LAMBDA = 1000.00 --------->

FROZEN PARAMETERS-


SINGULAR VALUES IN SOLUTION:-
        164.430        54.1780        5.27597
TRUNCATED SINGULAR VALUES:-


MATRIX OF EIGENVECTORS IN SOLUTION:-
      -0.378178       0.924892      0.0394544

       0.925229       0.376223      0.0490750

      0.0305454      0.0550634      -0.998016


Number of singular values used in solution = 3


CURRENT VALUE OF MARQUARDT LAMBDA = 1000.00 --------->

FROZEN PARAMETERS-
HK2 = 50.0000


SINGULAR VALUES IN SOLUTION:-
        2.18090        1.58567
TRUNCATED SINGULAR VALUES:-


MATRIX OF EIGENVECTORS IN SOLUTION:-
       0.999705     -0.0242793

     -0.0242793      -0.999705


Number of singular values used in solution = 2


------------------------------------------------------------------------------
OPTIMISATION ITERATION NO.        : 4

CURRENT VALUE OF MARQUARDT LAMBDA = 0.000000 --------->

FROZEN PARAMETERS-


SINGULAR VALUES IN SOLUTION:-
        33.3699        9.74216      0.0696961
TRUNCATED SINGULAR VALUES:-


MATRIX OF EIGENVECTORS IN SOLUTION:-
      -0.518914      -0.707475      -0.479799

      -0.743592       0.650447      -0.154886

      -0.421662      -0.276402       0.863599


Number of singular values used in solution = 3


CURRENT VALUE OF MARQUARDT LAMBDA = 0.100000 --------->

FROZEN PARAMETERS-


SINGULAR VALUES IN SOLUTION:-
        33.3814        9.75241      0.0717589
TRUNCATED SINGULAR VALUES:-


MATRIX OF EIGENVECTORS IN SOLUTION:-
      -0.518678      -0.707771      -0.479617

      -0.743651       0.650263      -0.155378

      -0.421850      -0.276077       0.863611


Number of singular values used in solution = 3


CURRENT VALUE OF MARQUARDT LAMBDA = 0.100000 --------->

FROZEN PARAMETERS-


SINGULAR VALUES IN SOLUTION:-
        33.3814        9.75241      0.0717589
TRUNCATED SINGULAR VALUES:-


MATRIX OF EIGENVECTORS IN SOLUTION:-
      -0.518678      -0.707771      -0.479617

      -0.743651       0.650263      -0.155378

      -0.421850      -0.276077       0.863611


Number of singular values used in solution = 3


CURRENT VALUE OF MARQUARDT LAMBDA = 1.00000 --------->

FROZEN PARAMETERS-


SINGULAR VALUES IN SOLUTION:-
        33.4850        9.84449      0.0901614
TRUNCATED SINGULAR VALUES:-


MATRIX OF EIGENVECTORS IN SOLUTION:-
      -0.516547      -0.710433      -0.477979

      -0.744188       0.648582      -0.159769

      -0.423514      -0.273178       0.863719


Number of singular values used in solution = 3


CURRENT VALUE OF MARQUARDT LAMBDA = 1.00000 --------->

FROZEN PARAMETERS-


SINGULAR VALUES IN SOLUTION:-
        33.4850        9.84449      0.0901614
TRUNCATED SINGULAR VALUES:-


MATRIX OF EIGENVECTORS IN SOLUTION:-
      -0.516547      -0.710433      -0.477979

      -0.744188       0.648582      -0.159769

      -0.423514      -0.273178       0.863719


Number of singular values used in solution = 3


CURRENT VALUE OF MARQUARDT LAMBDA = 10.0000 --------->

FROZEN PARAMETERS-


SINGULAR VALUES IN SOLUTION:-
        34.5598        10.7409       0.259767
TRUNCATED SINGULAR VALUES:-


MATRIX OF EIGENVECTORS IN SOLUTION:-
      -0.494907      -0.736420      -0.461251

      -0.750516       0.629790      -0.200226

      -0.437941      -0.247083       0.864383


Number of singular values used in solution = 3


CURRENT VALUE OF MARQUARDT LAMBDA = 10.0000 --------->

FROZEN PARAMETERS-


SINGULAR VALUES IN SOLUTION:-
        34.5598        10.7409       0.259767
TRUNCATED SINGULAR VALUES:-


MATRIX OF EIGENVECTORS IN SOLUTION:-
      -0.494907      -0.736420      -0.461251

      -0.750516       0.629790      -0.200226

      -0.437941      -0.247083       0.864383


Number of singular values used in solution = 3


CURRENT VALUE OF MARQUARDT LAMBDA = 100.000 --------->

FROZEN PARAMETERS-


SINGULAR VALUES IN SOLUTION:-
        48.6176        17.0512        1.29966
TRUNCATED SINGULAR VALUES:-


MATRIX OF EIGENVECTORS IN SOLUTION:-
       0.297854       0.906276       0.299912

      -0.823709       0.402786      -0.399083

       0.482480       0.128172      -0.866479


Number of singular values used in solution = 3


CURRENT VALUE OF MARQUARDT LAMBDA = 100.000 --------->

FROZEN PARAMETERS-


SINGULAR VALUES IN SOLUTION:-
        48.6176        17.0512        1.29966
TRUNCATED SINGULAR VALUES:-


MATRIX OF EIGENVECTORS IN SOLUTION:-
       0.297854       0.906276       0.299912

      -0.823709       0.402786      -0.399083

       0.482480       0.128172      -0.866479


Number of singular values used in solution = 3


CURRENT VALUE OF MARQUARDT LAMBDA = 1000.00 --------->

FROZEN PARAMETERS-


SINGULAR VALUES IN SOLUTION:-
        240.492        35.1541        5.40260
TRUNCATED SINGULAR VALUES:-


MATRIX OF EIGENVECTORS IN SOLUTION:-
      0.0382823       0.998204      0.0460823

       0.946267     -0.0510326       0.319335

       0.321113      0.0313813      -0.946521


Number of singular values used in solution = 3


CURRENT VALUE OF MARQUARDT LAMBDA = 1000.00 --------->

FROZEN PARAMETERS-


SINGULAR VALUES IN SOLUTION:-
        240.492        35.1541        5.40260
TRUNCATED SINGULAR VALUES:-


MATRIX OF EIGENVECTORS IN SOLUTION:-
      0.0382823       0.998204      0.0460823

       0.946267     -0.0510326       0.319335

       0.321113      0.0313813      -0.946521


Number of singular values used in solution = 3


------------------------------------------------------------------------------
OPTIMISATION ITERATION NO.        : 5

CURRENT VALUE OF MARQUARDT LAMBDA = 0.000000 --------->

FROZEN PARAMETERS-


SINGULAR VALUES IN SOLUTION:-
        346.242        3.78829      0.0579732
TRUNCATED SINGULAR VALUES:-


MATRIX OF EIGENVECTORS IN SOLUTION:-
       0.139845       0.935482       0.324525

      -0.916230       0.246530      -0.315827

      -0.375455      -0.253172       0.891592


Number of singular values used in solution = 3


CURRENT VALUE OF MARQUARDT LAMBDA = 0.100000 --------->

FROZEN PARAMETERS-


SINGULAR VALUES IN SOLUTION:-
        346.316        3.79672      0.0642455
TRUNCATED SINGULAR VALUES:-


MATRIX OF EIGENVECTORS IN SOLUTION:-
       0.139817       0.935511       0.324456

      -0.915830       0.246752      -0.316811

      -0.376440      -0.252851       0.891269


Number of singular values used in solution = 3


CURRENT VALUE OF MARQUARDT LAMBDA = 0.100000 --------->

FROZEN PARAMETERS-


SINGULAR VALUES IN SOLUTION:-
        346.316        3.79672      0.0642455
TRUNCATED SINGULAR VALUES:-


MATRIX OF EIGENVECTORS IN SOLUTION:-
       0.139817       0.935511       0.324456

      -0.915830       0.246752      -0.316811

      -0.376440      -0.252851       0.891269


Number of singular values used in solution = 3


CURRENT VALUE OF MARQUARDT LAMBDA = 1.00000 --------->

FROZEN PARAMETERS-


SINGULAR VALUES IN SOLUTION:-
        346.981        3.87286       0.120201
TRUNCATED SINGULAR VALUES:-


MATRIX OF EIGENVECTORS IN SOLUTION:-
       0.139557       0.935764       0.323835

      -0.912218       0.248716      -0.325575

      -0.385204      -0.249971       0.888331


Number of singular values used in solution = 3


CURRENT VALUE OF MARQUARDT LAMBDA = 1.00000 --------->

FROZEN PARAMETERS-


SINGULAR VALUES IN SOLUTION:-
        346.981        3.87286       0.120201
TRUNCATED SINGULAR VALUES:-


MATRIX OF EIGENVECTORS IN SOLUTION:-
       0.139557       0.935764       0.323835

      -0.912218       0.248716      -0.325575

      -0.385204      -0.249971       0.888331


Number of singular values used in solution = 3


CURRENT VALUE OF MARQUARDT LAMBDA = 10.0000 --------->

FROZEN PARAMETERS-


SINGULAR VALUES IN SOLUTION:-
        353.657        4.65930       0.635443
TRUNCATED SINGULAR VALUES:-


MATRIX OF EIGENVECTORS IN SOLUTION:-
       0.137006       0.938231       0.317728

      -0.875703       0.264643      -0.403867

      -0.463006      -0.222903       0.857870


Number of singular values used in solution = 3


CURRENT VALUE OF MARQUARDT LAMBDA = 10.0000 --------->

FROZEN PARAMETERS-


SINGULAR VALUES IN SOLUTION:-
        353.657        4.65930       0.635443
TRUNCATED SINGULAR VALUES:-


MATRIX OF EIGENVECTORS IN SOLUTION:-
       0.137006       0.938231       0.317728

      -0.875703       0.264643      -0.403867

      -0.463006      -0.222903       0.857870


Number of singular values used in solution = 3


CURRENT VALUE OF MARQUARDT LAMBDA = 100.000 --------->

FROZEN PARAMETERS-


SINGULAR VALUES IN SOLUTION:-
        422.037        12.6602        4.02813
TRUNCATED SINGULAR VALUES:-


MATRIX OF EIGENVECTORS IN SOLUTION:-
       0.115148       0.957138       0.265758

      -0.703187       0.267508      -0.658762

      -0.701619      -0.111022       0.703850


Number of singular values used in solution = 3


CURRENT VALUE OF MARQUARDT LAMBDA = 100.000 --------->

FROZEN PARAMETERS-


SINGULAR VALUES IN SOLUTION:-
        422.037        12.6602        4.02813
TRUNCATED SINGULAR VALUES:-


MATRIX OF EIGENVECTORS IN SOLUTION:-
       0.115148       0.957138       0.265758

      -0.703187       0.267508      -0.658762

      -0.701619      -0.111022       0.703850


Number of singular values used in solution = 3


CURRENT VALUE OF MARQUARDT LAMBDA = 1000.00 --------->

FROZEN PARAMETERS-


SINGULAR VALUES IN SOLUTION:-
        1158.48        53.8031        24.1805
TRUNCATED SINGULAR VALUES:-


MATRIX OF EIGENVECTORS IN SOLUTION:-
      0.0412612       0.994725      0.0939114

      -0.874229      0.0814504      -0.478633

       0.483757      0.0623511      -0.872978


Number of singular values used in solution = 3


CURRENT VALUE OF MARQUARDT LAMBDA = 1000.00 --------->

FROZEN PARAMETERS-


SINGULAR VALUES IN SOLUTION:-
        1158.48        53.8031        24.1805
TRUNCATED SINGULAR VALUES:-


MATRIX OF EIGENVECTORS IN SOLUTION:-
      0.0412612       0.994725      0.0939114

      -0.874229      0.0814504      -0.478633

       0.483757      0.0623511      -0.872978


Number of singular values used in solution = 3


------------------------------------------------------------------------------
OPTIMISATION ITERATION NO.        : 6

CURRENT VALUE OF MARQUARDT LAMBDA = 0.000000 --------->

FROZEN PARAMETERS-


SINGULAR VALUES IN SOLUTION:-
        517.102        1.36876      0.0686525
TRUNCATED SINGULAR VALUES:-


MATRIX OF EIGENVECTORS IN SOLUTION:-
       0.145428       0.943960       0.296293

       0.973817      -0.189462       0.125635

       0.174731       0.270265      -0.946798


Number of singular values used in solution = 3


CURRENT VALUE OF MARQUARDT LAMBDA = 0.100000 --------->

FROZEN PARAMETERS-


SINGULAR VALUES IN SOLUTION:-
        517.161        1.38794      0.0742895
TRUNCATED SINGULAR VALUES:-


MATRIX OF EIGENVECTORS IN SOLUTION:-
       0.145416       0.943973       0.296260

       0.973771      -0.189521       0.125906

       0.174999       0.270180      -0.946772


Number of singular values used in solution = 3


CURRENT VALUE OF MARQUARDT LAMBDA = 0.100000 --------->

FROZEN PARAMETERS-


SINGULAR VALUES IN SOLUTION:-
        517.161        1.38794      0.0742895
TRUNCATED SINGULAR VALUES:-


MATRIX OF EIGENVECTORS IN SOLUTION:-
       0.145416       0.943973       0.296260

       0.973771      -0.189521       0.125906

       0.174999       0.270180      -0.946772


Number of singular values used in solution = 3


CURRENT VALUE OF MARQUARDT LAMBDA = 1.00000 --------->

FROZEN PARAMETERS-


SINGULAR VALUES IN SOLUTION:-
        517.689        1.56055       0.124963
TRUNCATED SINGULAR VALUES:-


MATRIX OF EIGENVECTORS IN SOLUTION:-
       0.145312       0.944083       0.295959

       0.973394      -0.189982       0.128101

       0.177165       0.269471      -0.946572


Number of singular values used in solution = 3


CURRENT VALUE OF MARQUARDT LAMBDA = 1.00000 --------->

FROZEN PARAMETERS-


SINGULAR VALUES IN SOLUTION:-
        517.689        1.56055       0.124963
TRUNCATED SINGULAR VALUES:-


MATRIX OF EIGENVECTORS IN SOLUTION:-
       0.145312       0.944083       0.295959

       0.973394      -0.189982       0.128101

       0.177165       0.269471      -0.946572


Number of singular values used in solution = 3


CURRENT VALUE OF MARQUARDT LAMBDA = 10.0000 --------->

FROZEN PARAMETERS-


SINGULAR VALUES IN SOLUTION:-
        522.972        3.28554       0.626435
TRUNCATED SINGULAR VALUES:-


MATRIX OF EIGENVECTORS IN SOLUTION:-
       0.144280       0.945168       0.292985

      -0.971771       0.191190      -0.138233

       0.186669       0.264770      -0.946072


Number of singular values used in solution = 3


CURRENT VALUE OF MARQUARDT LAMBDA = 10.0000 --------->

FROZEN PARAMETERS-


SINGULAR VALUES IN SOLUTION:-
        522.972        3.28554       0.626435
TRUNCATED SINGULAR VALUES:-


MATRIX OF EIGENVECTORS IN SOLUTION:-
       0.144280       0.945168       0.292985

      -0.971771       0.191190      -0.138233

       0.186669       0.264770      -0.946072


Number of singular values used in solution = 3


CURRENT VALUE OF MARQUARDT LAMBDA = 100.000 --------->

FROZEN PARAMETERS-


SINGULAR VALUES IN SOLUTION:-
        576.389        20.3978        5.19797
TRUNCATED SINGULAR VALUES:-


MATRIX OF EIGENVECTORS IN SOLUTION:-
       0.134497       0.954594       0.265820

      -0.975075       0.175268      -0.136053

       0.176465       0.240896      -0.954374


Number of singular values used in solution = 3


CURRENT VALUE OF MARQUARDT LAMBDA = 100.000 --------->

FROZEN PARAMETERS-


SINGULAR VALUES IN SOLUTION:-
        576.389        20.3978        5.19797
TRUNCATED SINGULAR VALUES:-


MATRIX OF EIGENVECTORS IN SOLUTION:-
       0.134497       0.954594       0.265820

      -0.975075       0.175268      -0.136053

       0.176465       0.240896      -0.954374


Number of singular values used in solution = 3


CURRENT VALUE OF MARQUARDT LAMBDA = 1000.00 --------->

FROZEN PARAMETERS-


SINGULAR VALUES IN SOLUTION:-
        1139.12        185.131        28.7449
TRUNCATED SINGULAR VALUES:-


MATRIX OF EIGENVECTORS IN SOLUTION:-
      0.0767603       0.988186       0.132649

       0.993647     -0.0868004      0.0716356

      0.0823033       0.126308      -0.988571


Number of singular values used in solution = 3


CURRENT VALUE OF MARQUARDT LAMBDA = 1000.00 --------->

FROZEN PARAMETERS-


SINGULAR VALUES IN SOLUTION:-
        1139.12        185.131        28.7449
TRUNCATED SINGULAR VALUES:-


MATRIX OF EIGENVECTORS IN SOLUTION:-
      0.0767603       0.988186       0.132649

       0.993647     -0.0868004      0.0716356

      0.0823033       0.126308      -0.988571


Number of singular values used in solution = 3


------------------------------------------------------------------------------
OPTIMISATION ITERATION NO.        : 7

CURRENT VALUE OF MARQUARDT LAMBDA = 0.000000 --------->

FROZEN PARAMETERS-


SINGULAR VALUES IN SOLUTION:-
        173.131        2.09580      0.0835466
TRUNCATED SINGULAR VALUES:-


MATRIX OF EIGENVECTORS IN SOLUTION:-
     -0.0690706       0.943234       0.324867

      -0.962121      0.0231053      -0.271643

      -0.263729      -0.331324       0.905909


Number of singular values used in solution = 3


CURRENT VALUE OF MARQUARDT LAMBDA = 0.100000 --------->

FROZEN PARAMETERS-


SINGULAR VALUES IN SOLUTION:-
        173.155        2.11871      0.0883627
TRUNCATED SINGULAR VALUES:-


MATRIX OF EIGENVECTORS IN SOLUTION:-
     -0.0690712       0.943249       0.324824

      -0.962894      0.0221148      -0.268971

      -0.260890      -0.331349       0.906722


Number of singular values used in solution = 3


CURRENT VALUE OF MARQUARDT LAMBDA = 0.100000 --------->

FROZEN PARAMETERS-


SINGULAR VALUES IN SOLUTION:-
        173.155        2.11871      0.0883627
TRUNCATED SINGULAR VALUES:-


MATRIX OF EIGENVECTORS IN SOLUTION:-
     -0.0690712       0.943249       0.324824

      -0.962894      0.0221148      -0.268971

      -0.260890      -0.331349       0.906722


Number of singular values used in solution = 3


CURRENT VALUE OF MARQUARDT LAMBDA = 1.00000 --------->

FROZEN PARAMETERS-


SINGULAR VALUES IN SOLUTION:-
        173.367        2.32638       0.130215
TRUNCATED SINGULAR VALUES:-


MATRIX OF EIGENVECTORS IN SOLUTION:-
     -0.0690766       0.943384       0.324431

      -0.968958      0.0139366      -0.246832

      -0.237379      -0.331410       0.913137


Number of singular values used in solution = 3


CURRENT VALUE OF MARQUARDT LAMBDA = 1.00000 --------->

FROZEN PARAMETERS-


SINGULAR VALUES IN SOLUTION:-
        173.367        2.32638       0.130215
TRUNCATED SINGULAR VALUES:-


MATRIX OF EIGENVECTORS IN SOLUTION:-
     -0.0690766       0.943384       0.324431

      -0.968958      0.0139366      -0.246832

      -0.237379      -0.331410       0.913137


Number of singular values used in solution = 3


CURRENT VALUE OF MARQUARDT LAMBDA = 10.0000 --------->

FROZEN PARAMETERS-


SINGULAR VALUES IN SOLUTION:-
        175.490        4.47716       0.471421
TRUNCATED SINGULAR VALUES:-


MATRIX OF EIGENVECTORS IN SOLUTION:-
     -0.0691283       0.944708       0.320543

      -0.990951     -0.0279705      -0.131274

       0.115050       0.326717      -0.938094


Number of singular values used in solution = 3


CURRENT VALUE OF MARQUARDT LAMBDA = 10.0000 --------->

FROZEN PARAMETERS-


SINGULAR VALUES IN SOLUTION:-
        175.490        4.47716       0.471421
TRUNCATED SINGULAR VALUES:-


MATRIX OF EIGENVECTORS IN SOLUTION:-
     -0.0691283       0.944708       0.320543

      -0.990951     -0.0279705      -0.131274

       0.115050       0.326717      -0.938094


Number of singular values used in solution = 3


CURRENT VALUE OF MARQUARDT LAMBDA = 100.000 --------->

FROZEN PARAMETERS-


SINGULAR VALUES IN SOLUTION:-
        197.010        26.6453        2.93313
TRUNCATED SINGULAR VALUES:-


MATRIX OF EIGENVECTORS IN SOLUTION:-
     -0.0694664       0.955827       0.285605

       0.997584      0.0662685      0.0208588

     0.00101083       0.286364      -0.958120


Number of singular values used in solution = 3


CURRENT VALUE OF MARQUARDT LAMBDA = 100.000 --------->

FROZEN PARAMETERS-


SINGULAR VALUES IN SOLUTION:-
        197.010        26.6453        2.93313
TRUNCATED SINGULAR VALUES:-


MATRIX OF EIGENVECTORS IN SOLUTION:-
     -0.0694664       0.955827       0.285605

       0.997584      0.0662685      0.0208588

     0.00101083       0.286364      -0.958120


Number of singular values used in solution = 3


CURRENT VALUE OF MARQUARDT LAMBDA = 1000.00 --------->

FROZEN PARAMETERS-


SINGULAR VALUES IN SOLUTION:-
        424.834        248.965        14.2937
TRUNCATED SINGULAR VALUES:-


MATRIX OF EIGENVECTORS IN SOLUTION:-
     -0.0664444       0.989219       0.130505

       0.997759      0.0669037    0.000866412

    -0.00787423       0.130271      -0.991447


Number of singular values used in solution = 3


CURRENT VALUE OF MARQUARDT LAMBDA = 1000.00 --------->

FROZEN PARAMETERS-


SINGULAR VALUES IN SOLUTION:-
        424.834        248.965        14.2937
TRUNCATED SINGULAR VALUES:-


MATRIX OF EIGENVECTORS IN SOLUTION:-
     -0.0664444       0.989219       0.130505

       0.997759      0.0669037    0.000866412

    -0.00787423       0.130271      -0.991447


Number of singular values used in solution = 3


